0 326.197693 244.893494 31.220764 27.510742
0 191.693985 60.671898 25.038696 24.356503
0 215.307007 120.096077 30.430786 29.3517
0 162.227692 531.934143 23.132965 21.953125
0 66.52195 452.072113 23.889511 22.930542
0 615.211426 192.022232 25.978394 23.937561
0 112.554657 521.503418 17.854263 17.767578
0 544.262573 466.07666 99.343018 96.124878
0 163.381714 220.590637 19.398376 17.319702
0 191.089478 299.162109 39.457947 32.783447
0 577.932739 30.872673 120.19397 61.745346
0 144.929153 409.896881 130.329803 111.514587
0 154.83725 285.766693 34.265991 33.184387
0 455.591125 174.984344 20.984253 19.298401
0 82.726357 156.636475 17.499649 16.197052
0 539.100342 72.337807 71.743652 57.677185
0 111.021286 439.81012 38.83712 37.568726
0 212.740417 263.215302 59.098877 50.132568
0 598.673828 371.706879 37.251099 34.087646
0 196.763474 478.046753 66.342743 60.528931
0 342.920044 33.187904 29.15918 23.657265
0 496.170776 562.205566 156.934113 137.644165
0 343.586823 430.474884 19.47168 16.872009
0 559.508545 360.305695 31.154175 27.554016
0 95.748352 304.737885 82.602509 77.041443
0 260.251099 219.794739 25.052673 19.659424
0 45.422688 606.410461 20.343918 19.566162
0 398.292511 593.257324 18.454712 17.189331
0 287.04068 242.432495 54.213013 48.260788
0 455.000122 579.037964 66.593079 70.517578
