0 74.587769 285.66803 149.175537 148.255493
0 323.385956 558.106506 42.553833 39.916992
0 98.962135 555.551025 30.93013 28.140137
0 175.197144 324.356537 34.507751 32.495361
0 405.269714 479.50412 57.828064 55.358704
0 216.954514 158.457489 36.930511 34.717682
0 481.074982 565.004089 36.610474 35.052002
0 510.118408 137.838516 28.070282 25.566002
0 221.74263 117.989639 45.948883 44.419098
0 235.120316 215.024963 24.619629 22.523773
0 607.943787 160.541626 39.943604 36.52359
0 250.419693 620.967041 65.017181 38.065857
0 276.135712 25.323595 71.94249 50.64719
0 405.466522 40.897202 28.174133 26.00769
0 619.506897 417.937439 22.130493 21.70636
0 629.566956 39.015884 20.866089 23.716988
0 184.065826 89.89782 20.584534 19.59938
0 613.58197 320.896332 16.235474 16.188965
0 453.417847 240.427872 17.778687 17.470581
0 183.98555 529.36615 22.568268 22.277466
0 331.098022 77.444855 23.891846 23.270386
0 279.603119 311.299347 97.241837 85.697144
0 225.41362 326.811035 20.138062 18.229553
0 152.296371 585.786621 34.531708 32.209595
0 214.789871 359.448395 57.930237 50.621704
0 519.99231 529.530151 35.716309 33.530396
0 171.419144 147.929581 84.731689 76.4412
0 216.106293 386.20575 45.119385 41.140015
0 386.692444 534.548706 37.993774 36.058838
0 166.910385 482.656921 87.09436 73.536652
0 532.35498 245.795776 21.147217 19.21756
0 103.80278 151.852768 46.094131 37.689636
0 582.333008 48.765373 23.467041 21.134995
0 153.604095 429.152313 27.036102 24.538147
0 346.062408 98.96019 19.454285 17.377777
0 309.497009 42.492325 43.403625 38.665054
0 53.374634 171.708817 32.184605 30.451691
0 151.632385 52.009613 162.463806 104.019226
0 384.55368 599.259277 27.936768 25.415283
0 358.15329 580.546509 19.000671 18.162598
0 581.897156 116.849083 20.145142 18.597061
0 35.03508 394.215332 70.07016 102.656494
0 185.622253 201.842606 115.936584 116.410919
0 450.294434 371.697632 21.636169 19.521362
0 470.972382 438.871094 37.877563 37.903992
0 12.823423 220.666275 25.646847 36.4039
0 197.277191 221.650116 18.546661 16.188751
0 356.712677 18.170574 71.050598 36.247414
0 5.310386 448.107422 10.252619 39.052246
0 158.228256 26.774952 136.901581 53.330872
0 6.680388 137.270844 13.360777 37.802765
0 56.388885 635.598877 14.938629 8.125
