0 414.081909 522.589844 34.826416 34.272339
0 586.306091 390.200226 26.985107 25.396118
0 337.498901 327.332336 36.212036 35.279236
0 203.224869 319.300385 38.120911 32.835266
0 577.566101 231.189728 36.901123 34.464905
0 396.180328 154.543182 24.759583 23.546326
0 271.145996 221.647369 31.550415 29.708405
0 415.457611 314.658234 25.953247 26.192749
0 96.26561 421.317352 24.280029 22.896362
0 392.230316 537.286865 20.342163 19.838013
0 565.474121 44.269722 108.937622 87.565231
0 610.444702 296.222778 19.686523 17.37323
0 501.825836 388.930756 18.675476 17.608704
0 406.355072 59.159142 23.409485 21.30452
0 619.50061 479.373749 22.792969 23.387878
0 452.957581 204.678787 20.697083 18.870544
0 243.454498 418.7771 27.344162 25.623779
0 570.123718 251.593597 19.440063 18.828598
0 473.3591 551.838623 25.364502 25.275269
0 487.583557 362.231995 20.260376 20.343262
0 496.261658 538.363037 24.868958 22.973389
0 398.734741 368.052246 20.039185 20.090637
0 373.263855 178.26268 20.26355 17.945435
0 599.449646 477.685303 17.22876 17.380798
0 624.674072 589.885498 15.991943 16.935791
0 433.302338 613.437256 18.221313 17.300903
0 243.12619 63.434082 22.260468 22.369843
0 514.012878 18.104828 19.832489 18.88998
0 469.243958 9.3887 42.682068 18.164261
0 513.256897 104.400581 31.252197 28.915359
0 317.094177 178.815536 19.000488 17.273834
0 543.418213 269.960541 18.228516 18.950806
0 521.316772 602.100586 20.289673 19.528687
0 498.559998 431.853973 20.243225 20.133362
0 223.431732 394.899445 21.950134 21.263672
0 383.022522 356.613708 18.364258 16.817688
0 280.330658 267.280334 20.020996 18.018738
0 572.416626 241.977158 24.312012 25.024841
0 104.537811 571.544373 18.539551 20.22522
0 469.430939 522.700623 25.167542 23.065338
0 346.461578 362.133301 21.602234 20.521729
0 13.073851 223.058899 22.711155 33.625702
0 617.377319 277.009979 14.324341 14.13092
0 442.513794 505.079651 16.051086 16.129913
0 600.348022 157.035477 66.415771 76.276878
