0 383.849426 531.932983 49.328979 41.633209
0 401.692017 136.445084 46.951233 40.361053
0 606.723206 24.478045 48.167236 40.050983
0 370.074768 448.991638 50.996216 44.397339
0 351.642639 261.916565 25.561279 23.855408
0 22.85146 259.145935 45.702919 62.431091
0 539.533447 352.380066 79.85437 69.622253
0 50.292088 436.029236 68.708321 60.189209
0 528.370483 19.232174 66.322235 38.464348
0 268.447174 109.127014 41.481888 34.47998
0 83.263107 324.19812 47.421906 42.561462
0 518.118103 382.637299 25.158569 22.145752
0 349.587006 395.61615 22.879028 19.101746
0 576.102539 205.614548 41.39856 38.637909
0 501.792908 134.716064 24.105591 21.456978
0 302.453705 119.918915 32.30249 27.788292
0 130.431427 535.36377 31.109955 27.039917
0 623.443481 530.172668 33.112976 42.202972
0 57.105412 520.213623 38.248039 34.197479
0 238.787537 141.141327 42.547241 36.11496
0 302.79303 77.29216 39.963623 34.666656
0 324.836792 137.345825 42.244141 34.294525
0 588.479309 331.947632 22.630493 20.348328
0 217.632812 117.249878 43.822388 42.1427
0 260.194885 39.478256 26.003967 23.396441
0 609.27887 149.145172 21.591797 20.625366
0 462.883911 224.434631 26.531189 24.578125
0 97.408356 171.214859 38.403549 35.208191
0 481.098694 301.169067 18.792053 17.387268
0 628.767151 279.242157 20.966675 57.119324
0 481.511047 235.411728 42.332092 36.153961
0 455.46991 359.439697 19.03479 18.135559
0 280.405518 141.920822 34.572205 30.954407
0 385.855255 479.277771 18.424927 17.391846
0 180.779633 633.382812 29.510468 13.234436
0 115.048103 107.18306 230.096207 214.366119
0 446.954773 166.686859 31.43396 28.56839
0 322.927887 46.798729 29.586243 25.800621
0 603.73114 58.154655 60.716064 47.426804
0 55.16674 222.803238 55.684467 50.688324
0 233.69902 273.603455 98.822601 89.891708
0 140.803711 296.173645 94.912537 69.896606
0 318.322021 57.001434 37.37616 34.780762
0 537.333618 398.585327 18.279175 17.764526
0 225.117767 101.05687 35.207581 32.859436
0 314.283356 498.968872 18.475769 16.87854
0 531.867493 88.664238 17.550659 15.848404
0 526.737 331.584503 20.557617 18.112732
0 478.749695 113.434326 40.521179 38.724823
0 559.884521 225.417557 21.278076 19.166626
0 600.0047 534.886536 18.894897 18.161743
0 273.973938 335.693451 60.494324 55.804749
0 367.005157 593.11853 202.748779 93.762878
0 635.341431 337.144226 9.317078 21.255798
0 291.214661 91.282562 35.679749 31.955963
0 394.924744 185.429306 16.357056 15.27652
0 359.100525 28.984009 24.24585 19.435387
0 440.164185 134.830093 16.857361 13.943268
0 599.086609 439.178802 20.604858 18.490112
0 533.557983 529.083557 14.80957 14.695679
0 164.729126 596.942688 19.027557 18.602539
0 366.980927 116.530518 26.815063 23.739082
0 466.234467 231.23085 39.113098 32.422607
0 631.197327 329.341003 17.420166 20.804504
