0 135.321854 561.964844 50.896828 50.060181
0 82.879021 596.773865 39.783585 35.882446
0 607.666931 553.864746 29.791382 27.514038
0 342.964203 354.745209 161.195801 137.441467
0 344.166748 511.666107 36.187744 34.007874
0 616.100647 383.23941 44.795166 41.682556
0 148.357178 301.682434 157.474701 131.371841
0 619.007263 144.89502 22.91687 21.015442
0 566.148499 211.84903 25.251343 24.382172
0 356.529419 555.344849 29.625305 27.621582
0 472.147827 481.999786 27.606689 23.716248
0 519.026428 145.516602 22.793671 19.836029
0 21.310642 230.951584 42.04406 99.641571
0 121.671036 293.12323 26.167412 27.599487
0 166.931335 89.264702 24.013916 21.725052
0 351.75824 253.592926 22.058777 20.447098
0 441.875549 158.983566 22.416565 20.987152
0 465.978333 571.657593 24.996826 21.896973
0 553.765869 403.965637 127.861206 134.105469
0 584.184692 460.527802 73.182373 64.164673
0 474.57489 355.388763 19.546814 18.271423
0 578.494812 311.082153 25.041992 21.353027
0 132.311447 98.331451 22.597496 19.844009
0 563.255737 134.684433 21.060425 19.348907
0 604.544067 287.863861 39.688599 31.644287
0 270.72998 25.609837 57.442749 48.144539
0 633.465149 188.772095 13.069702 21.732422
0 267.367767 6.185143 33.785156 12.370286
0 613.224731 277.416748 22.593018 20.965088
0 474.592194 419.039673 20.534119 18.7948
0 359.537811 39.310608 119.421326 76.970734
0 205.365479 525.940308 256.269653 226.824982
0 182.221832 17.297087 66.36972 34.594173
0 564.641479 591.492432 150.71701 97.015137
