0 139.099274 133.114258 31.648476 30.013725
0 149.247314 159.249878 29.299347 26.302063
0 609.682678 581.58551 35.151489 33.787842
0 327.121277 611.233704 25.703796 24.883179
0 59.277218 507.89502 24.413719 24.168854
0 107.458466 429.635651 36.429962 32.821167
0 262.194214 413.435242 20.257935 20.275757
0 401.284515 538.029053 23.89386 21.432251
0 401.843597 288.344086 17.301025 17.311462
0 135.467468 602.283752 20.403679 20.810669
0 240.107361 444.707275 18.86557 18.642517
0 418.644836 51.759537 24.117554 23.080261
0 593.428345 340.507294 19.855225 18.87616
0 48.093018 533.060913 23.064049 23.580444
0 390.359619 630.913391 22.292297 16.710083
0 168.874542 108.02356 21.379578 19.295868
0 5.341273 130.675812 10.554659 20.701424
0 132.787354 562.101746 21.751503 21.533936
0 397.841888 133.097183 26.336731 24.32196
0 56.797554 106.929039 20.48122 20.713333
0 178.874252 573.107422 18.446838 16.757446
0 13.271309 151.015945 17.779091 21.674774
0 558.520691 533.631226 20.166504 18.917725
0 95.288162 85.907562 21.619431 20.288223
0 199.026443 121.468498 21.192413 18.935715
0 100.757164 443.786133 43.323181 35.919067
