0 263.481049 43.904537 29.62677 27.30687
0 17.387196 611.222839 26.673084 23.783569
0 290.154785 397.836609 21.131531 19.292358
0 615.270752 54.640881 27.619263 26.272621
0 574.666443 162.262833 28.095947 26.905029
0 17.389198 129.351807 27.971889 23.978981
0 454.595581 34.77483 25.392456 23.207703
0 33.540489 268.30545 19.467699 17.1073
0 67.476021 86.338013 60.377686 54.657333
0 154.99469 589.194824 22.351471 19.077759
0 553.700623 210.166046 19.609863 17.38858
0 162.865158 41.746639 21.901031 17.778481
0 104.333611 507.908264 19.350082 18.204254
0 501.059753 46.595474 18.862976 17.636047
0 158.823593 34.883823 23.989258 20.71714
