0 231.110825 471.83783 46.175446 43.841187
0 623.054626 218.365021 27.631104 26.631531
0 479.547028 29.592327 21.595642 20.613443
0 298.080811 166.556595 18.541199 17.423279
0 40.323517 251.492966 23.851852 23.210602
0 104.647057 66.951431 58.534134 55.284084
0 48.956299 588.939514 17.636536 17.436279
0 340.311279 53.790154 18.324829 18.374931
0 433.196747 358.277008 22.226624 20.630188
0 250.810211 33.447197 22.901199 21.149384
0 288.995148 397.647949 18.133362 17.704956
0 159.512131 227.391144 19.29306 18.855865
0 517.80072 43.273285 19.734711 18.661362
0 407.179688 19.922039 21.493896 24.24621
0 457.299377 354.144043 27.965637 24.501221
0 39.904007 315.071198 19.76634 20.96637
0 95.249664 629.94043 27.668259 18.624268
0 8.829765 148.005081 17.659531 21.019684
0 565.281128 139.332428 24.365356 23.779327
0 67.172455 163.290298 38.998718 38.245361
0 126.81543 380.55777 19.341827 17.715332
0 301.130005 265.580292 15.57074 14.090393
