0 140.414169 550.359436 123.951782 107.705475
0 20.677589 399.644806 28.68088 26.417053
0 525.009216 505.685516 32.231812 30.330261
0 286.629608 189.595184 28.721558 26.12146
0 88.966095 464.859741 25.979141 24.023743
0 450.904419 271.119507 21.154175 18.13446
0 532.116394 269.172119 32.318604 28.711304
0 576.055359 179.535828 31.978394 32.278931
0 496.939819 391.528473 23.55011 22.613586
0 547.647644 561.236572 78.832031 83.824097
0 137.918579 338.169128 41.8731 40.25647
0 380.473022 174.241089 29.321106 27.135132
0 155.816803 203.074524 19.381866 17.638641
0 604.322815 175.650284 26.073486 26.638153
0 602.084106 62.796638 35.692871 32.73053
0 99.96096 394.420593 19.071014 17.702332
0 464.377869 535.494812 19.429749 18.184692
0 515.638367 488.564301 21.959808 20.620056
0 533.770264 484.004028 21.134644 19.309265
0 238.326065 423.552216 23.478058 24.019592
0 395.122772 104.571213 52.302124 47.605568
0 92.709717 165.066025 20.782898 21.794189
0 254.610077 629.575317 63.015305 19.448853
0 524.781311 488.694855 32.615479 26.822449
0 609.362854 609.388245 40.476562 39.443359
0 369.177856 272.975006 25.990723 26.211914
