0 436.513641 129.190002 215.23761 194.67511
0 450.301727 503.043945 52.24292 44.279816
0 320.4375 555.295166 32.866028 30.375
0 570.406494 356.329498 104.026489 100.795227
0 455.60556 12.623447 25.836426 23.42532
0 358.778015 34.625237 118.271484 69.250473
0 19.795927 126.686317 39.591854 54.430191
0 277.433258 341.876434 29.580994 27.684021
0 229.173645 326.445221 92.057175 85.937256
0 450.465271 633.425476 28.587097 13.149048
0 592.076416 155.138641 44.159302 35.346344
0 331.200134 530.600525 20.599976 20.310913
0 59.51342 102.499924 22.230511 20.801819
0 593.458069 529.180786 93.083862 221.638397
0 54.957214 178.524796 43.874176 38.227631
0 364.295715 486.093262 332.357544 306.182129
0 204.406464 173.848694 20.179413 18.559814
0 460.681763 229.150421 72.027222 60.983948
0 341.224548 51.869221 61.773865 54.209328
0 352.919159 421.26123 21.536743 20.727905
0 103.902916 311.90036 22.050003 21.529968
0 611.101624 123.294327 55.47876 59.006615
0 69.020233 601.33374 22.970657 19.567993
0 565.936096 229.930542 148.127808 172.495422
0 294.042847 224.991913 137.975159 127.638016
