0 242.204529 629.894775 34.893692 20.210449
0 65.346939 538.104309 31.435452 29.134033
0 19.799881 199.868423 38.088943 38.183929
0 109.0177 553.606567 33.72612 31.18811
0 354.500946 293.678772 36.166626 30.122681
0 200.484253 474.421967 38.713104 38.042847
0 116.295952 392.814667 29.31398 25.685852
0 374.468048 20.10873 31.87085 29.452492
0 206.140366 105.285347 16.397095 16.380722
0 99.269836 8.128048 29.157867 16.256096
0 364.460693 239.218155 18.869934 17.407135
0 428.921417 437.840027 347.284119 338.423096
0 195.249039 429.57019 28.961304 25.864929
0 553.617432 193.57753 152.918427 120.621124
0 388.953278 51.454697 45.562866 40.647491
0 55.991821 483.783844 32.143021 29.593384
0 44.838371 589.257629 23.721657 19.150757
0 37.009018 287.275116 30.795914 28.1651
0 71.981453 590.560242 23.089447 21.234619
0 28.159924 504.215393 33.827003 31.247559
0 24.307022 219.967422 24.219368 22.784851
0 316.63916 60.857105 38.906433 36.757072
0 378.042053 458.832123 17.351013 15.981079
0 404.868958 628.542542 30.909302 21.31897
0 246.743256 455.418701 25.766846 22.676392
0 262.94104 561.721741 28.513931 26.916626
0 411.613678 73.500069 36.758972 35.650818
0 20.043911 213.334457 34.087128 33.22818
0 74.219727 605.407532 29.976959 24.865845
0 44.935616 525.673218 25.059799 23.263916
0 413.46051 17.826698 61.294617 34.479721
0 391.175964 611.264038 33.49884 31.358765
0 535.731018 10.847284 39.614502 21.694569
0 518.10022 137.307465 48.14856 45.462227
0 585.223755 295.925446 51.442749 45.96228
0 22.495911 590.078064 20.016464 19.706177
0 163.084732 193.167267 38.482635 32.440521
0 469.749268 234.231888 48.751038 41.866119
0 335.798981 185.415283 44.362549 41.017761
0 342.063995 618.631897 48.19873 42.45166
