0 515.095947 135.440155 109.458649 96.279785
0 336.043091 164.243759 190.723511 167.692657
0 68.148544 308.020752 40.582943 36.479431
0 379.997925 460.597656 56.363281 53.728333
0 326.672638 17.061251 48.616089 34.122501
0 441.467438 600.312744 21.256897 20.151489
0 609.250732 277.189972 34.239258 30.710205
0 106.998383 482.808868 22.342926 21.622681
0 518.689819 566.989868 20.01001 19.351562
0 206.898422 31.213017 155.030792 61.419533
0 313.80304 52.780499 26.464111 25.65638
0 21.486961 466.656738 25.792229 23.696106
0 392.062317 66.551216 37.972534 34.37561
0 581.695068 619.483582 27.770508 27.692139
0 436.308563 363.076538 62.122803 58.72052
0 629.11792 585.882812 21.76416 45.432495
0 308.62851 545.957397 25.407654 24.641724
0 266.913635 312.644684 20.096558 19.11969
0 282.054382 539.369568 31.348938 26.844482
0 258.571625 348.419037 21.615036 20.702759
0 575.348816 8.024455 20.848145 16.04891
0 61.118805 409.496613 49.501892 45.50116
0 390.154877 242.922226 21.456116 20.885468
0 431.135529 500.332306 41.609802 39.860291
0 283.529755 396.697968 18.930603 16.49823
0 598.717468 28.145397 73.682251 53.424164
0 500.112518 442.381836 36.354187 35.063049
0 362.229279 64.14798 92.146362 78.879486
0 496.986877 40.244976 133.611328 80.489952
0 53.887737 227.303925 19.118706 17.522614
0 100.991379 428.958984 32.188492 28.50769
0 87.363075 361.624207 21.162888 20.747925
0 353.406891 365.415405 93.435364 72.921143
0 463.390656 204.440201 73.858154 70.948212
0 554.833862 199.11348 52.746216 49.234619
0 228.85054 541.96582 27.629028 21.390259
0 174.892548 283.22876 26.670929 24.060852
0 405.089722 627.832214 25.205139 20.459839
0 611.484741 300.477661 56.395264 63.638245
0 602.231689 575.034668 17.94043 16.670654
0 593.752197 556.294556 17.038208 15.902222
0 278.437836 368.524536 58.015442 50.759155
0 88.512917 141.407761 17.265427 16.619232
0 27.580746 286.325409 23.365028 20.097595
0 387.116699 332.309265 36.435059 34.256042
0 444.804382 271.379913 92.48584 71.072876
0 593.193726 125.486008 93.612549 150.232452
0 176.294357 305.724274 37.275421 33.568665
