0 100.733383 228.773804 62.089386 55.878769
0 229.474396 209.129822 63.13118 59.130524
0 18.598686 316.031342 37.197372 41.418457
0 297.515594 394.095978 35.562256 35.192078
0 416.838593 179.5 50.432678 43.498413
0 108.934647 150.236694 51.3144 49.161568
0 54.791451 54.911037 109.582901 108.635658
0 606.963745 188.616379 64.328003 59.887665
0 367.150238 628.777771 44.177917 22.444458
0 391.573395 80.542725 179.718933 153.862122
0 461.977448 617.646912 43.327454 39.402832
0 152.016083 266.838623 46.117859 40.699844
0 63.842537 179.376877 49.600449 49.839874
0 334.514099 482.188599 23.608154 23.323669
0 62.816532 481.965485 26.783714 24.32489
0 106.772392 582.600708 39.527756 36.202637
0 75.966919 602.617981 27.43486 24.880127
0 35.024624 555.101562 44.212044 38.290527
0 270.209167 354.263458 29.706421 28.053711
0 248.566238 81.853455 45.031097 40.342575
0 25.742374 619.45929 51.484749 39.630737
0 262.83078 302.317749 25.483902 23.875854
0 597.195129 31.284382 52.025269 50.456291
0 332.002747 628.29541 29.923828 23.409241
0 238.425751 10.568478 29.366302 21.136955
0 187.32309 136.408997 105.798279 95.825867
0 164.423523 482.961243 24.500031 22.986206
0 521.073425 378.425354 30.359467 28.611938
0 525.553711 201.929199 38.938507 33.996552
0 493.62674 15.726063 35.39856 31.452126
0 201.504593 500.777496 20.251556 20.682556
0 133.407944 360.380737 46.879456 43.803894
0 619.022583 290.850647 32.433716 33.051086
0 599.453003 549.581116 24.085327 22.601807
0 85.835831 412.066772 26.718811 24.733826
0 59.954521 442.44342 28.444107 25.925842
0 561.840942 500.58371 38.838135 39.18158
0 228.519714 34.164616 42.120026 34.556664
0 273.054962 59.243568 24.770264 23.931091
0 172.708923 315.443115 90.237701 86.642517
0 200.379486 20.906719 23.694855 22.679565
0 211.428741 122.825027 20.908295 19.405739
0 267.464813 560.300903 168.073181 142.019989
0 234.595764 552.27948 21.460144 19.190308
0 101.21196 610.737854 24.428925 21.972046
0 251.73764 589.44397 19.763672 20.392334
0 143.59816 97.334312 34.081482 31.925888
0 129.53125 390.603882 19.883171 17.914978
0 390.77243 300.261841 45.719421 40.033386
0 202.810501 375.384399 31.562073 27.750549
0 194.786163 172.348511 33.495087 31.09903
0 28.319118 177.515656 32.504433 29.614563
0 102.794983 340.313751 24.512802 24.066772
0 521.412537 589.183105 48.412109 47.896973
0 364.557434 152.680893 27.825012 25.399994
0 541.491455 85.623459 41.362427 41.342911
0 254.296173 248.09314 41.181839 32.647842
0 123.9328 68.211166 27.951355 24.271698
0 111.200935 544.172363 17.73674 18.308594
0 8.049621 562.862671 16.099241 34.03125
0 565.455383 203.436371 28.985229 27.284058
0 337.207672 565.595764 18.369629 17.786987
0 580.578247 629.305298 58.417236 21.389404
0 301.791962 25.43729 78.50824 50.87458
0 410.183929 8.35006 21.52124 16.700119
0 166.223755 617.36969 72.842346 45.140991
0 101.821701 187.651871 38.260956 34.657166
0 101.834015 601.490723 29.872772 31.924927
0 273.599976 323.345276 25.354004 24.65741
