0 206.581879 220.696533 93.174072 80.606461
0 550.512451 123.89003 70.497192 55.876282
0 386.870331 62.70871 78.164551 67.654587
0 338.506439 49.474045 31.980286 28.191895
0 186.050369 298.952972 46.532349 38.17981
0 222.957916 511.69165 85.843552 75.916626
0 439.968689 333.353577 77.345825 68.729004
0 306.435974 559.610718 34.039062 28.151367
0 50.007057 354.458008 28.980251 26.138611
0 417.456177 19.936291 52.64032 39.872581
0 316.178558 84.702728 65.641541 56.797607
0 95.692139 450.037872 38.24472 32.616821
0 106.20578 405.221619 33.471939 29.76709
0 278.412415 533.525452 25.354797 22.276611
0 41.951744 154.455185 28.714058 24.16095
0 129.662155 436.585571 39.392487 35.256409
0 204.448517 270.811005 34.336334 29.118286
0 215.52594 436.688904 43.329559 35.619873
0 412.31604 409.849274 26.149048 21.864929
0 433.89093 148.498581 27.349304 25.515228
0 587.277466 175.721771 105.445068 107.247162
0 378.968384 332.994202 56.687134 51.920654
0 137.028076 531.608032 37.145424 31.783447
0 101.322968 315.296539 63.420036 56.744202
0 329.491241 8.913042 59.653442 17.747921
0 355.15918 249.858582 25.860413 21.654037
0 513.656677 252.9888 18.772186 16.692581
0 221.088867 372.312866 45.789337 35.987549
0 516.320435 342.921875 26.055145 22.809448
0 341.678864 140.16803 60.656616 56.320839
0 591.005737 14.303793 23.120605 22.625088
0 481.957855 568.347046 32.029419 32.183594
0 606.000061 535.192688 21.061035 20.102173
0 115.942642 90.605202 24.955696 21.750244
0 276.044708 375.359863 52.659973 42.983582
0 338.574158 557.227295 52.404907 46.104858
0 339.889557 508.847351 31.991882 29.162811
0 629.520752 105.246414 20.958435 45.894257
0 212.527252 573.77356 25.815033 20.000488
0 318.250549 558.99762 63.728027 40.65918
0 184.2034 416.017487 52.080444 45.666443
0 530.122192 401.848053 36.734253 30.480408
0 304.326019 25.796263 24.50592 21.157299
0 512.292236 190.579803 20.705902 19.3974
0 98.52713 427.837219 22.478577 19.818787
0 155.179871 271.495728 53.919312 51.09729
0 335.44931 471.447571 178.224564 145.418304
0 306.033081 465.818146 20.872498 17.699158
0 362.794067 193.607513 36.060425 30.738586
0 118.210449 504.961823 38.769135 35.174255
0 625.063538 12.997076 26.893066 24.188713
