0 420.558258 96.705406 120.641174 97.322586
0 224.955948 234.576797 34.874542 31.440033
0 15.703209 179.080841 31.406418 34.612671
0 545.583191 230.465942 57.895508 55.215271
0 220.795135 491.364685 134.298782 100.640167
0 435.86145 488.711945 39.206665 34.265503
0 503.102905 477.283569 120.574707 108.173126
0 272.552673 33.3209 31.285645 27.902237
0 89.036858 337.694366 118.901871 99.778442
0 597.011108 291.227417 85.977783 157.541885
0 474.406921 18.579737 24.011841 22.760098
0 330.317688 222.484756 29.348633 26.979828
0 286.269043 65.82901 23.996643 22.718979
0 35.200684 291.900024 68.832672 105.200928
0 586.039124 162.882492 79.408936 60.240021
0 340.730194 474.137878 90.107605 73.540894
0 561.809082 563.085693 156.381897 149.392334
0 455.142975 263.306885 93.78479 83.184998
0 29.026211 586.368103 58.052422 75.491089
0 337.91629 279.197052 122.321716 102.611679
0 286.481171 121.250496 34.8573 31.984055
0 298.695526 529.865051 40.967468 35.174438
0 269.375214 176.560226 23.075806 20.449554
0 13.556181 349.995331 27.112362 41.973022
0 589.197388 412.034943 101.605164 111.589233
0 35.553532 441.011078 42.547966 36.743469
0 498.969391 119.255554 23.057251 18.211273
0 476.780762 549.021118 42.784546 38.206543
0 591.6026 503.338806 46.578735 40.76828
0 59.395851 511.442596 38.673908 34.987244
0 54.698887 616.859924 103.556923 45.669434
0 184.910919 300.57193 67.608673 55.956055
0 90.700043 135.549713 20.846344 18.230553
0 179.642273 562.87146 85.98349 80.241455
0 231.798767 426.082642 50.496216 37.532349
0 484.838074 335.069824 72.326538 62.27063
0 111.783401 494.384613 72.884727 56.997986
