0 122.789429 351.772278 37.454857 34.605835
0 496.290894 260.270569 65.397003 61.57489
0 207.121063 287.675964 68.465515 67.656601
0 586.009644 562.552429 27.546265 26.678711
0 426.644775 216.014572 25.878906 25.256775
0 399.491119 527.466003 82.377991 75.7323
0 321.153229 413.584503 28.008057 25.99231
0 551.125244 400.022614 38.295776 33.840271
0 449.524017 354.07077 24.755127 23.77002
0 267.997803 448.109863 84.946152 84.49939
0 303.011627 369.603119 60.124573 54.729187
0 481.479675 613.186707 22.315552 22.057739
0 564.511047 526.936829 24.634277 23.464111
0 352.135315 516.730469 21.80658 23.164917
0 448.059906 546.322266 34.363586 33.161133
0 614.565308 247.726639 50.596436 58.986237
0 428.837402 41.090157 19.560486 17.455727
0 323.279633 208.059204 17.774658 16.954468
0 273.323029 482.459778 74.084961 68.863647
0 192.305054 590.160522 19.068298 18.639404
0 54.796257 583.947021 109.398026 112.105957
0 400.972382 531.417297 40.35791 36.855713
0 263.693268 285.684967 37.918015 37.496155
0 189.18396 493.293213 16.86322 15.753235
0 523.875122 222.065247 27.722137 26.728973
0 258.63092 86.480415 21.738724 20.096191
0 259.764557 463.691589 25.793991 22.741638
