0 582.726074 436.682251 35.733154 33.189209
0 357.058014 327.306335 27.974915 26.947815
0 207.472977 77.104218 26.098572 24.993561
0 89.552734 321.21756 36.912354 34.284973
0 481.149689 159.342361 187.631409 181.076752
0 543.121582 510.092712 23.318848 22.475983
0 273.919495 420.231079 23.772217 21.900085
0 251.295944 120.048752 32.404083 28.174744
0 80.369659 631.970764 30.278671 14.099365
0 57.948151 624.398621 30.599483 25.920654
0 463.165833 588.223022 25.645325 23.779663
0 402.216736 334.565826 24.558167 23.340332
0 271.892181 145.064255 28.164734 24.934082
0 285.252319 305.215851 21.188049 20.242432
0 206.904999 371.913208 21.101898 20.319336
0 490.857178 296.771301 22.132751 20.263855
0 539.030273 471.096985 21.642456 20.629761
0 214.349884 289.999512 19.009003 17.953796
0 189.132965 620.698608 20.8685 19.324585
0 114.128067 403.771088 57.763603 50.893799
0 219.254303 624.591125 20.343567 18.391113
0 152.184021 404.469849 19.497589 18.904602
0 4.943441 24.636158 9.886883 28.6278
0 20.044426 9.415312 37.571777 18.32246
0 27.405432 618.370361 20.800549 19.235718
0 491.338745 589.739197 21.407654 19.744873
0 180.953369 25.815437 22.32782 19.156319
