0 595.885254 92.722092 84.788696 77.839996
0 185.469528 50.436623 26.803955 25.626358
0 455.239136 121.407097 85.214111 75.369431
0 425.104553 276.386688 64.254883 59.613541
0 263.513306 253.207611 200.023544 160.380615
0 104.129105 25.078072 37.982712 37.65918
0 628.39502 37.820354 23.210022 25.236679
0 412.70697 394.105042 29.123901 27.743225
0 498.62793 627.562744 35.912598 23.227295
0 163.126495 548.156067 23.819824 22.63501
0 631.722839 347.739471 16.554321 25.814453
0 444.447815 181.249847 54.991394 52.483063
0 494.174469 51.739391 216.763 99.38166
0 213.7211 343.729218 32.491699 28.950928
0 278.203278 426.881775 216.121094 208.800537
0 532.28125 532.787292 34.825928 33.755859
0 624.352905 566.974426 28.825317 26.990845
0 419.004517 59.915413 33.092896 31.739361
0 120.347733 8.021162 22.611671 16.042324
0 402.444092 437.47168 55.372437 52.37146
0 367.083923 597.843506 20.283142 19.830688
0 596.077332 632.827759 20.504517 14.040527
0 538.46698 486.955444 31.83728 29.067566
0 278.256042 56.821236 251.477966 109.772858
0 264.952942 137.991425 97.146011 89.641548
0 419.237885 504.72467 31.474731 25.016449
0 30.267992 602.276978 25.555241 23.833008
0 164.75264 446.597137 30.130554 27.46051
0 404.654572 221.719818 32.803528 30.690674
