0 617.806213 425.421356 44.387573 42.379822
0 439.412109 407.483978 67.006104 58.918091
0 17.396984 510.209595 31.911682 27.862885
0 594.98175 483.558716 29.990723 29.278992
0 483.847473 224.694748 27.79895 24.647369
0 226.511993 245.976944 26.951477 25.606293
0 181.542511 403.330963 52.087616 46.869324
0 275.859436 84.336761 20.374573 18.89415
0 166.122864 66.483925 53.441132 46.327408
0 436.963043 364.460358 48.574036 40.944214
0 391.493103 458.88736 44.55896 38.458862
0 217.455338 200.808167 49.949585 44.623047
0 394.562225 10.892595 39.17627 21.785191
0 348.399872 32.213032 33.39624 29.049545
0 187.103088 175.60141 18.937317 16.863068
0 456.107239 444.71759 43.520386 37.248718
0 410.053589 327.290955 56.282532 52.168823
0 603.043701 533.793884 35.453125 33.001465
0 339.232178 148.661499 83.133728 75.648193
0 400.1828 630.361816 35.568542 19.276306
0 370.142639 317.649719 28.517395 26.714233
0 602.393616 457.982758 31.801514 29.184448
0 465.920319 533.56134 31.435303 31.747192
0 488.032654 472.396545 93.044189 82.498138
0 549.031006 458.010895 27.819458 23.723083
0 297.649139 53.119877 32.189697 27.710243
