0 311.950104 564.556946 251.83989 150.886078
0 527.320251 42.494743 152.730835 84.989487
0 255.409348 335.500702 43.414093 37.43573
0 576.410706 90.601555 25.891357 23.535019
0 99.717682 601.323181 48.169708 44.033813
0 498.655243 477.737213 25.609924 22.256104
0 120.672699 57.27631 236.077148 111.116753
0 149.066956 600.52948 60.4851 59.166016
0 40.03233 109.945831 27.792908 25.664581
0 227.173279 225.315369 39.742096 33.194214
0 311.686707 429.572357 113.849747 94.951965
0 623.513306 560.728699 32.973389 33.506348
0 11.253277 290.979767 21.721252 21.58606
0 495.520844 368.705475 60.915833 51.124695
0 402.180054 280.077423 79.833618 75.09845
0 10.71899 309.60788 21.437981 21.237915
0 96.05455 629.116577 55.723907 21.766785
0 13.393351 105.482391 25.135708 24.604523
0 581.169617 457.009979 68.647217 59.092102
0 613.40155 6.002274 27.1427 12.004547
0 76.567513 602.479248 117.447403 75.041443
0 487.279602 219.544098 21.304443 18.231995
0 612.94812 346.352936 54.10376 78.015869
