0 329.257965 164.313507 49.708801 50.782837
0 504.748596 176.165405 174.537262 160.355652
0 361.21756 620.743408 47.939636 38.513245
0 101.526413 217.340057 74.237549 66.510498
0 186.415741 577.428955 187.736984 125.142151
0 562.417786 12.370416 35.793335 24.740831
0 143.039459 258.601288 143.083405 129.84375
0 172.326538 148.859619 27.862427 24.213501
0 222.063553 318.25058 42.511261 35.997192
0 488.633118 191.74176 29.256531 28.382111
0 473.082214 47.377251 23.070984 21.000229
0 19.189098 545.206726 38.378197 40.508179
0 48.561214 93.102303 97.122429 112.372849
0 504.072021 286.095276 18.970581 18.5354
0 52.560944 380.629028 37.127834 36.045654
0 328.747894 43.632233 62.202087 54.367741
0 40.062294 523.793396 32.754166 33.840576
0 30.358562 631.935486 17.110422 15.31958
0 213.454681 386.342072 80.142487 76.253174
0 506.977814 14.194541 18.52655 17.451323
0 186.625397 335.093506 37.568695 32.124573
0 476.992798 217.73172 20.236328 17.887299
0 221.3405 273.031647 33.793854 32.480652
0 528.959167 377.769409 26.87439 24.009705
0 113.042099 41.738098 175.917389 83.014557
0 296.237549 316.651031 33.789917 34.712708
0 412.634399 595.915955 18.800964 18.256348
0 30.402782 492.952148 54.008873 46.074249
0 454.863312 329.540802 20.921143 19.612549
0 255.737915 116.763184 84.562988 70.109467
0 599.327637 103.546486 81.344788 207.092972
0 433.69577 382.250397 20.28833 16.791382
0 297.642731 182.319153 22.152771 20.450439
0 79.258369 32.320297 22.473572 21.159288
0 491.975464 34.915314 25.868896 21.833374
0 231.744263 111.733337 27.182495 22.958633
0 306.00705 616.589844 84.680542 46.820374
0 110.825424 381.840698 49.928673 44.523376
0 533.674316 414.082092 25.122314 22.308411
0 324.499237 114.931953 36.636475 31.960098
0 375.508453 343.787231 20.875549 18.675781
