0 467.34436 347.074402 177.152496 157.69165
0 245.65451 225.722473 158.616028 127.475174
0 49.201706 194.381485 62.927216 52.572388
0 327.723633 495.373291 170.515732 141.429688
0 196.409668 577.68927 149.94017 124.62146
0 36.482147 552.659546 72.964294 122.922485
0 78.68074 275.036163 79.197449 69.391907
0 27.219223 111.956818 44.831367 39.335732
0 284.153046 86.639313 73.995178 65.810425
0 599.649231 179.416214 80.701538 85.501465
0 396.602722 481.943939 27.806702 25.003662
0 130.404007 495.156189 29.878334 28.317322
0 87.818428 157.608078 42.082535 31.454285
0 81.679451 423.999451 71.081711 59.884338
0 52.496101 72.601028 34.618973 29.355331
0 196.993927 418.896484 39.521515 35.266174
0 154.199829 286.282196 64.51828 56.750366
0 627.486206 567.162537 25.027527 45.402954
0 458.953827 90.829788 66.121033 56.31543
0 150.168198 85.538727 26.95874 23.913834
0 554.235596 473.072205 171.528748 205.054443
0 101.732788 103.229393 32.700546 29.080353
0 130.230072 138.063263 65.37088 56.388115
0 43.546131 29.593315 37.815758 33.98571
0 14.789923 396.006287 29.579845 82.892151
0 352.699066 617.350098 130.301392 45.299866
0 30.63238 9.485895 24.582661 18.97179
0 110.580345 342.876312 155.48613 129.722961
0 20.81118 626.167175 41.62236 25.702515
0 290.033936 338.76416 190.824707 157.009521
0 360.744781 405.616821 91.119202 77.140259
0 15.937086 148.995041 31.874172 29.750824
0 192.024078 168.772766 50.484955 42.611267
0 287.829132 300.526398 30.548218 30.525635
0 64.336967 98.219131 38.99025 36.661469
0 98.765968 524.754639 72.855759 70.963623
0 77.308701 369.199646 74.180984 66.893494
0 243.293793 43.792439 46.410263 40.687309
0 19.726625 293.278381 38.068684 38.110107
0 17.518261 76.868675 35.036522 45.434296
0 529.044373 120.381363 64.884766 56.531868
0 85.117249 560.309937 22.487335 20.350952
0 155.755707 357.840729 66.053192 66.06012
0 589.509094 448.646027 23.374634 21.513855
0 26.690861 351.456329 24.891876 24.115051
0 276.863434 73.157272 40.744202 33.836391
0 476.572449 535.581909 31.84082 32.431519
0 5.228848 131.597153 10.457696 28.781281
0 262.44223 13.336704 27.355835 23.185783
0 413.911316 573.123169 102.36499 106.706055
0 611.086975 406.161957 49.744385 43.28717
0 18.793068 274.310425 37.586136 50.982376
0 309.413269 62.878189 29.881348 24.08609
0 48.063683 48.997337 40.360336 71.151566
0 534.525024 586.874146 146.315033 106.251648
0 453.611847 24.670017 78.166687 48.722214
0 598.041504 53.90921 42.732422 43.002747
