0 41.074818 61.302223 49.277763 45.568115
0 32.925171 550.124146 37.386658 35.390259
0 346.447998 499.125977 73.270447 68.040314
0 420.14679 355.54071 24.383423 23.456482
0 415.345581 78.238899 28.774414 26.565994
0 84.555267 303.377441 23.107117 21.072693
0 14.034296 14.208794 28.068592 28.417587
0 5.866015 136.257538 11.732031 34.536224
0 396.901489 125.791 104.788879 92.365875
0 278.31839 300.936523 139.306702 131.785828
0 21.970646 517.643005 27.933716 24.376923
0 122.595764 38.920967 20.039497 19.174986
0 269.987213 547.157593 162.040527 141.272949
0 608.606018 9.357419 20.557983 18.714838
0 33.769325 615.490295 64.125931 49.019409
0 206.332108 627.725342 33.092194 23.45813
0 276.520355 226.130707 46.590515 44.167084
0 547.295959 622.91217 41.221558 31.654175
0 260.378113 601.338501 85.298523 77.322937
0 485.390717 292.848572 22.153992 21.211365
0 65.683334 458.578796 75.640671 64.48877
0 202.899612 59.589771 49.315613 47.196724
0 452.090179 613.156738 103.243896 53.647827
0 61.019508 477.49469 17.481823 16.614502
