0 397.412231 435.849213 39.806213 37.488281
0 378.069763 244.73053 35.926636 32.933365
0 385.89267 343.454437 41.384338 39.913086
0 474.091827 48.010487 40.608459 39.366035
0 360.253265 281.579712 31.19342 29.470825
0 346.042969 82.257034 26.283813 24.764587
0 482.818817 162.835602 23.123718 21.229279
0 224.944458 265.64505 30.887329 28.954102
0 401.458588 576.978088 23.898926 22.220337
0 128.005768 468.316956 19.354645 20.27594
0 406.586639 601.909668 27.341003 26.486572
0 290.061859 252.91098 28.244446 24.985779
0 587.836548 305.346313 25.059448 23.619019
0 100.010147 481.010406 19.497849 19.075073
0 634.697754 172.04361 10.361328 28.801758
0 350.639832 133.689774 23.743408 23.435524
0 312.52121 88.476051 23.563721 21.332596
0 376.201416 149.048157 18.678223 18.928467
0 411.902954 621.241821 19.895081 17.744507
0 117.515419 514.592224 42.787735 39.384399
0 117.830185 9.426985 23.927429 18.85397
0 623.204895 415.501923 18.423096 20.387573
0 42.882401 67.888405 44.136112 45.890884
0 232.104767 289.669189 32.181427 29.288513
0 520.723145 618.932007 95.699219 42.135925
0 113.206749 427.430542 52.20723 48.56842
0 102.264977 102.706139 19.340714 19.063889
0 363.740997 493.096375 18.419922 17.593689
