0 208.960938 228.121216 164.049744 156.162964
0 264.921417 317.445099 78.003845 75.398376
0 20.329948 429.282715 40.659897 46.065125
0 18.616699 338.57254 37.233398 44.135925
0 551.995239 12.7842 31.211426 25.568399
0 30.252651 214.846176 26.854136 24.150085
0 294.235931 172.714233 22.342468 22.014008
0 121.303696 600.06842 21.152977 20.209351
0 341.608368 55.187538 33.225769 29.694595
0 341.342926 377.657684 27.931702 24.940125
0 60.952568 170.492737 121.905136 131.534363
0 591.421021 606.982178 20.278809 18.794922
0 333.148071 468.154846 173.606262 156.931732
0 172.317291 407.761688 179.199097 162.307312
0 448.241425 369.40567 77.520752 68.828613
0 49.588234 246.479218 99.176468 107.072571
0 8.384771 373.047089 16.769543 35.109314
0 31.800114 197.028076 25.414454 21.159607
0 92.07663 318.140289 23.49588 21.569275
0 94.846596 8.53558 21.085129 16.603401
