0 348.940491 251.355148 30.475647 27.123993
0 242.176865 598.013428 111.016449 83.973083
0 306.898468 56.855301 194.207031 107.121216
0 375.835205 455.578674 189.046448 172.846313
0 117.581787 55.168991 211.157501 106.09137
0 12.090817 331.055725 24.181635 25.508423
0 18.862522 247.391708 37.416473 39.881195
0 83.595367 366.721344 21.316589 20.276367
0 29.364256 552.732422 22.903843 21.020508
0 328.061493 152.628296 29.556641 26.709961
0 332.366852 217.30867 25.553223 23.124298
0 628.695984 179.681381 22.608032 27.090546
0 19.14086 273.277679 30.949696 27.807739
0 458.282196 245.221863 25.822754 24.131958
0 606.508972 251.481567 22.222534 21.371567
0 217.73407 337.927155 33.108398 30.063599
0 113.083603 464.486725 23.946182 22.924133
0 573.438721 60.013687 33.499878 29.522129
0 236.290451 183.104828 28.634552 24.083435
0 30.689474 443.808746 61.378948 146.950989
0 445.912781 357.363983 22.686951 21.204468
0 171.756348 245.037094 21.073639 17.824493
0 211.23732 174.244263 20.106995 19.580109
0 494.510559 152.184753 203.119629 167.018921
0 577.43396 307.938202 125.132019 210.5047
0 530.368652 97.658501 18.89209 18.02626
0 529.684448 559.311584 220.631042 161.376801
0 444.096466 72.830902 116.526367 103.802673
0 121.791885 182.596191 86.057098 80.664642
0 530.339478 9.279257 51.052612 18.11887
0 160.059616 620.616699 17.962799 16.826172
0 258.688843 135.040344 74.746292 69.035492
0 506.81665 368.088135 95.068268 86.279358
0 555.563354 110.539902 41.62085 34.95282
0 633.97998 143.495132 12.0401 18.094696
0 37.803288 626.248291 32.596809 27.503357
0 174.146362 449.278076 15.438934 14.83728
0 232.567276 97.620026 32.810333 30.322144
0 556.644897 216.931946 102.883667 85.470016
0 633.518433 44.817558 11.232544 19.560997
0 5.489043 289.140137 10.978086 19.648865
