0 103.137604 262.544922 81.770142 77.280396
0 516.344177 490.381378 25.0354 24.304993
0 300.583496 395.283569 33.562012 29.545776
0 159.87149 110.659523 22.14621 21.601959
0 335.575775 565.641907 21.671082 21.198853
0 139.617325 545.353394 31.260994 27.516479
0 57.375923 75.178787 21.394688 20.2276
0 62.384159 29.639866 21.177055 19.27224
0 353.854462 537.695557 37.004028 34.36792
0 350.164703 594.637268 22.042114 22.826172
0 6.4545 595.944763 12.377998 36.424438
0 570.982178 319.75705 24.018188 22.373474
0 541.754456 561.543396 23.112183 21.202637
0 510.992584 423.864136 18.523987 16.851135
0 583.640381 461.888092 38.480225 35.454651
0 109.293854 488.225372 18.836594 17.808167
