0 380.790558 185.244919 42.372131 36.756653
0 234.081924 447.130585 29.143677 27.101196
0 287.272583 229.120178 74.402283 68.935425
0 352.208405 627.544678 27.034851 23.849243
0 85.80304 60.780567 29.656403 26.727913
0 479.179535 212.892059 25.05896 24.423553
0 30.076023 382.611786 51.281258 44.390747
0 474.438293 287.343719 26.874451 25.186462
0 547.214233 127.009384 35.173218 33.826508
0 447.270325 164.407776 42.298279 38.41275
0 26.336081 89.883957 46.197048 44.506409
0 225.200821 155.785645 26.223877 25.520264
0 413.523499 593.926758 53.014221 49.523193
0 592.950806 319.522186 46.046143 46.324402
0 21.989904 179.769958 43.979809 48.019135
0 80.221092 253.162582 25.04454 23.374603
0 524.648743 328.761078 39.498688 36.699402
0 414.063599 74.333282 20.076538 17.650314
0 196.743835 587.733765 274.223389 104.532532
0 410.15448 9.35964 54.365295 18.327702
0 332.375275 285.218384 21.671936 18.57428
0 10.649765 356.493286 21.29953 29.610657
0 271.299316 186.69931 21.757202 23.07016
0 244.497879 19.250938 21.292084 18.940102
0 407.918549 550.679321 30.736694 28.339722
0 609.682312 69.239716 21.105469 21.228271
0 59.579872 195.087646 23.15089 21.543182
0 362.152679 81.109184 26.004944 22.823563
0 489.333649 53.053406 48.75238 42.24176
0 180.948456 9.462652 29.073792 17.261242
0 445.830017 563.292175 31.041748 30.314941
0 557.38855 8.809046 34.505249 17.618092
0 260.799835 307.827484 18.828445 17.434631
0 436.855316 539.238281 20.339722 20.173218
0 621.299622 348.96637 25.805054 24.697205
0 283.330811 125.336502 19.285156 16.47583
0 463.823822 81.828819 20.599792 19.032562
0 605.5224 22.162876 60.483032 43.772591
0 217.519196 5.801594 21.645935 10.393503
0 393.631561 42.119595 25.027405 23.757507
0 268.550415 298.016663 19.312073 20.459229
