0 401.575256 469.614258 115.121155 98.289154
0 118.290436 389.636688 144.437927 118.294922
0 107.022758 565.785889 79.245834 71.822144
0 80.463936 86.930168 31.85051 28.416
0 47.285416 528.623962 78.295303 70.284302
0 435.544556 599.836426 58.968994 53.603516
0 366.532227 630.077454 40.550781 19.845093
0 540.725769 511.335754 119.571167 115.178558
0 14.34181 366.317413 22.802071 21.82251
0 627.362305 438.167877 22.223267 21.425598
0 532.144226 610.01947 24.330322 22.308594
0 432.742371 153.792114 345.43042 307.584229
0 252.374344 42.562813 22.101166 21.342712
0 198.90387 217.886276 170.217957 161.213165
0 264.095978 487.958466 28.683517 24.938171
0 72.362823 39.808552 45.442245 40.895195
0 335.392578 406.730469 76.775085 69.140747
0 396.688202 566.127319 51.05957 48.22522
0 152.853745 611.108398 98.456268 57.229736
0 101.890915 10.729017 21.911392 18.379337
0 182.989014 112.398193 208.155396 184.596985
0 634.907104 453.953186 10.18573 23.457214
0 8.705918 626.463135 17.411837 25.503052
