0 515.995178 392.255341 138.361603 116.273193
0 467.812592 88.259857 73.403625 66.113495
0 107.009842 323.24823 112.625183 99.082397
0 405.805389 137.243393 38.838806 36.547028
0 188.628448 347.044281 52.020752 45.369202
0 161.509277 36.718506 30.45047 29.006655
0 274.700958 271.522797 38.22229 34.827347
0 544.821106 68.334526 67.245483 58.316833
0 384.772095 26.441284 28.358643 25.02314
0 246.175735 148.170792 57.817963 57.598778
0 29.045429 68.71859 57.1782 65.076935
0 581.69104 425.949402 29.598877 26.765808
0 10.417822 248.877228 20.551929 22.813293
0 353.068207 204.233887 33.03241 30.973511
0 426.525696 112.644043 60.745544 54.893219
0 18.224667 609.934326 24.831985 22.733765
0 345.84082 286.747681 124.051208 118.910339
0 307.268311 245.898346 36.800537 34.133957
0 205.725479 118.720665 46.135101 43.188187
0 368.300568 104.848877 22.711304 20.020142
0 599.550598 92.523636 43.953857 38.052811
0 87.436989 540.578613 21.055161 19.790649
0 632.09375 276.523132 15.723633 42.901062
0 223.406555 189.495392 24.336456 23.379639
0 273.272339 23.664331 55.312134 45.813221
0 426.766846 421.969055 58.557983 50.91333
0 528.941772 522.018372 25.431641 22.680634
0 72.267632 370.414795 37.595169 33.753784
0 148.926346 66.794189 32.840607 32.67775
0 541.946594 469.932678 18.817261 18.11969
0 295.67627 144.155182 22.687378 20.350403
0 401.721191 453.180969 53.626709 46.647705
0 611.523865 53.769947 54.809448 48.671837
0 468.737305 475.583984 64.069214 52.171997
0 486.331146 584.192383 35.903198 34.463745
0 201.248856 45.718498 72.346466 60.603687
0 628.958374 426.32077 22.083191 29.248413
0 174.925598 312.557587 47.919861 45.62262
0 392.357941 506.002625 50.463196 44.083588
0 48.220802 393.132904 38.401581 33.88031
0 154.929031 635.223999 21.070618 9.552063
0 40.875977 256.75827 19.526505 18.056259
0 167.179443 188.697037 24.88266 24.367859
0 210.546448 293.725006 40.439392 37.235229
0 391.981506 621.130127 50.049377 36.546997
0 492.981293 516.907227 49.877136 46.009796
0 135.340652 615.483215 41.855904 37.963623
0 358.163361 240.829956 51.913635 44.356827
0 618.617126 518.106018 38.839966 37.796051
0 423.509735 313.514862 20.079529 17.216309
0 415.506805 128.794083 54.254028 49.456848
0 368.705017 596.422363 65.154297 55.598755
0 523.773804 588.316528 20.302979 19.413086
0 247.495331 537.977722 50.202209 44.735352
0 567.500549 285.212891 134.721588 126.017273
0 174.899902 582.948242 166.924377 114.103516
0 486.404236 597.603699 37.481628 37.810547
0 421.326447 345.27594 57.742554 49.742004
0 186.578659 372.288635 19.271057 17.613281
0 621.030396 386.921478 37.939209 46.220886
0 519.200745 539.231384 29.596802 25.309692
0 76.22287 176.292404 152.164856 152.322174
0 8.432673 122.179993 16.791229 41.377167
0 630.05365 480.629333 17.971924 19.920288
0 606.014343 524.669434 64.29895 44.555878
0 182.556091 516.138123 40.827972 35.242096
0 420.900116 252.709091 29.737122 27.010468
0 225.35968 333.426605 33.392303 32.558472
0 549.602417 450.379395 28.181641 25.922424
0 512.74762 626.131348 25.946777 24.56958
0 547.956177 10.607818 21.161621 18.446741
0 62.488949 382.293549 46.1567 38.364929
0 570.075562 347.490479 37.896606 33.796631
0 483.57605 149.937958 21.546143 16.993927
0 425.073517 172.668457 79.169739 60.5914
0 585.024475 532.865967 38.043579 31.233887
0 607.522461 172.247894 64.955078 108.903046
0 104.034103 383.749939 38.503021 34.09967
0 413.355713 207.562469 79.717834 69.344025
0 518.646545 547.832947 37.992767 33.638672
0 623.456726 586.00885 33.086548 88.309082
0 317.662018 29.583607 31.870117 29.98349
