0 426.260834 305.015259 43.863892 38.892883
0 572.782532 622.691589 40.369141 33.062622
0 335.165314 555.95697 42.057129 33.299927
0 180.953217 245.063858 52.318634 44.209076
0 421.608154 23.243681 32.619812 28.507191
0 340.85849 482.356934 37.384705 32.316284
0 549.073059 234.621063 38.933105 35.587799
0 147.726944 598.150269 31.683441 24.503418
0 532.533936 204.535751 33.347168 32.33313
0 68.161736 247.558716 33.827698 29.014587
0 475.435455 630.089355 23.539856 19.821228
0 554.220337 399.620117 36.686035 31.825195
0 593.421631 33.381474 25.679321 23.059731
0 489.598785 24.985525 34.418396 29.301365
0 48.22261 416.57254 96.445221 96.889526
0 133.21936 527.616821 23.665344 20.980103
0 392.055939 378.471466 23.256714 21.852173
0 555.468506 258.903473 31.736084 27.84906
0 51.219536 525.391846 33.205292 28.879486
0 514.274048 473.822418 23.407471 20.314941
0 618.125366 116.536186 22.817261 19.814468
0 613.817932 277.891724 49.346558 44.560532
0 240.044601 152.662048 20.368042 18.5383
0 444.851654 85.78817 27.96875 24.114029
0 622.844482 427.946716 23.174194 21.603271
0 396.902069 161.51622 34.365112 28.608795
0 439.934082 129.392227 51.482239 48.690132
0 519.834473 406.994232 26.893921 24.558228
0 204.1064 409.74762 55.069672 50.893005
0 602.609009 194.750244 74.782043 137.417496
0 105.490028 301.972931 29.288162 26.1875
0 202.657623 614.254761 20.202026 18.36731
0 130.525253 453.689575 41.928276 36.690125
0 181.506149 460.693207 47.807617 38.525452
0 614.576538 623.067017 50.846863 32.952148
0 268.331085 180.863434 19.401245 18.985626
0 26.408733 496.195038 21.722885 19.64325
0 148.324875 632.192017 21.704803 15.615906
0 61.057816 542.775146 21.613201 19.052246
0 72.953529 66.901566 32.17569 30.762573
0 520.632629 113.818771 23.011597 21.900864
0 468.083374 564.291931 23.713745 20.172974
0 439.736908 549.363098 42.170654 35.806885
0 634.569092 506.623535 10.20752 19.429718
0 336.053772 5.279685 20.852539 10.55937
0 418.632202 520.813354 35.493225 31.751617
0 399.767334 39.18692 22.608765 20.134285
0 565.557251 609.257446 70.358032 61.485107
0 250.320663 465.027222 91.665375 83.731506
0 297.307312 390.780029 160.620117 116.826416
0 332.991028 84.939034 54.671997 45.605301
0 299.052338 434.956665 25.449524 22.347473
0 541.291809 166.298401 49.922119 42.138947
0 557.625366 588.131775 98.361816 82.65332
0 104.485771 96.501839 72.689835 59.962677
0 574.626404 439.094513 130.747192 133.080566
0 293.050659 339.111115 21.327637 18.697021
0 461.854828 210.821533 125.241272 96.909683
0 41.067543 51.254997 32.277916 27.205765
0 40.396008 508.795471 19.814484 16.775635
0 435.743408 425.797455 53.209717 41.526794
0 369.647888 20.077213 54.679504 40.071976
0 623.725037 599.202393 19.264282 18.881104
0 551.238159 295.673218 89.244049 73.701477
0 584.610962 256.281128 29.545166 25.426941
0 140.308273 243.667175 31.014221 31.387619
0 261.221497 138.273193 19.382812 16.073883
0 196.113495 154.699188 25.51178 23.996948
0 569.77124 22.333992 32.816162 30.239107
0 467.674133 459.77121 67.627258 52.827576
0 393.65213 73.013618 20.781921 17.575684
0 611.765381 228.015747 56.00061 73.861588
0 542.05426 327.031311 49.677979 43.806458
0 28.568707 388.188568 38.941246 38.599487
0 354.363556 294.836243 17.522644 14.680664
0 546.05896 484.737366 25.663818 22.220642
0 190.526016 132.662292 25.24472 23.144989
