0 292.958374 82.885239 58.705994 54.845398
0 606.990601 117.634521 29.562012 28.781166
0 201.147583 488.839844 67.459442 67.381714
0 615.429443 471.86557 49.141052 69.707214
0 501.462646 388.391632 84.795258 76.252747
0 578.582153 47.498817 122.835693 94.718246
0 570.834045 287.066101 24.290039 23.744751
0 342.914185 24.984764 179.538818 49.969528
0 322.429626 316.111938 159.866821 151.459366
0 162.80983 226.05278 21.330627 20.212067
0 124.164825 513.085083 162.635193 143.818726
0 40.254951 434.257233 80.509903 149.526794
0 593.892578 39.810131 17.437134 17.529043
0 113.662781 113.44986 122.929749 114.777649
0 475.798523 593.162903 69.856812 70.507202
0 68.700325 315.203949 49.767563 44.974182
0 473.112061 116.87619 44.07196 39.480713
0 629.882935 133.74231 20.234192 54.626495
0 252.443115 535.91748 76.125626 75.890625
0 369.147003 577.455322 206.453003 125.089355
0 79.529366 387.30191 27.056274 25.93103
0 463.6716 257.80423 21.213684 18.978455
0 441.648376 410.860901 59.129761 53.270508
0 446.024445 242.191223 31.055908 28.30101
0 624.982544 555.966431 30.034851 34.231934
0 545.845703 301.415527 21.996826 20.206177
0 173.2677 295.695526 155.755157 134.044373
0 229.13446 386.950836 38.092285 37.047119
0 147.686249 559.938721 261.275452 160.12262
