0 29.809341 470.248199 59.618683 66.257019
0 52.86615 150.620468 27.093399 23.492737
0 132.241669 273.29837 33.856743 30.41748
0 592.333618 497.393402 51.220215 40.122742
0 20.167263 12.863579 36.562752 25.727158
0 14.219387 565.564758 26.149757 23.349854
0 520.004639 224.31218 26.416016 25.001831
0 485.830353 458.693298 33.0495 27.824829
0 199.340851 67.141426 22.431061 20.079193
0 154.382568 191.70285 20.967194 20.675476
0 578.658447 69.148109 23.598145 20.405804
0 463.317749 12.698872 25.028076 22.943489
0 612.07666 527.366211 21.82312 18.893921
0 259.968292 22.257969 82.655334 44.515938
0 496.501526 52.546745 185.560059 104.555405
0 512.806396 585.061829 23.441315 20.826416
0 559.133911 610.258362 44.14209 40.505859
0 66.922348 247.31572 19.364441 17.054138
0 435.870239 122.915016 83.457275 72.231277
0 20.444798 60.88694 19.520134 17.940556
0 196.383209 381.653625 19.458679 17.710693
0 281.932495 626.131165 47.100769 25.598267
0 610.123169 623.647766 58.058228 32.453857
0 171.609756 435.823517 43.545135 40.269897
0 592.038879 154.34996 30.338257 27.655304
