0 427.542725 483.349609 29.374573 27.065186
0 468.523773 496.268372 29.837341 26.78894
0 442.313232 99.96608 24.069702 22.99527
0 390.75058 301.327362 22.381836 21.283447
0 65.211914 614.752686 20.561874 20.214722
0 509.948914 118.665848 22.708374 21.046684
0 411.795227 335.768982 21.230896 21.1922
0 67.972755 343.499573 24.037006 21.427429
0 291.110596 632.144104 28.860046 15.711792
0 80.188881 370.561554 21.928604 23.315918
0 457.713989 543.344727 19.230957 19.244873
0 303.563629 475.039001 26.57074 25.475647
0 546.349243 120.511513 21.2677 18.148148
0 323.829773 141.729004 21.526062 19.293335
0 620.512878 190.571167 22.135986 20.313873
0 264.625061 20.584513 57.062683 39.826969
0 152.127487 493.216064 22.073517 20.647583
0 7.805935 490.251404 15.611871 19.472168
0 526.078247 75.575096 25.98584 24.383041
0 474.241852 321.437775 19.14209 17.388977
0 81.896049 404.770935 26.670944 25.395264
0 45.401512 136.395065 83.923172 75.810394
0 341.462311 22.692694 20.641541 19.175861
0 636.460022 93.430145 6.654907 20.351379
0 311.102203 13.452457 38.244324 25.883244
0 603.271484 170.115067 20.850464 17.336456
0 633.096375 339.546265 13.807251 17.381226
0 11.190306 230.824554 19.65324 20.620392
0 407.881042 389.171814 31.802124 29.145325
0 140.027359 580.83667 18.218719 15.539062
0 454.638794 66.043259 151.114746 109.81778
0 139.02446 161.65831 108.606415 90.323517
