0 504.558868 268.338104 57.114197 56.626602
0 552.541626 357.066833 99.107422 91.907166
0 598.643738 187.677475 40.166504 39.583527
0 469.005188 398.057831 33.548218 31.987976
0 405.448425 251.911789 32.549316 29.373993
0 512.47467 75.424278 30.293793 28.342113
0 260.409088 116.346481 27.522949 26.065765
0 134.759689 545.408997 33.257957 31.768066
0 447.050629 506.254333 22.93335 22.342651
0 210.838074 331.058502 49.21228 40.572693
0 406.205658 29.004604 33.363831 32.128197
0 463.656525 8.683764 41.498596 17.367527
0 92.336723 403.592773 26.552811 23.9245
0 167.235001 304.063263 65.755829 60.321594
0 367.928528 516.845276 20.23175 19.580475
0 629.938049 564.849304 19.578491 20.126709
0 567.764832 70.092232 25.312378 24.87735
0 438.364197 267.105469 40.828796 36.285477
0 554.9375 234.733353 24.18689 20.735107
0 139.540192 108.679451 48.781731 42.503494
0 231.672516 310.250549 22.781006 22.545959
0 183.334427 181.057404 22.662567 21.040588
0 11.234854 617.710205 21.627945 34.816406
0 96.888931 117.253281 46.265732 41.741188
0 124.440338 80.366257 40.893799 36.708664
0 85.44529 80.887314 52.655933 47.317032
0 120.984818 526.092407 21.77475 20.783936
0 356.580414 333.428558 23.02887 19.608215
0 384.983459 184.795898 22.785522 22.9328
0 284.128632 439.337372 21.342712 19.271301
0 581.23822 435.195435 23.27417 21.35791
0 631.772034 240.41217 15.946167 21.854919
0 508.893829 491.970947 46.39032 42.787842
0 293.916046 22.265558 49.306519 44.531116
0 62.790268 250.950562 22.312588 21.479248
0 572.461487 478.742737 18.56543 17.741211
0 339.381683 314.40152 23.901123 20.952026
0 287.71875 113.025154 24.259521 20.663452
0 37.500401 148.735077 22.626762 20.952179
0 496.178741 535.215576 21.372314 20.930176
0 79.108101 219.05806 37.047619 35.059418
0 519.082214 233.866653 20.065674 18.859436
0 432.934357 176.867722 22.909729 22.603546
0 228.660507 194.19928 21.321991 19.982056
0 250.455963 349.453125 27.031479 22.718445
0 558.238525 509.422852 49.589355 44.700562
0 465.378815 86.892601 19.139648 18.103622
0 594.512268 403.698669 33.180786 30.969543
0 393.503448 439.586884 22.547485 19.509155
0 516.535706 340.272583 30.894531 31.191833
0 294.772705 296.804535 21.930969 22.030273
0 87.894325 398.638336 175.788651 214.226624
0 235.791748 213.679962 21.865082 21.344696
0 315.914856 309.025238 29.296387 26.689331
0 241.049759 385.534027 23.200897 19.889282
0 281.766266 271.037201 33.928833 29.901489
0 446.56546 138.691437 60.017212 54.507423
0 361.837494 491.816315 21.717468 17.41272
0 610.029297 505.508636 19.707764 16.555603
0 506.249207 438.823608 19.474213 18.204346
0 341.153473 542.278503 17.889526 16.843262
