0 502.681305 155.555557 37.129822 36.383179
0 336.334167 319.183777 35.093445 33.295654
0 291.450714 157.532379 36.889709 34.38797
0 258.697754 43.460983 47.852051 46.023895
0 161.33252 301.22168 19.316711 18.307068
0 366.134705 379.565521 74.694458 66.835754
0 552.712646 188.258789 28.988647 27.329834
0 387.904816 534.680359 27.890625 25.467407
0 585.039001 351.230499 19.156616 17.139893
0 83.767952 155.782043 52.036072 49.070221
0 130.859558 186.146133 57.304474 52.246216
0 357.774414 259.418396 23.004028 19.636353
0 98.902588 236.765823 40.580383 38.31488
0 486.515289 253.355484 32.009888 25.644073
0 438.352051 72.640015 81.042725 71.608475
0 490.421295 57.99194 18.950989 17.562843
0 285.090729 182.533051 93.587265 84.664062
0 167.27626 194.510483 22.978516 21.09671
0 555.449524 132.909821 33.507935 29.108269
0 624.471619 446.417297 17.963379 17.416687
0 343.588593 145.789093 28.889893 25.511017
0 50.318512 483.746399 33.173508 28.024353
0 591.083923 35.829353 94.091553 71.658707
0 530.123901 36.232327 36.931244 34.267632
0 299.380219 418.722717 85.536133 66.328186
