0 134.513031 416.2258 68.423584 65.404419
0 44.920998 328.743713 70.979019 68.027039
0 81.95282 379.549469 74.371277 72.192078
0 364.609497 331.740479 34.255859 31.256104
0 217.202942 299.957153 23.50061 23.059021
0 161.426575 299.400757 33.219513 32.070679
0 33.251419 432.358643 35.530289 36.048706
0 565.64624 416.744354 31.519653 27.860474
0 423.902039 365.925446 47.379089 41.170776
0 72.490707 303.616394 21.882069 21.452454
0 382.820007 577.90802 48.740906 43.348999
0 35.129829 491.56311 61.099407 56.457306
0 64.30957 564.118652 19.765076 19.109375
0 290.497559 566.652405 21.082397 19.300903
0 630.859558 341.522827 17.890869 19.291748
0 140.794922 557.339172 273.013062 165.321625
0 142.749268 352.183655 19.100952 18.68457
0 414.894897 614.153564 74.001465 49.856079
0 105.068024 193.472534 37.539917 28.164581
0 278.998352 308.861755 18.822937 16.889648
0 114.224274 220.625259 72.226532 57.830719
0 333.824677 439.115021 57.990601 48.879089
0 41.546608 27.409363 71.797867 51.730301
0 446.29895 325.29718 89.97467 88.072937
0 553.586914 563.967041 24.996704 23.16394
0 261.944183 472.541992 115.847916 96.014282
0 326.112823 568.441772 20.971008 18.817627
0 133.56723 255.92688 20.70163 19.733643
0 16.301371 83.134926 17.252647 16.302399
0 241.833191 162.111603 14.999878 14.143585
0 168.642242 406.301605 20.935913 21.094727
0 89.927452 495.80957 51.850876 43.683197
0 22.570606 195.506546 45.141212 106.825684
0 231.139832 489.351959 53.024918 46.239319
0 141.115692 106.169647 43.926056 38.91066
0 197.135101 354.727814 67.53241 59.549866
0 328.958557 250.757202 32.101929 27.537491
0 554.821045 208.048553 20.198853 18.861298
0 469.607269 371.656677 42.382874 40.294312
0 379.832855 300.917694 49.106689 44.002869
0 11.003613 535.968994 22.007225 30.77124
