0 407.039764 53.701687 45.34137 45.953255
0 111.975372 43.956215 56.022491 53.251904
0 127.165169 331.023987 52.786453 51.62207
0 57.42894 488.185272 28.106083 26.738953
0 472.99823 97.085083 26.103516 24.968948
0 609.747314 378.463867 21.778198 20.14679
0 603.883545 13.101238 36.401245 26.202477
0 471.942444 363.243042 21.939453 20.660767
0 542.539734 177.702835 20.494019 19.717834
0 138.472229 211.261032 43.932251 38.867493
0 378.4935 360.567902 20.882385 18.618469
0 52.239815 86.970909 22.406517 20.784515
0 92.529671 326.263062 20.95929 21.416077
0 147.785233 507.568176 22.59201 18.64035
0 554.888489 627.500916 22.964966 18.423828
0 617.398132 278.950928 19.763794 18.491272
0 469.310608 192.418091 23.789124 21.089783
0 312.37674 380.580933 25.052063 24.207336
