0 76.805901 85.06266 60.382153 52.155411
0 336.321808 333.181549 92.629761 83.015076
0 455.721985 266.304932 46.174255 42.979263
0 496.136505 85.764374 29.633118 28.199921
0 499.736877 113.75547 30.90332 27.635757
0 16.989433 580.065735 33.978867 39.591675
0 56.258976 301.48468 112.517952 138.305908
0 430.061829 209.580521 24.117004 21.358917
0 487.541809 31.766092 30.134766 26.536228
0 601.034973 398.306763 21.725464 19.450378
0 456.270813 529.713684 337.241821 220.572601
0 613.065125 111.541641 19.882202 18.51651
0 198.588974 56.903206 50.755829 46.396221
0 213.428726 186.487762 20.571686 16.575684
0 150.426498 22.801773 17.906128 16.882965
0 78.047218 33.981537 19.778351 17.894012
0 587.145813 13.751495 19.375122 15.204597
0 634.806946 564.337158 9.93103 29.850708
0 166.678696 502.651886 158.597931 133.559265
0 283.926605 28.98682 18.199463 15.575739
0 466.031921 308.87677 43.127075 36.522339
0 420.574188 335.847198 32.580872 26.937256
0 627.929077 334.934509 16.724854 18.239929
0 207.255585 35.024029 46.3013 39.294258
