0 493.745605 353.975739 28.564941 26.640076
0 371.224548 541.961731 29.871521 25.395386
0 536.463806 219.517731 23.470947 21.727448
0 489.424744 606.030762 24.504028 22.253296
0 143.799881 404.194153 23.973389 23.132324
0 618.184082 225.250275 23.189575 22.893707
0 562.34491 196.304596 25.091309 22.084076
0 409.094147 28.911097 27.618408 25.497669
0 563.057434 214.487198 21.545166 20.000214
0 529.96582 342.37674 47.125946 39.137146
0 459.290619 118.397049 21.644287 21.774208
0 550.779724 442.689819 70.723389 65.287109
0 348.50058 283.28183 25.349121 22.256897
0 392.350128 50.947411 89.716614 73.465866
0 326.536774 390.009003 23.424377 21.927856
0 390.25058 287.47464 20.253479 17.60144
0 97.677391 44.056007 19.308594 20.462959
0 113.779907 269.587128 30.608368 30.828552
