0 596.742798 471.550293 41.803955 39.59491
0 544.201294 264.811432 27.993896 25.035767
0 415.880219 577.996765 39.178528 38.110962
0 153.014572 456.820923 41.295074 34.38678
0 97.214973 357.75177 32.8452 31.643555
0 557.67926 190.697083 40.781616 38.488983
0 31.880234 438.862091 20.52313 19.477844
0 328.587341 317.390869 26.832581 24.069153
0 58.083534 568.852661 22.3549 20.09082
0 86.86042 469.926666 22.52713 23.059082
0 113.30674 612.333801 17.150604 15.707031
0 616.063354 136.923294 27.285645 26.562111
0 619.04834 428.007324 39.375732 67.440979
0 630.001465 354.04541 19.515381 20.82251
0 64.939125 320.807373 19.857468 18.586548
0 115.156914 488.707123 22.064285 20.132629
0 537.300964 388.138031 18.484253 16.216675
0 484.572479 328.313812 21.081543 19.792847
0 553.597412 398.842957 21.054565 20.359558
0 181.155212 383.289764 16.353546 15.256531
0 141.461761 521.277893 21.256897 20.89209
0 487.786438 208.100952 22.025879 19.030884
0 585.612183 583.165405 21.093994 20.875244
