0 298.230988 595.776428 147.648514 87.481567
0 441.158508 175.071014 40.748718 34.444183
0 549.514709 588.191895 178.328125 103.61615
0 198.682541 437.098572 48.325623 40.678772
0 301.881195 396.782349 57.308899 52.874939
0 402.075684 173.835663 263.667603 255.040894
0 228.2966 262.153931 27.847198 24.413574
0 27.971096 429.161591 45.07254 35.440063
0 422.149261 425.361084 26.921021 23.343933
0 518.188721 380.606506 22.686188 20.398926
0 126.550644 263.770813 20.401031 20.306992
0 334.128906 252.959824 20.83551 19.372589
0 112.912354 401.457977 23.072083 20.461304
0 289.746307 633.431152 21.0448 13.137634
0 75.610359 250.329102 23.754452 20.891678
0 615.749939 484.101562 48.500122 57.554932
0 51.12365 77.016731 34.47731 32.490952
0 626.196716 367.637299 27.606567 36.970215
0 347.665131 360.253937 22.098328 18.140442
0 251.725128 400.877167 61.965759 57.488403
0 14.321876 18.447783 28.643751 31.028522
0 313.220154 509.817505 26.349182 20.944183
0 4.76599 125.097687 9.531981 32.501122
0 556.020447 440.420746 25.594482 21.526855
0 355.507538 40.530586 59.017395 55.49028
0 603.62323 389.642395 24.643433 20.964905
0 567.987549 206.162231 136.246826 155.18634
0 86.889015 313.383881 21.482086 19.319824
0 142.387024 537.367493 21.151947 18.02002
0 48.441666 347.067352 23.900223 20.565979
0 227.592255 36.618607 29.207611 28.000259
0 393.741394 235.459885 32.13208 25.777618
0 190.01329 481.361053 21.441467 18.908875
0 94.676628 264.900055 21.893784 18.756653
0 259.733154 75.639442 19.586426 19.70784
