0 232.740128 376.348145 41.337769 39.05365
0 244.916534 105.060867 151.461487 169.140839
0 399.664948 444.740784 54.889893 47.236633
0 545.079895 286.138794 26.437622 25.787964
0 408.185486 343.045959 30.187378 28.08551
0 485.249695 115.44458 309.50061 230.88916
0 318.196838 359.377991 36.120789 34.376099
0 312.850708 488.257996 57.669983 49.761108
0 473.378723 295.700714 67.861816 60.865662
0 167.270187 198.828949 30.674774 27.041779
0 32.001663 114.30304 64.003326 84.098846
0 418.259644 198.356125 35.773376 34.06665
0 19.24968 504.270569 28.358368 20.534393
0 358.97937 475.710999 52.672119 47.514954
0 178.051193 239.090668 54.110229 48.926956
0 267.73764 459.480072 41.002426 38.721436
0 331.141357 395.506622 22.522888 21.361877
0 59.160248 180.01149 36.502335 34.092285
0 72.828506 297.132477 42.098663 38.344788
0 248.625977 351.555054 31.499771 28.763428
0 369.931763 307.773132 52.377991 47.186829
0 46.875824 154.473267 25.270332 23.378601
0 119.494553 150.840942 130.932648 111.509399
0 121.209366 50.895851 201.65509 97.484665
0 617.536133 21.819954 44.927734 40.655952
0 217.101379 446.631165 64.652557 58.429871
0 511.536926 129.39209 22.415497 21.173187
0 60.052666 488.562897 34.268513 31.188232
0 180.403763 370.16449 25.615814 22.487732
0 528.578857 396.361145 204.199951 207.38855
0 90.919571 41.199417 17.939072 16.895638
0 435.920746 351.054749 31.184448 28.520386
0 46.392418 424.695435 19.552284 17.226746
0 355.963104 505.397217 28.557129 18.609772
0 413.097961 486.360443 75.548401 57.050598
0 378.668823 181.843369 26.557739 25.156433
0 8.46237 70.205139 16.92474 33.089935
0 31.167849 76.716202 32.256641 28.399944
0 451.825409 139.666779 19.917053 19.190063
0 21.287716 179.690521 33.979347 34.503418
0 229.937241 503.621094 34.173767 16.853363
0 150.551529 481.540924 20.078979 18.157715
0 335.761963 455.803375 25.955566 25.730896
0 20.321686 389.346069 37.645905 35.926514
0 327.613068 452.138519 46.967468 39.987122
0 390.153107 368.710266 25.103394 23.728455
0 362.085663 436.193298 30.798218 26.794067
