0 552.826721 52.591614 50.6073 48.58466
0 512.615234 590.384888 33.026001 29.581299
0 336.962799 382.328003 25.156433 24.113098
0 65.755684 455.65155 21.390018 21.086731
0 113.057724 275.58905 21.006439 21.216919
0 423.342896 234.415741 22.055603 19.542145
0 492.856995 617.122375 21.109619 20.375122
0 541.012085 554.864929 26.910156 26.092896
0 439.853027 275.890625 35.620422 31.564575
0 282.431 356.328033 23.84198 22.366943
0 354.182678 244.818466 19.157715 18.003754
0 267.421906 601.004211 44.513489 40.60083
0 491.357422 563.238098 21.071045 19.470703
0 587.026062 91.962563 18.513184 17.398987
0 274.796204 298.17215 20.570557 18.536438
0 98.922615 307.757782 18.300171 17.001404
0 473.283661 537.726562 18.47168 16.389404
0 115.155037 568.681396 19.372574 18.228394
0 445.776733 259.343445 24.196045 21.544113
0 443.593964 166.80986 27.243469 23.480804
0 414.817688 459.569641 26.508545 26.127502
0 60.722847 552.232849 38.134838 33.52356
0 342.034851 545.234375 33.584106 29.003174
0 68.747276 94.961731 29.275452 25.581116
0 564.124146 470.758484 18.718018 18.161499
