0 86.750572 83.431503 74.134872 66.314758
0 411.286804 328.663208 53.134949 45.652893
0 620.884277 116.437004 33.44043 30.910233
0 111.280746 180.546219 53.477783 49.156006
0 84.624992 370.732483 31.185547 27.984009
0 314.351349 341.421692 40.514526 39.153442
0 487.516754 284.31073 29.862854 25.824768
0 619.621033 278.609039 25.285522 23.936157
0 445.041168 135.628464 26.385193 24.727631
0 235.435074 446.969971 48.932465 43.137451
0 252.825104 175.433258 80.165024 67.942902
0 513.892639 619.115173 33.845825 33.325806
0 305.539795 58.392525 27.71051 24.193604
0 150.497726 41.441772 69.002411 61.310928
0 149.78009 460.460938 35.803711 34.078552
0 315.277679 29.901577 26.193176 21.206825
0 19.541933 488.749542 34.046803 32.722473
0 178.469772 182.33168 23.839661 20.363586
0 146.951462 72.699364 31.064026 27.407963
0 152.126373 231.011139 86.726433 79.385437
0 118.569534 393.215179 55.676086 50.900146
0 362.05777 535.761108 23.292297 21.196899
0 621.895935 452.888153 31.605103 27.97937
0 100.728416 355.196381 32.933212 29.407349
0 427.677643 575.548218 20.987366 20.425171
0 553.423584 400.337769 21.673462 20.355469
0 401.029266 457.175751 21.567566 18.352722
0 325.122833 569.821472 28.470154 25.852295
0 341.167572 49.739601 48.508118 43.896942
0 237.978577 204.83429 81.097855 75.319946
0 235.722366 121.564377 57.98819 53.849426
0 34.33651 279.863037 18.426552 15.980774
0 378.80603 352.41272 42.942505 36.588928
0 405.58725 290.214294 35.413818 32.958252
0 434.426514 42.118889 21.335815 19.542366
0 363.14505 7.836373 25.620728 15.509165
0 389.618774 603.432617 78.19751 60.167358
0 512.990662 172.392822 20.215942 17.907928
0 196.981293 116.190376 21.246521 19.606064
0 245.021149 148.435257 69.768723 71.782013
0 437.840881 446.981628 59.060059 48.725586
0 339.545074 301.350494 21.729736 19.690186
0 629.082153 455.74057 21.835693 22.748108
0 81.199883 23.850986 107.335464 47.701973
0 442.458984 307.840576 24.262573 19.705444
0 601.743896 610.872742 76.512146 55.810791
