0 414.324829 498.999023 31.906738 30.480438
0 76.939781 371.614075 25.828598 23.723145
0 196.440063 76.29612 26.396271 24.4216
0 229.945999 85.704849 40.856598 37.762512
0 146.22493 160.433472 39.225311 33.862793
0 104.760345 528.905945 20.836853 19.205933
0 170.01973 131.636581 45.996948 36.516052
0 191.784698 577.010254 26.824921 26.393555
0 183.115479 165.421661 39.158936 35.933624
0 40.412361 346.766724 80.824722 153.843445
0 332.0495 71.972321 48.237427 42.839691
0 50.883411 533.429871 20.554176 19.783936
0 237.572144 301.145142 21.963867 21.406311
0 14.279253 588.568115 26.211983 24.159668
0 205.105453 185.506378 29.109161 25.379944
0 93.645645 396.737915 19.124451 17.858032
0 209.632614 197.028168 32.951263 28.841736
0 372.704163 120.879837 32.111145 27.378204
0 112.212379 455.276001 19.661301 18.465576
0 41.984093 62.835777 83.968185 85.55014
0 361.00293 603.506287 61.875122 63.95166
0 146.066238 357.131897 23.927582 21.284302
0 209.765244 137.366333 36.785431 32.797539
0 165.405029 82.59446 31.243225 26.020554
0 147.871994 291.571686 19.052887 18.737549
0 161.244125 133.828308 27.09201 25.909508
0 191.536255 462.448578 109.698395 95.753723
0 340.970886 270.504456 35.414612 33.698868
