0 67.80368 238.965164 35.290253 28.526337
0 401.299286 137.529785 121.604919 108.683357
0 150.031509 78.3311 32.021759 29.151123
0 115.886215 104.101471 51.575409 41.492416
0 198.385925 131.004822 121.606323 90.09726
0 594.172302 101.140594 88.784546 82.034187
0 317.101532 119.042862 93.198975 86.694794
0 385.16214 45.024101 27.484131 24.730652
0 157.678131 492.66095 94.133247 83.707733
0 169.527649 329.030792 118.863647 96.747742
0 583.136902 458.275818 56.06897 52.922241
0 35.601501 151.319672 70.187317 77.032196
0 458.695831 317.737885 139.002869 101.390259
0 75.654587 574.513733 25.855011 22.799438
0 616.930786 535.238831 46.138428 73.542267
0 264.698761 90.877548 56.270752 52.398056
0 585.463013 272.548248 108.692871 127.155472
0 471.647339 179.325592 103.710205 109.351494
0 65.074524 50.145348 130.149048 100.290695
0 100.713516 609.404053 34.860107 33.166626
0 254.699127 566.322998 91.734619 79.739136
0 180.570389 594.003235 99.271576 80.384521
0 356.253784 263.776703 76.954224 67.125305
