0 560.580933 315.543854 86.323853 81.304077
0 367.785034 260.769348 26.219238 24.384872
0 197.313263 20.21874 32.256012 28.737484
0 546.442383 247.939331 29.838135 27.668015
0 117.149139 458.402405 68.763115 62.223633
0 446.914978 78.713295 34.560486 30.171741
0 254.553436 153.488586 26.1698 22.290253
0 595.460693 360.084045 27.557373 26.222961
0 186.406296 185.192657 23.565918 22.420288
0 69.435005 123.523651 45.897167 40.319824
0 187.239471 66.177841 23.174561 22.37352
0 51.010941 583.926453 102.021881 104.62793
0 294.709076 616.114014 43.688843 39.541138
0 281.184326 295.706421 23.14624 21.772949
0 510.269714 593.013489 27.548737 24.94873
0 287.434113 550.977234 34.650879 31.556152
0 467.923279 590.356079 45.691406 40.90918
0 367.21933 52.126186 44.06488 39.515816
0 506.925964 341.30191 33.412506 31.999695
0 549.647461 586.383728 25.803955 22.568481
0 131.184326 57.267879 23.508568 19.796944
0 86.038795 617.340027 22.73613 20.690552
0 551.313965 351.201019 29.56958 26.426758
0 364.923584 9.920034 33.422729 19.840069
0 493.101776 211.475235 64.04425 55.946533
0 601.168213 19.548536 25.538208 23.176655
0 596.176147 419.611847 39.750732 37.528442
0 48.834251 523.976929 40.007538 38.029266
0 492.855042 266.033569 98.079315 91.489868
0 51.141171 291.448181 21.984505 19.580078
0 344.578156 315.336365 21.357239 19.30426
0 308.170776 434.428833 40.7453 37.470398
0 347.289276 293.921509 19.538086 18.509216
0 5.347733 412.729614 10.695467 25.713623
0 442.051117 102.406219 25.361084 23.272339
0 321.591064 195.22998 20.325134 21.593719
0 420.41806 338.910187 35.887207 35.769897
0 145.740692 558.365662 27.116089 24.411377
0 610.031616 529.778442 41.153564 40.390137
0 603.914001 487.87439 21.047974 19.221252
0 40.392498 315.803345 23.233063 20.491333
0 75.105453 55.319584 67.915344 58.570534
0 410.314728 7.308689 40.387024 14.408829
0 83.795441 481.849854 43.315399 40.270813
0 161.352982 136.974915 24.437866 22.605011
0 486.993134 558.994141 32.407227 27.535278
0 27.910858 28.622169 55.821716 51.646378
0 341.174438 548.49884 30.680298 24.686279
0 600.898438 260.629608 29.496704 26.466675
0 106.81031 285.516571 40.407104 36.916626
0 561.215393 188.429413 36.88623 34.766479
0 22.245266 154.246109 28.799063 26.859344
0 309.712341 530.797119 35.327332 32.345337
0 561.794067 405.128845 18.049561 17.112488
0 277.245972 473.980743 52.961914 49.265076
0 417.057709 154.32486 48.655212 46.028534
0 119.697678 70.715927 19.87838 19.130825
0 555.404785 358.694611 44.207275 42.024719
0 11.980309 118.831024 23.960617 59.275688
