0 153.230545 166.791107 137.063629 132.633972
0 71.305176 247.046661 107.545456 101.757141
0 283.371338 570.366577 34.180115 30.173218
0 385.50293 317.967865 29.908264 27.68573
0 497.496155 626.40979 49.024811 27.180359
0 275.284485 434.580597 28.855408 26.81781
0 615.059204 420.467346 26.480225 24.348145
0 315.757812 604.03894 26.609619 24.356567
0 385.720734 564.267517 32.151123 30.601074
0 143.092575 441.169922 23.582947 21.702026
0 424.76825 537.405823 71.511414 62.530151
0 544.720947 233.872009 24.582153 23.458038
0 604.464417 235.904633 31.606445 31.554382
0 142.663452 25.080597 31.94693 32.639908
0 564.782898 392.804199 95.747437 86.811523
0 366.937958 298.695221 25.648499 22.975769
0 391.504089 344.457275 23.162292 22.418457
0 612.521423 317.992889 52.477295 52.878601
0 344.959106 409.100159 39.544128 38.128967
0 493.084137 503.704102 20.96405 20.630005
0 591.195007 347.828278 77.379883 65.770935
0 193.854706 594.394897 21.941925 21.344727
0 477.613617 145.679306 21.401794 19.918854
0 133.2323 482.94986 21.291939 18.355896
0 216.861359 620.545959 82.419739 38.684448
0 432.964844 234.279999 43.466614 40.698608
0 318.460724 157.796204 21.159424 20.314758
0 251.347046 293.449219 101.009903 81.158508
0 106.620438 39.209961 43.259972 40.323944
0 240.085754 233.779022 93.179688 81.348831
0 272.134766 539.508667 22.629395 21.081909
0 477.66156 601.476685 36.630615 31.545166
0 397.713684 209.897278 61.121948 53.299896
0 330.290955 624.162415 23.822144 19.884521
0 475.231903 571.839722 30.972839 27.353149
0 276.278839 9.262499 44.306412 18.046585
0 452.320953 365.721375 44.468994 38.683533
0 560.188293 439.453857 27.277222 23.459595
