0 375.69632 428.495911 38.48822 41.3125
0 195.932571 82.84626 50.719238 46.697254
0 305.891846 111.549202 28.368042 25.499283
0 610.118958 232.207916 59.762085 81.060684
0 517.59375 68.726547 53.676727 48.885838
0 476.360901 51.420261 45.668335 44.724068
0 284.360138 199.883896 24.116577 22.925964
0 442.93338 508.024963 21.0849 19.924286
0 528.082153 214.627914 26.139038 24.148865
0 480.190308 360.824493 21.893188 19.888
0 447.0802 266.038483 18.106506 16.461121
0 519.835938 176.059479 21.505981 20.330139
0 531.796631 310.765045 20.753784 18.973022
0 481.220032 343.257446 20.232178 19.398926
0 96.787819 297.959564 30.085281 26.656372
0 602.955444 55.080742 44.575439 39.353973
0 535.231384 384.65155 28.192017 24.834045
