0 557.037048 88.964615 88.180054 83.049408
0 180.462082 453.415649 33.329803 28.677917
0 129.419693 183.4944 59.444458 48.491333
0 20.931175 35.376846 41.86235 37.509308
0 586.286255 19.828602 57.607666 39.657204
0 287.282349 491.547852 38.400513 32.668091
0 435.783142 496.375214 26.003845 22.866394
0 624.487915 187.906464 31.02417 48.132782
0 442.279938 542.173828 25.962463 21.846558
0 408.96582 448.417389 29.699463 23.237427
0 437.328247 344.028412 24.684753 21.755371
0 448.197144 407.671173 24.870422 21.200378
0 34.826401 68.054832 30.379362 28.587955
0 443.539368 78.008301 31.298645 28.474903
0 376.230347 455.455627 26.998596 25.453857
0 553.998413 63.202049 55.505737 46.57069
0 474.67041 387.847107 40.296509 34.323608
0 111.906799 19.010807 21.554367 19.807835
0 237.796875 571.30426 28.433929 24.842285
0 146.767532 370.659851 120.355896 90.084412
0 509.191833 291.358887 31.954346 30.183044
0 111.455261 620.115417 71.785583 38.657104
0 184.946152 554.040466 30.370422 24.600952
0 114.120132 110.422348 25.148407 22.230759
0 72.794342 265.365356 28.926758 26.460144
0 134.812225 34.221184 33.312714 34.333801
0 296.064697 148.148895 46.764099 39.715424
0 270.286194 545.866455 22.766846 19.104736
