0 270.382935 220.873627 29.29277 27.091064
0 221.406464 562.471313 25.290802 23.502075
0 228.151978 608.693359 59.515381 55.472656
0 472.868988 603.224182 55.239685 48.955688
0 612.738464 493.44162 51.354004 51.478455
0 296.653961 209.746948 23.423828 22.00119
0 72.88205 102.897446 23.327255 22.547775
0 267.415131 460.998474 20.552063 20.162109
0 33.630001 8.306484 21.813972 16.612968
0 128.121399 621.109009 88.222588 37.781921
0 586.171997 28.520868 20.28772 18.653728
0 15.926788 102.610672 22.941074 20.788956
0 110.589111 570.403564 57.222504 51.877808
0 557.494751 406.44281 133.598267 126.119568
0 466.862762 618.283997 67.796753 43.432007
0 551.79834 516.786865 75.52832 66.069794
0 171.935486 10.581039 19.871002 18.544144
0 564.088013 487.806396 52.630615 45.389343
0 34.015858 439.529236 50.469849 46.891235
0 464.883606 174.508759 323.2323 337.791321
