0 563.637939 217.603073 29.890625 28.401093
0 420.105927 16.321241 31.549927 27.868649
0 67.852249 496.894958 18.07745 17.29425
0 418.688599 490.44278 24.23175 21.689087
0 414.571442 107.864174 23.751953 20.998734
0 69.995247 186.289398 40.49242 37.708618
0 362.97937 559.615723 44.937622 45.852661
0 56.606766 72.512253 51.814163 48.289841
0 386.056244 587.533142 42.216797 37.833374
0 332.127899 437.584167 55.793152 49.084351
0 230.071701 455.52655 24.285004 21.723877
0 66.527222 150.612885 48.55397 39.242554
0 506.96701 59.871262 22.194519 20.318798
0 416.911774 579.180725 18.148193 17.463501
0 373.120728 191.921356 24.995117 20.370239
0 461.644012 543.775635 18.861816 17.777832
0 432.245636 630.458557 46.35083 18.196777
0 371.684662 281.227112 128.914612 115.3004
0 382.519714 273.301575 29.323242 21.068054
0 115.730515 193.617645 55.233368 50.265808
0 14.456167 67.85817 28.912334 50.201126
0 427.690704 531.435852 64.424622 66.875732
