0 523.889771 286.525452 183.122406 163.052246
0 496.920258 579.417969 177.377136 121.164062
0 103.843002 437.380829 62.756554 53.687683
0 26.193087 540.845276 25.580853 23.127441
0 578.03009 6.737308 37.467407 13.474615
0 395.484802 134.073013 21.740051 20.782715
0 270.811951 286.407135 97.390427 86.520752
0 290.635773 503.421631 21.931641 19.857544
0 331.943207 558.270081 27.846191 22.037231
0 79.026115 609.614502 78.465195 59.346191
0 622.270386 409.374908 24.817139 19.35553
0 614.554016 509.158691 20.589478 18.51651
0 329.058136 634.491577 30.56134 9.956177
0 23.229443 486.931641 22.879309 18.96405
0 46.608131 459.048584 22.181244 18.463684
0 172.497238 608.19928 24.863922 23.595093
0 17.383057 503.434113 23.793297 21.070129
0 15.914229 450.085114 31.828459 36.430054
0 25.503563 376.248718 20.26169 18.609192
0 149.490906 114.022568 271.488708 228.045135
