0 361.670074 602.097168 42.718994 44.046387
0 448.337402 413.625092 170.914581 191.529724
0 89.529655 474.039398 35.72377 34.294189
0 197.768295 116.392883 43.243134 41.09481
0 168.503342 503.213806 62.419891 53.470612
0 200.960068 290.029327 37.857391 35.631653
0 85.411293 17.801037 39.124619 35.602074
0 348.367035 403.139526 40.096741 35.691528
0 49.127487 276.441742 69.954926 66.951035
0 255.641479 42.413551 35.542648 32.211685
0 549.218872 160.715363 64.28125 58.221558
0 114.307281 200.734528 39.81086 37.562622
0 187.356354 44.160034 28.781738 26.676817
0 208.24054 152.388062 36.860474 34.333801
0 175.349518 140.963913 28.316498 24.979675
0 342.138733 439.28299 46.30481 43.187988
0 623.130798 624.199951 32.969116 28.556274
0 627.454529 565.427856 23.955322 24.247192
0 299.636627 157.293335 48.844604 44.483185
0 187.321121 465.917297 59.619781 53.774658
0 68.865082 491.248474 23.345646 21.040649
0 381.934448 340.403046 38.303589 34.431946
0 37.367985 609.60675 30.17601 26.723877
0 94.646744 150.916519 31.26796 28.031616
0 344.289032 150.201904 38.589783 35.161377
0 305.49176 600.946106 31.28241 27.657837
0 242.115662 123.198257 24.304077 23.914711
0 523.61322 115.757416 37.856659 34.255608
0 595.90863 606.795349 43.091064 36.268921
0 519.361145 51.707783 140.746979 103.415565
0 143.638306 621.91925 41.293121 33.534668
0 16.520929 196.594742 22.872356 21.845551
0 41.790108 62.785919 83.580215 106.135239
0 382.938934 318.836334 56.371521 56.119629
0 161.267776 69.981346 25.240692 21.170441
0 414.141418 290.26413 29.13562 26.936829
0 50.218697 583.167297 27.262383 24.211792
0 42.783882 316.176727 38.118248 34.94989
0 537.616089 543.819946 36.792969 31.356689
0 611.665039 492.751221 22.264893 21.693787
0 543.347534 89.792809 49.890137 39.40358
0 456.834351 107.457367 31.286133 26.021545
0 167.108078 40.625805 19.795685 20.556452
0 13.262433 299.072571 26.524866 29.634827
0 277.246216 450.532562 64.629349 63.011047
0 163.64325 563.099487 36.833771 35.029419
0 396.685242 90.654358 57.966309 50.697754
0 121.168686 455.389404 48.018799 42.185852
0 348.740204 567.587524 32.933167 29.250122
0 263.677277 558.905396 38.219055 34.290405
0 603.984131 482.956909 32.906128 27.105042
0 75.373955 187.067932 43.482071 37.33548
0 37.596779 21.964165 62.448071 43.928329
0 376.396576 250.461746 73.213806 68.075287
0 280.905975 622.05072 30.737732 28.024658
0 354.357483 82.134857 149.793396 134.52417
0 565.15564 628.610107 44.860962 22.779785
0 631.910645 589.046326 16.17865 30.940308
0 609.006958 557.729004 19.197144 16.565552
0 444.725677 81.750153 32.020569 30.833801
0 581.677856 308.31189 60.220459 53.309998
0 101.128494 71.918884 20.905655 19.030228
0 37.038509 233.433334 61.479897 56.762482
0 144.739883 613.427856 31.647644 27.176392
0 274.122528 499.364929 129.550369 118.752167
0 294.23291 321.117493 37.172119 32.323303
0 362.363251 243.077667 41.643738 41.036636
0 477.605927 95.977875 24.86969 23.376892
0 274.357971 584.473511 24.80011 21.567139
0 59.32814 339.460815 89.712036 88.399292
0 457.899384 508.423279 39.680908 33.6362
0 164.441849 51.234528 24.665985 30.343765
0 9.966051 531.668945 19.932102 32.169434
