0 571.408813 171.608887 120.996826 94.651001
0 481.896454 48.1707 125.102722 90.033142
0 443.943176 130.173676 144.95694 122.29306
0 336.531982 406.636261 80.524536 64.209045
0 397.247375 28.734791 53.582703 44.520874
0 587.957092 324.890198 36.635376 30.550476
0 561.251831 569.75238 32.526733 27.829102
0 102.842674 12.851648 60.648788 24.834995
0 537.427673 23.344671 48.433838 41.395908
0 269.170898 33.500267 134.062073 65.931335
0 390.31955 592.488403 199.944946 95.023254
0 567.853943 497.773712 139.556274 105.390076
0 175.518997 32.521439 99.112328 65.042877
0 175.834091 327.973969 23.93927 19.72229
0 39.675468 375.082886 25.015511 22.673828
0 521.101685 6.279255 23.365845 12.55851
0 47.669258 264.740875 32.414207 30.020081
0 453.113312 332.610596 24.246399 20.069336
0 49.291962 40.285118 91.858185 78.818222
0 273.116058 200.899307 23.388245 19.867706
0 434.695801 481.907562 19.524048 16.909851
0 585.838562 73.480736 21.267456 18.247772
0 25.230408 84.100555 18.065781 18.214386
0 364.071564 12.896631 73.336243 23.461948
0 42.134354 506.381958 20.375473 16.980743
0 113.672981 494.940735 18.270813 16.250916
