0 75.577194 501.796692 68.938263 59.547119
0 474.619843 382.828064 44.411255 39.950684
0 525.187073 369.124573 57.845581 51.640747
0 40.224869 36.192924 45.30423 40.05278
0 604.086121 146.434082 54.189087 46.966095
0 618.370361 201.942795 43.259277 45.592377
0 123.501663 600.590393 47.065742 38.674805
0 323.525513 127.819305 29.937195 25.822441
0 186.34288 515.697693 36.856659 29.993988
0 377.947235 547.273254 33.726074 30.970459
0 236.990417 630.08783 43.354187 19.526245
0 310.15567 547.237122 35.585571 31.302612
0 287.65506 200.181396 43.152954 37.703003
0 345.961517 499.130829 47.804932 40.945496
0 515.47699 288.87323 29.362335 25.089783
0 277.342316 230.797668 31.91803 28.785645
0 409.310608 233.339142 26.694519 25.769379
0 22.572998 323.227142 45.145996 37.814087
0 207.154526 428.019379 24.062988 23.22345
0 537.934692 325.388763 49.669922 40.938354
0 98.823349 99.315392 40.737457 32.917191
0 442.314423 214.3255 38.574158 31.642395
0 137.527832 89.718422 41.322174 32.830704
0 398.392578 404.873474 33.844177 29.004333
0 123.348175 66.954849 43.420097 40.449066
0 506.673218 198.147842 38.385834 33.450958
0 372.724182 606.604553 64.148926 53.14502
0 618.467712 427.768677 30.986816 28.429871
0 42.123417 159.620392 25.955902 23.578857
0 404.490875 385.067261 33.652405 27.039551
0 404.264923 476.638397 29.526978 25.032898
0 630.498962 498.105652 19.002075 24.744751
0 171.083679 459.225922 26.362854 24.715149
0 275.13681 595.356445 26.685303 24.426392
0 156.278717 191.234192 24.396301 21.253998
0 298.793091 178.150116 27.854736 24.000854
0 264.027222 186.045715 30.738159 25.835876
0 307.578186 268.733582 27.94519 21.684753
0 449.126007 508.223938 32.08252 25.844879
0 177.483871 195.132339 25.955963 23.388184
0 379.615814 431.515961 27.966797 22.552734
0 579.871582 553.884827 22.364258 19.629272
0 492.142975 437.53363 34.001831 25.372131
0 28.308338 219.027176 24.988333 21.409882
0 14.953701 479.71756 29.907402 30.789795
0 63.920273 259.320068 26.417114 24.75592
0 469.11676 143.700958 34.124695 26.592529
0 423.107056 23.697567 25.04425 22.336761
0 149.30986 581.750488 21.410156 21.121338
0 524.763672 252.184296 31.757477 27.000046
0 424.77829 255.524628 30.416443 28.306152
0 371.107147 580.825867 32.907532 26.227173
0 395.185638 630.876221 23.729248 17.536377
0 231.946289 524.919861 22.26181 20.435669
0 75.766144 554.733154 29.241486 25.07373
0 235.177673 606.483643 39.100098 34.146973
0 6.353804 558.617004 12.707607 44.212769
0 453.506561 437.92514 21.61261 19.515015
0 577.141846 76.739693 20.8396 18.482681
0 14.904026 233.825653 24.815018 22.048065
0 514.419373 230.015076 24.446045 21.724854
0 482.625275 40.042492 22.960815 19.606003
0 14.165781 169.135284 21.484329 19.048859
0 13.823137 287.278503 27.646275 29.215027
0 452.894897 155.73938 27.45813 24.4151
0 606.665649 243.289551 52.012451 43.162155
0 395.569489 311.54068 23.435242 21.069702
0 191.462296 444.365265 34.399139 30.055603
0 272.864014 79.099586 20.772888 18.628769
0 454.247345 628.650452 19.771973 17.43689
0 210.822098 316.87262 22.091034 18.672363
0 553.940552 198.331039 21.618652 20.980804
0 117.617844 8.015959 19.038513 15.965189
0 483.711792 132.391907 19.221741 17.56469
0 216.776794 541.06897 21.851288 18.221313
0 233.594742 619.221619 38.613373 35.272339
0 423.410278 277.549316 25.027039 21.460144
0 36.120392 298.020599 29.317795 24.025757
0 224.749969 55.198204 20.700073 18.132812
0 416.959351 346.576447 24.421143 21.781982
0 20.789862 206.483948 22.629108 19.568085
0 361.370911 183.125381 21.397095 20.126526
0 586.192505 611.727661 21.191772 17.620972
0 452.086029 185.405624 34.199097 30.212036
0 630.942871 345.710022 18.114197 33.607117
0 446.222656 167.690948 24.780029 21.834686
0 489.165283 629.064819 18.882385 16.0896
0 21.38525 575.946106 30.499908 25.588989
0 369.396301 477.780396 36.315552 32.185547
0 304.833832 228.455322 21.618652 21.466461
0 276.56958 192.515564 51.16832 35.235413
0 457.829773 153.343063 38.737488 40.780609
0 483.018982 529.952087 19.846313 18.051147
0 437.031281 128.008881 23.914673 21.054985
0 338.15036 248.332458 22.92804 19.06337
