0 74.325607 411.11438 45.07642 41.817627
0 213.274368 522.602722 32.326477 28.323853
0 224.912567 548.310059 25.398438 25.374878
0 589.033691 546.311646 27.868408 25.816406
0 435.956543 574.930725 28.869141 26.3927
0 121.698944 207.719208 212.092865 196.886963
0 46.195709 97.158096 90.316864 100.841339
0 55.08474 282.517303 68.206833 59.370773
0 392.061707 486.478638 23.823059 22.481567
0 140.91127 210.204636 25.571686 22.26001
0 503.109558 467.578217 23.047333 22.773987
0 423.641327 350.673889 22.400818 22.261719
0 567.594116 513.348083 53.466309 48.207977
0 588.023682 479.650452 28.195312 25.82959
0 252.562729 267.093628 21.040619 22.276505
0 281.73996 114.427406 21.851074 19.761246
0 431.920227 311.934113 340.808685 331.285095
0 506.015198 498.545135 79.478516 67.414124
0 268.050232 493.607758 20.322327 18.990784
0 515.470154 567.447571 28.979614 24.138062
0 32.830185 542.155457 64.77475 67.348175
0 89.301514 592.433777 86.190582 83.871582
0 81.594543 308.675354 34.218384 31.190979
0 51.69915 320.590027 103.3983 94.938354
0 207.302628 420.107117 22.810303 22.736023
0 10.740532 268.003113 21.343483 92.149536
0 90.117897 486.609711 16.777573 17.398621
0 496.771851 217.689453 34.978729 30.805267
0 474.496887 205.701981 19.838989 17.895508
0 237.375366 205.309341 53.683655 51.020935
0 88.211037 487.672394 96.252457 97.628845
0 347.350494 630.61731 19.547852 17.552368
0 308.040619 475.340393 49.567749 46.814941
0 90.600479 482.814728 59.927761 46.306702
0 570.777161 221.230225 83.909912 76.918228
0 228.653473 278.246399 39.090088 33.375
0 152.690063 15.090683 20.542664 19.836174
0 108.027763 9.012129 25.593918 18.024258
0 335.375641 275.998871 19.030212 19.439209
0 441.117004 131.786911 129.835693 93.141991
0 5.598544 30.698429 11.197088 22.198431
0 267.123901 452.38208 18.591736 16.384216
0 585.392944 29.782669 109.21405 59.565338
0 113.313011 411.038116 36.195023 34.825684
0 90.865608 485.449371 35.409622 27.089417
