0 425.784454 491.244019 114.177307 100.942352
0 293.719666 606.575684 82.219788 66.848694
0 155.448944 242.603485 56.277863 51.451035
0 375.48587 70.876045 30.703735 29.59996
0 437.518677 25.194885 41.423218 37.975998
0 61.322556 520.111511 49.532833 41.625824
0 276.128693 544.70874 91.014572 83.270996
0 571.843445 213.134628 39.876709 34.148529
0 149.589096 59.768818 148.322174 115.280602
0 342.836334 429.099548 23.694641 22.289124
0 205.768265 426.873901 272.959198 272.434937
0 414.755035 630.130188 40.984558 17.803467
0 569.606628 509.026245 81.589111 68.408447
0 302.328552 211.45108 304.765015 258.07489
0 10.17094 180.576782 20.341881 29.023926
0 392.922058 356.797607 28.57782 25.423279
0 626.899231 170.229736 26.201538 25.667084
0 390.13382 602.453735 36.736206 32.630371
0 482.002869 182.628601 28.967041 24.106049
0 128.326721 196.506683 40.727936 40.382721
0 54.616497 403.099915 25.986137 24.845459
0 485.780609 463.002655 31.113098 28.842285
0 401.978241 612.634888 25.188599 22.476074
0 632.208557 532.25592 15.582886 20.017212
0 553.869995 280.924194 172.26001 193.903214
0 201.894104 298.776794 21.390747 19.144104
0 457.232971 200.78096 24.27301 23.154755
0 605.561829 570.991516 40.331909 34.697632
0 237.11615 93.573929 33.609863 30.7043
0 431.640106 360.35022 21.637024 19.684631
0 547.208374 632.252075 28.436523 15.416016
0 24.083557 485.21817 21.124275 19.819336
0 518.674255 631.908447 29.563477 14.75415
0 96.158417 364.809998 99.418335 90.823975
0 547.838745 249.977386 19.303223 18.940384
0 449.079956 630.239929 34.395569 17.338135
0 36.744194 417.015167 20.660744 18.390564
0 493.39502 613.671082 39.258789 36.286133
0 122.46701 534.867737 20.18734 19.743774
0 513.818848 583.366394 29.717651 28.147583
0 183.401123 496.230164 180.95079 149.442047
0 608.853394 586.21521 55.974976 63.684692
0 20.307928 331.336731 40.615856 84.850769
0 317.45639 472.765869 20.48175 18.354004
0 22.914532 625.594543 16.860073 15.546021
0 110.138428 119.913208 27.007584 24.251862
0 115.322197 507.294922 18.30455 16.292999
0 29.181427 190.965271 20.022797 17.956299
0 432.782928 443.452942 21.01532 19.58136
0 33.320641 556.954651 16.81694 15.037354
0 388.805725 383.058685 30.917847 27.14624
0 102.179352 493.576996 19.156815 17.025024
0 71.76873 18.60597 31.181141 28.515255
0 421.207794 417.676605 43.996277 40.260559
0 32.166885 116.404762 19.899429 18.13002
0 583.91272 513.116516 50.444946 48.224121
0 541.981873 507.933899 40.356812 38.611481
0 571.513367 633.093689 30.873657 13.812622
0 285.400848 446.906433 48.950073 44.372681
0 64.992752 186.595428 129.985504 157.738159
0 204.786789 605.016479 31.710358 28.98645
0 64.920883 439.542297 18.932205 16.651123
0 155.146835 555.291992 18.470612 17.269165
0 610.558167 613.429382 56.200684 52.613525
