0 324.163849 233.229858 189.882996 179.96106
0 533.255188 368.656372 50.279541 45.335083
0 420.879944 617.013489 39.201416 37.741699
0 37.068035 550.76355 32.095177 28.178223
0 121.829117 117.214951 26.227722 26.174904
0 587.711365 351.161804 38.426147 37.736694
0 464.33551 387.476959 36.917969 36.462585
0 511.237274 181.168793 33.631287 30.507751
0 184.691635 188.472137 51.916199 47.000793
0 316.104065 543.339905 27.935913 24.89624
0 546.759338 238.815796 34.660767 32.06311
0 425.441162 463.562531 24.312988 23.711365
0 413.179993 426.179108 26.543823 25.040405
0 609.244507 128.741287 33.613892 29.838715
0 262.516144 449.085541 23.099854 21.071228
0 610.604492 308.5979 26.443604 23.747009
0 504.273804 342.077606 29.940948 27.235413
0 626.368713 194.060822 25.835571 24.810638
0 551.02179 283.357727 39.454102 35.421997
0 557.307251 551.868713 20.205444 19.20166
0 487.398743 526.167297 21.710266 20.259033
0 421.226349 535.117676 23.901978 21.78125
0 468.951996 96.828209 42.084351 38.433731
0 570.295105 308.195648 55.579834 47.727539
0 560.313354 570.840332 28.765869 23.797485
0 221.123856 200.423233 21.231384 19.625122
0 131.88736 91.272827 26.000763 23.600662
0 184.785309 44.964005 30.862183 28.267733
0 9.419294 181.881897 18.021946 52.755493
0 256.151489 499.29364 71.035782 67.922272
0 368.245209 493.453735 17.374084 16.616028
0 51.253426 101.206848 57.091717 56.42395
0 464.434021 83.253166 43.031006 42.484253
0 365.300232 63.544685 20.371887 18.746166
0 570.556946 193.920959 21.182617 19.048096
0 20.8512 319.075867 20.634396 18.149719
0 19.831276 12.755957 27.664125 24.722439
0 535.207397 80.427475 116.490356 115.72525
0 133.618576 330.881378 81.25293 76.516418
0 604.520142 441.703857 31.363037 26.150818
0 450.864471 20.494343 54.638184 40.109238
0 386.459595 455.18515 18.739197 16.818481
0 244.99295 323.898193 77.510376 68.642517
0 627.245483 154.502975 24.056763 25.003265
