0 452.610016 341.062073 71.837097 56.638611
0 594.570129 122.387878 51.717529 44.358559
0 85.603058 371.865662 30.779846 26.628418
0 57.112106 197.526001 33.701664 29.64624
0 145.929382 275.091614 43.016518 35.858704
0 508.12561 327.597626 46.611542 41.83313
0 97.930305 400.117828 31.747726 25.432739
0 379.057739 19.034248 60.690002 38.068497
0 47.927628 467.096222 63.342159 51.210449
0 537.624146 306.487457 32.465332 29.403625
0 258.248077 327.206421 28.099106 24.547119
0 150.735596 447.395996 25.976105 22.133362
0 20.587696 455.066559 41.175392 45.752563
0 600.702576 460.607056 28.173706 22.393799
0 364.672119 389.383789 27.061157 21.850647
0 269.46759 262.894867 25.21051 21.089645
0 391.469269 150.234131 25.726013 21.97345
0 407.237732 502.945221 23.004944 19.734924
0 197.607849 215.118073 52.078766 49.44223
0 528.835632 292.192841 28.979736 25.326599
0 254.678802 176.46405 35.012344 34.472107
0 150.573532 407.485321 26.302704 20.552612
0 136.817322 6.10518 34.629341 11.669142
0 79.380157 87.997749 24.145523 20.485992
0 86.930664 105.77594 20.685089 19.147827
0 181.398544 252.322601 24.579224 20.320724
0 626.325134 80.081207 26.011108 24.305573
0 34.196068 83.12204 68.392136 166.24408
0 185.611816 294.483124 19.94342 17.045532
0 217.519135 272.382599 20.357605 19.701294
0 228.8741 442.251801 29.230408 25.53717
0 215.009186 466.569366 28.758728 27.672668
0 318.424896 245.741272 24.203674 20.340759
