0 301.140656 436.188751 30.385315 27.566711
0 264.930878 64.790588 49.652283 45.978119
0 205.083557 161.998032 31.572174 28.025574
0 214.695816 627.240906 53.629211 24.578613
0 213.770752 218.621231 32.74353 30.79184
0 320.013519 459.366943 33.876892 32.229858
0 40.855106 576.811218 41.28437 37.610718
0 48.27504 466.074646 28.427299 27.150085
0 192.749069 103.276276 26.111298 23.571671
0 216.630737 267.092773 27.539185 24.479797
0 431.332153 93.918625 52.675415 47.876968
0 401.20401 586.285522 36.257629 31.990234
0 135.904388 33.971489 113.061653 65.341202
0 497.747681 464.0625 23.332825 21.256042
0 380.925201 16.569641 49.895569 33.125488
0 451.807617 607.004211 22.424438 21.029663
0 241.180176 253.659973 24.701172 23.306076
0 356.242767 53.938004 36.610413 33.731705
0 613.593201 387.762848 17.876831 16.420471
0 287.769806 375.546631 24.896912 22.131226
0 149.166794 44.420925 20.637024 18.067047
0 472.386902 186.755005 18.66095 18.947815
0 253.649048 374.037811 19.636536 18.900879
0 421.369446 538.540527 20.015808 19.591309
0 542.131775 347.103241 30.691284 29.611145
0 187.942245 393.460266 20.453003 19.070007
0 275.189972 538.90625 20.422974 18.002441
0 34.571903 23.120434 67.55883 46.240868
0 375.28125 574.789917 21.634888 21.27478
0 363.0047 231.875 19.432617 17.424988
