0 340.034149 21.805269 34.525146 30.770939
0 275.878571 432.594757 22.645386 21.966003
0 270.048187 64.611176 35.113785 34.498386
0 92.11203 189.257538 25.68689 24.217163
0 97.856812 366.848297 45.361526 41.505981
0 31.053663 249.867279 28.345524 26.285233
0 402.249329 603.237244 178.251099 71.691528
0 409.765137 550.370972 22.936646 21.846558
0 165.9487 393.92691 28.868744 26.185791
0 176.014587 305.873627 37.814301 33.651489
0 199.165131 465.48764 43.150513 41.487976
0 66.611076 83.176224 21.680038 19.661331
0 41.225658 77.413345 21.071091 19.177383
0 588.986206 623.063599 43.928467 31.219238
0 398.38089 280.633789 18.915955 17.51239
0 544.077026 109.517021 18.320923 18.969101
0 538.707703 377.662354 28.017456 25.473938
0 505.180786 445.22525 51.322784 48.656677
0 388.247192 5.79215 22.966736 11.339977
0 56.794136 422.585449 20.025959 19.431641
0 606.265076 578.059265 31.549561 29.612183
0 58.199753 329.227356 22.469349 22.408997
0 69.580879 580.237183 27.678005 27.999023
0 399.563599 89.995888 44.53656 40.432724
0 151.784286 562.461243 31.104462 27.618042
0 90.070183 22.696806 19.685089 17.837116
0 44.819141 269.993317 17.779922 17.058716
0 394.498718 361.135315 23.961365 21.799561
0 520.160583 69.704575 22.848022 24.389877
0 318.194855 360.463745 139.603714 124.176941
0 59.181599 5.084656 22.988655 9.514853
0 136.349396 97.672012 18.869141 17.968506
0 503.734924 379.827515 55.308075 53.682556
0 584.716064 222.30896 17.592407 16.810394
0 541.671997 471.430084 31.603516 28.797974
0 189.99263 530.143494 72.228577 69.272003
0 561.080078 72.618423 19.220947 18.02808
