0 36.207909 436.787811 30.013992 27.775269
0 605.140808 286.737091 40.469604 35.459412
0 553.594543 311.041412 40.349609 36.389465
0 578.3526 108.512367 123.2948 151.403336
0 46.933517 274.600983 30.752913 27.118103
0 567.079712 342.909882 45.842407 39.493713
0 559.380493 414.919098 31.586792 28.019958
0 590.679199 182.213287 46.849731 42.391327
0 623.522339 198.959473 32.955261 39.395172
0 578.920227 523.884521 26.316528 22.410278
0 516.132996 340.77771 37.520874 35.234741
0 164.008636 415.353851 24.608063 20.380737
0 519.829285 164.09024 48.968719 42.449951
0 221.988785 132.7565 27.601807 23.230522
0 350.771362 185.502151 42.203186 36.675812
0 436.36441 231.834351 24.580322 23.772675
0 446.076324 62.522446 180.576599 125.044891
0 554.277771 32.62682 34.567139 34.041832
0 520.223511 393.91156 28.956451 26.95575
0 550.982727 552.843201 21.481567 19.785278
0 205.467575 250.521225 49.552795 42.783295
0 504.380798 621.597656 96.194305 36.804626
0 431.853241 183.889801 126.031677 107.636047
0 318.422668 509.764435 21.913696 19.604919
0 185.691711 95.401718 102.505829 90.682411
0 438.665619 354.559784 28.244568 26.199951
0 56.239025 165.153732 19.173164 17.974792
0 475.192383 305.542206 19.55365 18.041382
0 560.639221 157.437241 31.425415 31.413635
0 93.495079 401.632935 17.483658 16.796814
0 149.522827 236.903763 31.943207 33.722626
0 304.41748 584.156677 26.364136 22.517944
0 405.767334 397.454742 24.03479 19.891907
0 597.957458 393.745667 19.876221 17.490845
0 534.160217 422.497498 18.893311 17.966553
