0 115.59333 266.475433 40.513351 33.44342
0 421.421936 151.335831 58.946899 51.114342
0 628.942993 37.440338 22.114014 24.052427
0 11.183538 258.825195 22.367077 39.442764
0 297.114532 406.186523 27.546204 23.169983
0 458.788971 232.43158 22.321228 20.174896
0 336.177094 164.529724 19.185486 17.966339
0 55.71431 473.89267 111.428619 82.945862
0 300.170227 361.44931 22.094971 19.196289
0 299.833862 456.429688 55.329285 49.506165
0 150.459961 482.374237 83.698578 69.097351
0 354.643677 429.839111 21.128418 19.127563
0 206.668503 459.534302 42.654266 35.790405
0 20.039093 19.753044 36.618942 39.506088
0 172.000717 324.990845 77.695709 70.669495
0 95.483383 155.225342 45.101196 41.069427
0 28.49382 86.744995 26.890251 21.055328
