0 458.391388 341.960693 157.439758 147.10907
0 150.078033 505.645325 54.047791 50.90274
0 354.812683 595.086548 130.94165 89.826965
0 223.505936 619.716614 50.161407 39.692139
0 119.769112 255.695068 32.177017 30.828232
0 135.038437 388.487488 56.249184 50.339355
0 419.187805 227.937912 35.093872 33.680359
0 620.781738 627.029297 31.328857 25.258667
0 443.061523 493.534943 43.527283 36.373535
0 150.057968 354.903687 35.213745 34.980774
0 590.48877 473.200562 89.982422 74.391785
0 77.238007 379.854065 38.747288 35.424072
0 524.603027 183.469086 24.630737 22.71814
0 45.584946 395.588257 34.710991 30.440918
0 40.183582 283.630341 48.764198 44.80365
0 603.376465 393.503113 45.327515 43.111267
0 182.826096 359.683044 51.458893 52.658569
0 214.039352 341.49054 28.061218 26.664307
0 179.386032 63.879959 26.656464 23.834209
0 561.05072 358.964783 51.569214 44.75177
0 54.302708 181.061127 37.607246 31.95517
0 122.405762 172.879181 22.321259 22.124207
0 274.269104 533.689392 47.591537 43.795288
0 163.531601 578.189697 35.021576 33.65332
0 117.647537 538.893555 47.916901 43.365112
0 376.013702 228.985321 21.584106 20.371826
0 429.143372 462.309082 26.172974 24.216492
0 484.751221 541.184021 30.41687 26.793823
0 186.572174 586.773804 74.84552 67.85083
0 291.990692 237.944885 27.624756 26.305847
0 180.783325 230.915512 26.259247 25.558319
0 57.298409 157.599274 107.703445 169.575745
0 73.227005 282.677673 25.114365 24.151062
0 312.862366 107.077423 35.530579 31.902328
0 285.29599 53.95145 118.915573 94.095345
0 184.007034 528.774475 65.242035 61.406952
0 538.965759 533.778137 35.523315 30.359619
0 275.876984 396.368591 28.545898 25.575989
0 198.944092 494.296021 23.695801 22.571106
0 97.261086 329.356689 35.171555 32.156982
0 166.68692 162.061981 32.997192 31.324615
0 596.240234 541.38446 87.519592 154.493652
0 490.147919 116.313873 299.704163 232.627747
0 289.391144 269.610565 34.909607 30.422302
0 423.825317 535.283447 39.222046 32.515625
0 463.696014 515.613342 28.295288 25.946411
0 113.759933 477.240265 30.004646 28.266479
0 626.554016 417.410614 18.702515 18.929565
0 539.711243 563.822205 36.005371 28.292358
0 74.533356 593.736511 102.582397 83.748169
0 284.545471 318.994232 29.091431 28.884949
0 450.242615 581.281616 24.940186 21.654419
0 27.94729 416.524384 34.80405 29.764771
0 58.994934 178.201385 66.644501 67.623749
0 73.826599 309.330048 21.073349 20.253113
0 8.164106 369.666504 16.208626 37.377686
0 569.229614 433.503967 87.728638 76.507568
0 357.48053 269.48288 24.974304 24.096008
0 157.457047 549.047974 27.585236 25.122681
0 110.835602 629.155396 22.910782 20.615112
0 416.970612 594.48407 21.3078 20.69104
0 546.040833 271.156403 19.459717 17.632874
0 346.465607 419.038422 21.211731 20.147156
0 518.81189 267.969727 38.05127 35.010239
0 130.448944 338.836182 24.241753 24.060974
0 181.155762 478.4758 27.583588 25.102905
0 249.25528 354.5867 22.207092 21.249512
0 252.689468 508.645721 24.322723 23.222107
0 172.694641 4.803755 21.568512 9.60751
0 192.571716 309.943268 22.740784 21.213501
0 16.625675 623.716919 33.25135 30.136719
0 92.815742 354.407593 51.511612 42.389038
0 616.687561 322.931915 21.349487 19.022644
0 150.477951 325.737671 18.585632 21.356995
0 156.227295 431.608551 107.764893 94.868164
0 435.144836 514.913086 30.488525 25.483978
0 130.365417 207.910568 30.745117 26.057373
0 210.628555 455.839539 21.50943 19.612183
0 282.707581 185.115356 20.559082 18.435577
0 459.808441 248.242493 22.446838 21.743759
0 281.606964 388.830444 21.312927 19.473389
0 580.399963 214.233185 119.200073 124.458557
0 618.105713 434.976685 29.848389 27.826355
0 50.68589 485.709473 92.941696 87.252228
0 52.31411 631.598877 45.67149 15.416626
