0 426.774475 295.156189 261.098999 233.4375
0 383.947266 42.184315 41.290161 37.331017
0 100.168198 32.729996 72.007599 62.224495
0 59.478218 137.315536 53.255859 44.638
0 172.401978 144.431747 50.860107 44.946571
0 124.46862 209.565277 44.559586 38.743317
0 397.72171 515.526978 59.414795 53.51123
0 50.690392 490.437866 45.97934 42.199524
0 619.534729 270.941956 40.930542 36.954651
0 29.839653 600.434998 59.679306 56.358276
0 118.458832 438.054626 55.566292 48.509033
0 563.946838 308.258759 37.04895 33.939087
0 510.330566 40.269527 159.613495 80.539055
0 493.636627 407.792206 35.481262 29.298706
0 109.512421 94.218231 120.838684 107.43988
0 177.144943 583.907349 34.508759 31.588257
0 145.643127 583.636169 26.650543 23.112915
0 69.974533 222.895538 28.784206 26.235931
0 434.350281 574.47937 42.475403 38.015381
0 92.35965 572.008545 33.24678 28.80481
0 11.009766 331.1203 22.019531 23.236938
0 362.332794 544.011536 20.601868 20.194092
0 113.11821 182.996048 22.856277 21.048523
0 216.070374 376.6138 22.872864 20.974976
0 163.553665 254.512939 26.180359 23.753403
0 308.017365 235.599579 59.541016 58.908707
0 583.729004 117.626587 112.541931 156.179382
0 390.673676 522.352112 131.060547 125.634155
0 14.835899 500.575378 26.455078 25.130981
0 626.160828 565.949402 21.267212 20.567017
0 65.212082 536.995605 89.489777 79.071777
0 594.888916 164.184952 90.222107 103.907318
0 282.503632 41.465164 94.173523 82.930328
0 252.535492 8.23623 41.457642 16.47246
0 613.339478 606.164429 52.539185 67.601318
0 221.398788 633.944885 18.31662 11.624146
0 92.853828 541.553162 37.667206 35.356812
0 583.381409 226.676453 85.423706 67.680481
0 184.61853 518.207458 23.3508 21.661652
0 261.966187 94.867538 74.6819 67.073097
0 69.825417 605.862732 34.106354 31.004028
0 119.37812 525.869629 23.626083 22.891846
0 483.602112 90.202408 23.15094 19.091614
0 12.910553 55.017609 22.782722 22.189941
0 395.208069 489.168091 19.339722 16.226196
0 26.273613 181.852951 20.105883 18.257507
0 64.015686 424.868561 47.623047 37.36792
0 12.284433 474.693787 24.568867 36.149963
0 586.152344 372.862488 27.868652 26.951294
0 13.697111 532.351013 27.322285 38.741821
0 365.757172 566.865967 19.937012 19.617432
0 234.673859 309.940521 36.625824 32.023926
0 578.116638 628.697998 27.720459 20.247192
0 191.241592 203.62204 18.972473 18.118408
0 357.115387 499.774078 220.653442 204.592468
0 263.52063 368.119507 139.104492 131.224609
0 575.012024 266.076996 44.406738 40.977783
