0 559.208801 193.276489 99.711395 82.648193
0 117.01384 449.798462 47.605141 39.880676
0 431.707275 273.9552 62.273682 51.793396
0 598.220703 284.560913 57.290283 53.095703
0 186.452026 463.026337 24.897736 22.03656
0 353.37561 202.709427 39.268188 34.424042
0 357.928284 490.809753 64.60083 46.302704
0 333.565674 15.781263 31.684753 25.105972
0 481.773346 177.387253 27.398193 24.380341
0 386.240265 471.470795 29.292908 25.039612
0 243.974426 15.818779 33.019287 28.90078
0 471.271606 151.892517 22.686218 20.763794
0 401.670227 477.032349 32.592712 26.980469
0 138.308334 48.720604 41.52594 40.208511
0 81.369766 43.370945 43.406551 41.088814
0 123.851768 416.046509 60.8452 50.798096
0 372.739441 492.708893 34.296936 28.802307
0 29.808672 34.15266 29.198902 23.572357
0 298.003967 224.043335 145.706604 133.069214
