0 267.878693 416.420074 82.795349 71.34314
0 254.251251 184.707855 52.802505 49.235352
0 265.431885 319.495117 79.147202 73.789917
0 87.9534 73.183205 61.978115 62.199249
0 420.712097 527.142578 41.031189 38.918365
0 535.521179 404.256012 53.246307 48.593506
0 462.801422 418.98761 61.343567 54.514648
0 157.709259 124.257919 42.631561 38.07254
0 141.811478 588.598511 89.951843 85.242188
0 357.061523 142.585724 51.335022 47.782219
0 331.810791 11.38519 36.741211 22.77038
0 341.067108 475.671875 42.472107 39.088257
0 472.211639 267.914978 31.09552 27.470444
0 399.862793 378.933167 30.627136 27.966736
0 410.205688 429.087616 31.548889 27.652405
0 619.510864 525.458618 29.599854 28.854004
0 582.682983 284.251892 40.745361 36.30365
0 361.482544 394.828278 45.477112 38.94342
0 414.531738 10.34383 36.251648 20.68766
0 376.856293 445.380005 39.273987 37.876343
0 16.896717 134.705032 32.803238 32.585632
0 340.298157 422.37146 42.328796 35.993408
0 201.598282 295.30191 38.441467 33.054626
0 210.329559 18.592579 25.283722 23.359451
0 564.981506 11.044914 26.539307 22.089828
0 270.078644 475.836578 46.887146 41.445251
0 414.343323 223.163712 24.909668 23.447754
0 80.349724 142.599854 94.575882 81.090523
0 202.84787 463.547852 95.904755 86.196777
0 161.804306 331.575989 26.349182 24.57959
0 34.099277 51.980042 65.615791 64.712891
0 451.046906 98.019775 32.526489 31.32019
0 195.253326 368.134003 25.286377 23.409607
0 420.680176 39.66452 49.588013 44.198761
0 512.826111 476.144989 23.444733 22.283447
0 503.151245 371.805695 44.348114 41.151794
0 592.909912 80.068817 68.536377 66.81723
0 493.735809 311.137115 23.807251 23.474243
0 615.986694 260.014893 47.581787 46.702026
0 49.71431 500.99295 89.890503 91.3703
0 215.704895 446.884583 43.733063 42.367859
0 247.257507 519.765869 53.675476 48.566681
0 326.549164 453.378113 69.243591 64.820068
0 430.202209 209.284637 20.171448 19.36908
0 109.448204 12.54637 44.858871 25.092739
0 324.370483 42.443024 41.510437 39.102982
0 27.152056 298.046539 20.432926 19.05835
0 14.148411 17.661678 27.464718 27.242847
0 438.387268 242.139099 62.921143 62.384277
0 171.324127 508.692322 50.443542 41.746918
0 413.896851 565.20343 32.744629 29.060425
0 174.686447 285.705383 21.979919 21.636536
0 161.018158 273.02829 23.726715 21.580811
0 254.688385 277.27887 27.513474 26.272339
0 124.090393 395.340118 28.718079 26.061096
0 154.31955 419.722229 37.115112 37.485413
0 593.245056 542.964417 31.937378 31.85498
0 294.859467 255.281448 20.03125 17.785614
0 561.068298 157.378494 22.786133 22.75589
0 86.056549 373.479187 32.467361 27.323792
0 609.694763 347.014526 58.253052 54.419189
0 189.056519 428.780457 36.474365 32.53302
0 134.967941 630.619507 42.14933 18.681152
0 364.213562 293.011047 39.140747 36.113159
0 240.867218 145.554001 19.211731 17.486877
0 53.657928 120.416855 60.142761 54.584511
0 249.316498 26.569624 21.960083 20.294453
0 452.911682 592.019409 153.089233 95.961243
0 48.635796 312.29071 96.976852 97.203674
0 432.411469 296.376892 22.048584 19.878967
0 189.311691 43.084431 35.898773 33.224487
0 453.93924 398.306885 71.765625 60.733276
0 568.577148 356.544128 22.619263 21.336731
0 66.494331 184.300354 44.269642 35.685364
0 53.924797 39.005219 25.644939 23.308928
0 127.993958 459.590179 33.053352 29.058044
0 24.325829 188.853287 22.574785 20.579285
0 351.186249 85.285309 25.122559 21.851578
0 191.825256 265.910614 30.218079 26.762939
0 614.139465 124.600983 51.721069 94.50647
0 316.630432 336.9328 23.09436 22.064941
0 391.658051 67.679741 43.215027 37.437634
0 16.744181 361.762451 33.488361 36.997925
0 476.976105 338.744415 33.451477 31.966919
0 606.138 209.833344 18.263794 16.855225
0 113.92421 523.616333 78.611084 76.19223
0 133.371078 48.077652 26.3899 23.245956
0 140.803909 591.138184 33.581848 26.848511
