0 207.188385 187.680298 159.342209 146.279175
0 416.198181 592.475891 99.428223 86.999878
0 591.371338 598.183594 30.596313 26.676636
0 47.978745 152.646378 95.689133 154.759674
0 516.729065 24.602888 28.345215 26.297161
0 409.338043 487.80896 71.101562 66.825439
0 535.767883 402.689575 72.216705 63.200562
0 411.06012 30.548502 22.914001 20.859592
0 563.707214 168.723984 32.466797 29.047699
0 460.12912 482.519257 50.699951 46.257202
0 595.463684 535.60498 24.404175 22.423462
0 486.946442 33.841022 23.692444 21.942764
0 278.195435 570.85791 228.420044 138.284119
0 395.414093 297.112244 74.814026 61.861084
0 323.186188 530.121582 30.191162 28.732056
0 102.811142 323.30426 35.78299 34.954895
0 188.00351 62.586975 30.791473 26.891697
0 503.082947 512.632568 64.943451 63.808014
0 388.031555 19.978756 20.374695 18.222126
0 628.783691 250.649765 22.381104 37.259918
0 17.215364 517.004761 19.850819 17.665192
0 47.901428 281.322327 31.517639 29.59259
0 35.17308 53.531254 68.590393 59.987511
0 497.752411 615.412109 19.641479 17.979248
