0 316.167969 487.364227 177.312881 165.848328
0 567.641663 154.891144 35.695801 31.509216
0 559.608459 440.877747 28.029541 25.219604
0 493.493713 256.024841 145.761475 122.309814
0 516.592712 500.803253 30.479584 28.202454
0 491.924164 310.767914 24.367554 22.908264
0 621.916809 428.751709 33.990112 49.591736
0 591.807617 462.320129 24.866699 25.655029
0 471.742584 346.228363 24.324463 21.473328
0 27.066481 250.278259 20.750286 18.196213
0 565.290588 261.965637 24.528564 22.474609
0 184.706924 371.80838 35.939941 32.709045
0 270.487579 75.733536 25.038635 22.917099
0 593.115479 597.548767 93.769104 83.393188
0 306.50119 365.765869 33.458374 35.456299
0 465.71521 437.592896 20.532166 19.57843
0 484.594788 512.356934 40.17218 34.990112
0 522.446472 527.899048 23.967743 21.500854
0 489.772034 124.564934 23.582642 20.537735
0 579.8349 69.654007 25.353027 21.643402
0 234.273956 358.033417 28.744812 24.50293
0 456.923279 530.674011 24.148743 22.344604
0 598.849792 365.77063 49.696167 41.562622
0 84.410706 474.824066 20.238663 18.690247
0 594.67804 18.196957 21.135254 17.946854
0 410.694122 313.577484 19.080627 17.09613
