0 291.55896 273.300964 149.314804 152.968246
0 26.698202 212.696579 28.216724 26.766541
0 507.776367 193.761383 32.487915 30.667633
0 553.574097 100.404625 26.950195 26.031357
0 326.690308 162.557846 26.88501 24.823486
0 405.895142 210.1138 123.649048 99.622009
0 323.670898 585.332642 22.424194 21.449463
0 45.477409 311.393982 26.174576 24.598083
0 520.839233 160.41626 31.79068 30.363739
0 52.580296 210.558609 23.278236 21.494995
0 495.544525 609.672668 27.868652 26.56604
0 47.140518 32.329247 30.823036 27.610075
0 25.663536 338.186646 27.084883 25.349609
0 629.662903 75.228569 19.723145 20.715469
0 251.204163 595.267944 19.383057 17.889771
0 591.71582 572.681885 54.483032 53.847534
0 150.191818 10.609293 37.336304 21.218586
0 183.06076 275.104523 100.471375 88.632935
0 626.861694 167.926025 25.36145 24.725677
0 99.187103 319.917145 90.263702 81.039062
0 542.142456 236.094452 31.18042 27.244446
0 416.423584 495.559814 102.582336 87.012054
0 339.856201 126.483292 32.216797 28.677223
0 364.697144 443.821442 20.678101 18.018311
0 388.520905 589.902161 20.412354 17.689575
0 400.398346 170.451172 22.10553 19.774597
0 187.300735 23.251308 19.418365 18.431274
0 609.065002 246.267212 21.575439 20.197144
0 319.9953 64.311653 23.004395 20.822372
0 506.560303 142.102859 20.18689 19.748749
0 38.457092 81.065361 22.80793 21.281189
0 387.657928 258.166779 26.8255 22.803589
0 463.440186 349.417114 20.122192 18.386475
0 621.262756 94.997658 21.115234 18.062515
0 525.581909 390.790863 19.943115 18.960999
0 117.551804 233.942566 26.031952 21.554352
0 56.019623 503.653564 21.385532 19.783661
0 64.058952 73.060989 29.870014 27.627628
0 618.854187 489.668945 23.249512 20.949097
0 95.317207 410.186737 22.503296 19.770813
0 54.601135 294.813171 23.117905 21.161926
0 555.160583 20.263317 103.328979 40.526634
0 515.578003 346.697388 20.494293 17.292786
0 115.429047 50.7015 19.217636 17.146088
0 465.800079 582.398804 224.347473 115.202393
0 522.081787 8.348055 42.491211 16.69611
0 129.825165 353.179352 23.13723 20.612305
0 285.757996 379.130402 21.827026 19.211731
0 448.82782 88.223106 24.71875 23.349777
0 385.050262 40.6623 54.316101 47.176178
0 291.987213 6.387285 27.851379 11.709276
0 233.043427 207.1716 27.923157 23.571503
0 474.450409 507.199158 18.066467 16.670929
0 387.3909 272.692719 18.586304 16.957703
0 416.890289 430.501343 24.480103 21.854858
0 580.142517 276.086761 19.684937 17.907715
0 393.523285 409.313019 19.263245 17.554077
0 332.874298 8.610449 22.835693 17.180248
0 570.992737 86.800392 19.412842 18.011444
0 262.125153 479.015411 21.120544 19.076355
0 64.852074 283.057037 19.857162 21.078186
0 242.746552 393.617157 19.284698 16.61853
0 160.477615 29.284065 28.156036 23.661568
0 491.734863 109.770874 20.032593 17.885422
0 626.913208 264.601074 26.173645 33.984573
0 25.78413 147.051514 26.67695 23.974396
0 19.368309 21.719749 23.243382 21.947083
