0 409.208588 278.687988 76.134338 61.717117
0 168.378296 468.583466 35.724609 34.91272
0 590.886658 168.772079 51.419067 45.577972
0 250.499298 475.442902 28.30751 26.266602
0 390.079376 38.59581 59.799438 52.459927
0 72.297523 553.757874 41.79007 35.592529
0 383.456238 550.534973 24.536255 22.619995
0 24.617643 201.654037 35.316708 30.733917
0 18.211658 537.673096 25.192089 24.006226
0 10.163136 630.08313 20.326273 19.075073
0 116.167809 177.476349 20.089691 19.335022
0 547.385193 465.518433 38.367676 35.74707
0 485.291962 180.959061 34.144897 32.736542
0 184.218094 43.255409 29.199585 26.595995
0 140.505768 222.729507 31.906799 31.304749
0 208.634995 416.023041 24.186401 22.877319
0 247.907272 87.598892 26.127289 24.852722
0 511.789185 168.464767 21.397186 20.175964
0 373.426727 161.590134 60.763977 52.261688
0 407.107544 362.826843 75.53241 71.867065
0 349.490631 473.519318 31.00769 25.895569
0 17.313734 613.047974 24.251446 22.391724
0 409.103516 146.906006 26.788513 24.556671
0 518.153198 208.763718 39.343506 34.570648
0 245.719269 455.403076 23.77771 21.458069
0 313.388428 24.346394 90.034424 48.692787
0 281.455872 83.973984 25.769165 25.572021
0 280.123901 241.917206 40.809326 41.359879
0 165.682602 234.024536 27.975616 29.093658
0 190.942139 278.158051 20.46225 19.829773
0 25.604893 144.34903 41.85733 42.968269
0 312.55484 202.370392 25.147339 25.608643
0 81.737289 314.506073 45.152054 50.499207
0 446.829102 212.620972 22.590881 23.22879
0 17.960651 280.457825 17.317913 16.935547
0 185.022461 208.27507 25.304169 22.574158
0 315.263672 62.036938 21.751648 20.759834
0 199.869888 255.048767 67.412598 55.669388
0 423.53125 403.895844 53.172729 49.243958
0 161.289627 59.807442 31.73996 28.891022
0 440.184723 592.995911 106.452209 86.878418
0 525.555847 531.303101 42.463867 34.690918
0 6.937898 397.597229 13.714876 25.623169
