0 281.37973 185.932007 36.602722 33.33783
0 466.983185 426.592377 53.704773 46.956909
0 35.350761 414.15509 70.701523 80.417358
0 260.621552 482.062592 39.300003 32.805176
0 520.417358 51.705963 26.88028 24.800991
0 96.052475 428.628815 55.780334 46.826111
0 221.899704 459.297241 50.525513 40.659729
0 621.411255 325.329865 37.177429 38.455688
0 573.725464 613.168945 28.476318 25.041138
0 13.790155 373.418854 23.350582 22.394653
0 585.472229 556.281982 39.685425 34.52002
0 8.380766 607.208252 16.377773 23.021606
0 172.571808 448.448578 25.172516 21.692444
0 13.630581 275.330322 27.261162 37.089294
0 240.194229 630.659119 58.231476 17.718628
0 376.609192 585.265503 253.413345 109.468933
0 619.592712 552.381409 24.940063 22.183594
0 437.596008 30.569496 29.569641 25.03952
0 387.444855 222.244217 19.75415 17.62619
0 426.200928 469.34549 23.558228 23.422424
0 596.733887 155.545456 17.270874 15.385529
0 323.606598 207.82074 19.868713 17.48587
0 178.740326 356.802521 24.284668 21.31958
0 469.562012 30.333054 26.304565 23.337206
0 20.167725 504.366211 35.584808 33.852692
