0 189.927917 66.211266 132.72699 107.370865
0 392.494446 146.16571 103.778748 93.391418
0 450.895264 568.371582 105.041504 86.374756
0 496.746155 172.155869 128.83606 113.833435
0 88.698463 321.720917 60.036102 48.671326
0 531.580444 330.215637 112.244507 111.979919
0 496.262634 32.172691 110.466461 62.749634
0 376.387177 586.444031 41.328308 34.519897
0 35.672203 201.631683 37.936348 36.639404
0 375.051208 53.838837 150.247314 106.646423
0 58.561459 607.517456 32.651741 25.964111
0 34.917328 161.111877 68.475845 63.217377
0 403.648926 405.27002 36.326843 33.169434
0 35.982101 92.054924 33.621246 30.69487
0 274.072998 151.858826 26.988586 22.028137
0 42.118011 510.731018 33.626205 28.209137
0 76.69931 198.482346 33.992188 33.445526
0 619.178833 115.387848 37.788208 43.026939
0 496.000824 628.943665 64.343079 21.341064
0 160.136597 203.238815 26.341431 24.731995
0 232.489609 197.473083 59.565765 51.891998
0 570.24408 557.668884 55.589355 45.745117
0 35.865971 573.046997 26.888784 21.120605
0 210.094833 212.157928 24.049286 22.612366
0 628.499084 223.447327 17.831421 19.152985
0 103.43602 21.253311 84.603493 42.506622
0 336.86026 363.164825 30.012756 25.316406
0 546.298584 187.258118 57.784302 49.036835
0 337.59024 276.47052 70.758972 61.213821
0 574.847534 34.778076 41.338989 37.338715
0 96.572365 226.162659 49.008163 45.915894
0 635.079712 94.203056 9.785278 21.928314
0 628.309998 215.492371 21.493164 26.769073
0 442.201935 92.442184 20.543274 17.613113
0 619.316956 569.172974 39.381226 51.168579
0 152.322998 312.846222 21.952179 18.678406
0 64.947487 290.377594 36.439289 34.523254
0 625.446472 632.658997 26.206665 14.624268
0 32.628395 19.886948 64.292603 39.773895
0 605.581665 328.979218 37.186646 35.797485
0 587.528076 615.005005 64.274902 48.990723
0 571.396423 271.790863 33.958374 30.716248
