0 70.878296 564.281433 69.274048 64.131348
0 530.995667 473.425323 32.421265 29.807434
0 125.372139 465.731506 119.113541 107.249634
0 204.144012 305.812317 129.616821 112.970322
0 337.004425 342.285583 55.185547 45.145325
0 271.110657 246.649643 70.374756 67.002655
0 341.545227 103.638824 91.411987 77.866943
0 495.96106 604.17981 48.464813 41.380737
0 220.967163 231.600555 32.893738 29.51709
0 634.40094 625.55835 11.19812 24.816772
0 383.7771 619.109985 60.367676 41.779968
0 611.877441 66.586266 53.364258 53.890091
0 539.801331 50.646957 23.848022 20.164139
0 580.850037 590.3078 22.647583 20.493652
0 40.751045 587.90448 22.016319 21.394775
0 66.711182 379.411041 49.259079 44.144775
0 94.888687 499.225861 72.967102 65.983826
0 415.240631 104.162277 61.483887 49.658386
0 194.42511 375.36673 22.483032 20.588074
0 148.48262 586.844238 22.751709 20.035278
0 218.239334 628.871094 19.009918 16.891479
0 266.268433 503.42334 57.911148 65.261322
0 4.506572 276.498871 7.362005 20.695862
0 427.125122 568.526733 20.075012 18.415283
0 564.221619 442.566498 50.001953 47.478455
