0 205.967453 478.568054 75.269257 69.428833
0 366.530579 556.437439 24.29364 23.05481
0 630.520447 506.890137 18.01001 20.245514
0 635.464294 607.55719 8.557983 19.256104
0 357.746216 433.819214 30.068115 25.529114
0 92.458801 355.468719 25.301727 22.357056
0 99.601349 288.097015 25.364395 22.05542
0 68.204575 9.184513 39.356552 18.054527
0 401.858917 8.332764 51.05542 15.902206
0 634.030396 395.968964 11.939148 21.234436
0 622.833557 245.718475 34.332886 48.331238
0 365.874664 8.733553 28.673035 17.467106
