0 317.437164 340.611115 218.854309 180.185608
0 42.3508 450.822296 77.628769 68.203491
0 310.86084 74.216507 53.214417 46.653778
0 621.436951 419.883881 37.126099 39.503357
0 175.58783 433.985413 80.970764 71.029297
0 618.190918 95.996925 29.002808 25.706619
0 166.669327 363.036499 96.517914 85.524048
0 71.799072 330.045563 52.034428 43.073792
0 405.140808 68.563774 62.374451 48.556885
0 273.863403 215.336121 25.285217 23.13269
0 199.764694 137.572021 81.8508 72.270447
0 13.512283 282.685425 26.373436 26.466797
0 11.676966 253.476715 23.353931 32.392822
0 519.882507 52.434113 22.190277 21.64608
0 510.376099 153.198792 149.33606 128.275024
0 349.07132 498.232239 191.595764 173.520264
0 557.924011 77.756508 68.619385 62.99855
0 234.90741 629.437439 77.495361 19.468872
0 187.774521 92.783134 21.912903 20.056244
0 19.116436 594.479553 31.121622 28.266479
0 625.35022 238.761734 29.299622 42.377655
0 444.623474 358.910828 74.580933 85.392883
0 99.149872 280.100159 23.832611 22.813843
0 550.441223 164.06575 58.080933 51.265411
0 468.80014 47.326263 54.018921 50.031986
0 323.22757 584.655029 200.264771 110.68988
0 68.254959 610.254272 136.509918 59.491394
0 233.090393 26.095444 22.115143 18.779938
0 422.542664 145.197723 34.030945 31.292511
0 5.659055 352.655029 11.31811 38.853943
0 475.352295 8.928198 25.918518 17.856396
0 10.514541 167.056702 21.029081 112.874939
0 421.16333 57.687904 38.525146 34.111649
0 104.54364 5.509355 17.608368 10.540842
0 430.123657 173.431046 21.059143 19.918335
0 499.501343 76.266724 47.417267 41.930374
0 542.91748 161.128448 82.121216 84.698212
0 45.083008 44.816345 22.450226 19.773552
0 377.317017 189.389008 19.494446 16.520203
0 416.574738 9.243767 25.063538 18.011185
0 130.426132 400.335632 28.966949 25.184082
0 621.488098 203.183823 33.621582 31.24707
0 466.341888 56.452465 37.528381 31.468224
0 33.900204 210.185486 50.616875 48.779785
0 27.535099 76.287979 55.070198 93.246109
0 433.920837 290.445221 20.414124 18.539978
0 489.728088 372.745026 22.552734 19.688538
0 114.701668 212.572311 33.727768 30.426086
0 214.405807 572.912476 21.475952 17.110596
