0 304.472992 605.478638 41.64386 34.623291
0 28.709049 484.008789 57.066414 49.368103
0 126.878113 357.668427 27.08197 24.879822
0 205.297974 387.070801 40.361511 32.865906
0 565.858643 509.920868 55.156128 42.996887
0 585.701721 599.390503 36.84668 32.637573
0 102.426254 590.322632 204.852509 99.354736
0 556.205322 611.450806 38.442871 34.360229
0 136.206589 404.97464 24.402252 23.943237
0 569.846313 628.83429 23.932495 20.182251
0 193.337677 557.411682 22.13739 20.276245
0 615.798401 411.477783 26.476318 21.017883
0 426.038666 294.039581 25.029724 21.457275
0 151.205688 490.339478 32.124695 31.502441
