0 272.888794 516.777649 25.269653 25.221283
0 154.962875 133.299194 50.319214 46.544647
0 359.840363 368.642212 41.093872 41.361938
0 209.730103 173.404129 21.843536 20.608978
0 138.522171 172.667175 36.503601 33.202637
0 95.632622 91.894707 50.857056 45.90152
0 402.407776 103.274765 20.2724 19.935425
0 116.56105 193.682983 25.329468 23.605103
0 302.925903 214.505859 18.283508 18.53009
0 113.187386 355.806763 23.567505 22.413269
0 262.560669 584.042908 19.414795 19.972534
0 364.600983 457.604095 23.82428 22.727783
0 300.341248 121.507271 21.545105 20.699203
0 399.564392 197.980972 22.212646 22.537201
0 106.780762 431.595184 19.463074 18.798523
0 394.254425 192.73027 25.898682 22.944183
0 139.590347 266.787567 20.929077 17.89447
0 602.658752 319.168427 23.617065 20.201721
0 137.259369 224.506027 20.122917 17.532715
0 613.467285 33.88871 53.065369 65.274948
0 25.113068 222.375168 22.897797 18.869324
0 491.713623 59.004261 226.691925 118.008522
0 331.520264 132.491119 52.376465 50.410179
0 388.599731 455.466919 25.095581 25.932129
0 90.966896 298.852631 21.472031 21.264343
0 6.852933 450.197662 12.845575 24.638672
