0 173.389603 477.08316 30.2453 25.648071
0 265.485596 64.727287 31.511032 27.180176
0 419.28479 59.654629 29.870361 27.388878
0 584.066711 268.931274 25.821899 25.926346
0 73.455849 98.418182 35.816452 32.581009
0 30.832592 247.714081 19.700781 19.446106
0 83.114372 329.693237 34.608658 31.729736
0 179.1073 125.377594 18.26944 18.130157
0 542.034668 73.648804 14.648682 14.58313
0 475.772217 41.167522 17.77533 16.515205
0 394.469482 57.491669 20.169678 18.154171
0 470.083191 7.331042 28.679749 14.662085
0 396.27063 474.844543 22.257996 18.921387
0 415.276062 72.629494 34.796875 31.210373
0 62.856934 459.164642 47.211807 44.154114
0 42.383377 362.912598 80.544434 78.856506
