0 314.816467 241.226685 142.379761 108.218033
0 374.454102 377.204865 113.372314 93.048706
0 227.582428 135.531097 89.730423 78.750061
0 107.626907 343.472076 51.545715 49.62677
0 474.516632 166.397461 65.198914 53.440979
0 392.130157 591.270874 181.171387 97.458252
0 257.562531 484.936188 85.788025 72.505188
0 413.209351 250.127121 57.592468 48.234772
0 590.616821 439.144592 75.046143 65.130127
0 495.808838 585.340393 45.160309 39.099243
0 431.632843 424.018372 116.063293 97.319275
0 186.953629 232.798553 118.488861 87.469223
0 189.008286 390.863251 59.130951 49.310242
0 127.720261 566.126892 32.093567 27.06897
0 65.641197 261.300507 43.450562 36.934128
0 413.056122 491.182526 43.764771 37.147217
0 32.736763 164.237823 63.643738 61.063782
0 512.505981 446.124786 44.400146 34.474365
0 36.370117 361.021637 71.722229 69.818359
0 626.086548 32.295494 27.826904 28.629408
0 432.932678 312.013275 91.390137 79.674011
0 330.258423 321.715729 123.574463 81.322266
0 509.516479 12.355413 56.269653 24.202236
0 589.511414 310.388947 39.489624 36.759338
0 598.559204 14.92214 36.433105 29.84428
0 617.367126 125.466721 30.806763 27.325569
0 264.11142 451.129791 27.449081 24.337219
0 400.310516 222.647873 28.183167 24.466248
0 77.154877 492.313843 145.476624 169.81424
0 548.389404 320.064392 43.522705 38.408386
0 53.541405 410.884949 44.81369 38.103088
0 581.052368 279.334412 34.380981 29.486755
0 425.337372 535.738586 27.861023 24.102783
0 21.090385 205.692139 42.180771 58.160492
0 290.346832 529.986633 38.053711 34.286865
0 103.587852 248.150177 46.476059 38.035522
0 149.336807 160.938797 54.789703 46.486481
0 153.234253 607.698242 22.640076 21.216553
0 172.343857 102.269638 45.362793 36.685059
0 345.805298 447.38446 64.636658 57.763306
0 600.512634 563.405029 78.19104 75.078857
0 319.846954 552.785461 39.15033 30.077515
0 560.75647 370.685425 112.849579 103.907104
0 230.801208 597.766663 25.928833 21.871826
0 541.503906 51.212341 98.119873 85.791351
0 625.780273 331.452087 28.439514 25.473572
0 156.712692 450.882263 55.572937 52.236938
0 495.707581 332.05838 49.436615 39.717102
0 603.233032 150.622665 73.533936 68.589142
0 168.117798 304.121521 62.0448 49.558533
0 79.249763 230.554016 38.120289 33.314789
0 359.663635 316.30658 68.99823 64.169312
0 618.771118 618.544739 42.457825 42.234985
0 12.262403 313.450104 24.524805 44.095581
0 256.39566 70.753128 20.217712 18.197342
0 176.682648 422.574249 20.836273 18.618042
0 244.533371 293.680176 70.386993 59.295471
0 265.779877 399.252197 196.459839 161.962219
0 302.217285 321.702576 69.634338 63.467773
