0 135.944763 402.37027 159.03186 140.453003
0 286.297363 291.611053 51.928711 46.654358
0 358.613739 199.563171 33.22467 29.028412
0 293.35553 566.760559 37.459106 34.406738
0 59.523659 336.735107 119.047318 146.813782
0 394.662323 373.284119 52.103516 51.915649
0 514.761108 154.249847 41.403046 37.418243
0 271.465332 101.806984 32.889755 29.139313
0 572.833801 389.315948 31.657715 28.902161
0 405.373108 7.672812 43.294067 15.297461
0 442.492371 212.555359 32.739807 28.584686
0 394.356995 265.894562 33.29895 31.051636
0 69.10083 255.259552 23.7715 21.890549
0 175.590866 185.394363 42.853333 45.231537
0 248.270889 592.150146 145.639801 95.699707
0 301.425873 360.019592 27.188843 25.285889
0 213.331818 551.745483 188.923218 159.378418
0 122.699707 265.451355 105.590363 93.219788
0 345.976227 496.293976 40.799805 39.143372
0 51.138287 167.43692 22.627914 21.125
0 478.457153 177.214508 20.416504 19.086914
0 457.212067 5.915128 20.178223 11.638037
0 191.996918 58.734024 19.539703 19.28476
0 60.789154 68.52211 121.578308 137.04422
0 249.776184 334.142975 82.530228 71.575378
0 158.281036 103.76857 114.472992 104.69693
0 251.916626 536.437439 87.499619 81.555267
0 51.270706 483.273804 102.541412 146.746582
