0 487.544617 265.296295 157.082672 127.650391
0 151.161423 187.332718 37.180878 33.606781
0 579.357117 490.416138 33.49231 31.940247
0 64.889076 610.500916 27.847462 25.03064
0 92.107178 165.73938 25.174362 21.626068
0 279.361786 105.924545 23.153503 22.949997
0 527.949158 571.4823 26.11731 24.441406
0 532.908569 19.207836 25.503296 22.985851
0 345.244659 106.138245 21.881592 20.087952
0 380.100555 418.487793 24.904785 24.014038
0 482.179199 593.94696 71.986847 64.914307
0 152.114136 311.825043 22.386505 20.287903
0 356.352661 260.015564 35.293335 34.234497
0 614.323059 549.025879 50.548828 92.741943
0 395.203156 75.690643 20.131653 18.387344
0 52.08849 566.39856 25.994392 23.089478
0 556.152527 424.958954 153.220337 145.043335
0 343.947693 171.114441 21.333374 18.335541
0 55.557442 297.510681 26.351318 25.519592
0 338.291962 595.067444 41.103821 38.758545
0 631.51062 472.073303 16.920288 21.812256
