0 531.486267 43.515732 103.681763 86.520599
0 451.889923 584.197266 38.296692 35.286987
0 371.299011 410.462616 26.469238 25.245911
0 269.801636 68.640739 23.744934 23.63969
0 305.31546 572.505981 28.168396 24.908936
0 152.041321 357.600555 73.737053 68.710815
0 231.988037 358.691498 51.962952 44.782043
0 297.447205 90.477249 58.572083 52.013382
0 429.291565 191.300507 144.977478 123.396179
0 484.531982 632.83728 23.091248 14.325378
0 71.887306 10.828809 40.452347 21.657618
0 97.505417 296.884491 18.340439 17.40863
0 614.039429 378.06192 49.398315 49.943542
0 195.594254 411.506439 45.33432 46.481812
0 604.104187 95.587067 19.561646 18.734024
0 28.993139 232.761475 55.821705 54.090576
0 420.064209 586.60083 20.743469 19.571411
0 67.438583 90.387726 133.831146 160.342194
0 557.899963 329.138336 154.958374 155.764114
0 410.645477 625.626221 16.886475 15.851074
