0 149.275192 306.572083 30.501678 28.984558
0 382.653381 493.744598 29.532715 27.194153
0 373.859375 185.114853 24.440002 22.851135
0 13.828892 478.143494 27.380783 25.197083
0 306.191315 619.578552 23.588562 21.070435
0 264.610046 487.543304 24.077942 22.879272
0 223.812851 467.596222 22.289673 22.008423
0 355.000244 282.533081 19.953979 18.264587
0 459.120148 530.552185 20.004211 18.005737
0 227.375092 604.19635 20.796906 18.368164
0 580.856506 43.868671 37.593994 36.967476
0 415.383148 256.047028 20.129333 19.577393
0 145.717133 410.209808 21.148804 18.967896
0 267.094055 349.235046 20.808655 17.643555
0 532.17511 35.047031 40.888092 41.68203
0 414.48941 292.972992 17.134033 17.049255
0 430.194611 447.170898 22.525085 21.653564
0 65.386002 505.108215 32.383667 27.455322
0 608.562805 586.918945 18.963135 17.404663
0 152.81282 631.33075 54.319397 17.151245
0 120.63295 291.496277 38.084496 34.19519
0 442.524078 406.238953 25.992371 21.222168
0 187.912628 9.923124 28.382355 18.462261
0 280.742249 42.712585 18.739441 19.249268
0 37.178829 433.79361 48.795265 41.979675
0 591.135742 78.279076 36.605225 34.437149
0 305.774536 132.36731 39.786499 39.669739
0 459.489899 430.313538 51.842285 45.490723
