0 170.345154 485.636353 43.526459 38.705627
0 504.25592 94.559128 26.303497 23.666473
0 432.990417 158.855804 22.941101 21.485474
0 56.018593 45.004364 41.472149 40.298618
0 499.214417 224.014984 21.55481 20.859467
0 604.723816 230.263779 25.969971 24.76532
0 59.223473 16.670765 42.380238 33.095573
0 592.931824 92.89418 22.124023 21.158737
0 431.308411 431.332001 39.487122 40.71637
0 214.569153 454.043243 32.840179 29.981567
0 41.464794 284.14801 23.96624 24.20636
0 12.147835 174.799576 22.066757 21.145599
0 184.179642 170.93074 24.73053 22.549133
0 72.927589 540.229187 32.526379 30.375732
0 286.270782 15.252358 34.721802 23.47069
0 578.653687 120.870621 26.696777 22.32206
0 629.018311 323.087524 21.195923 25.340515
0 209.156433 101.415001 32.583313 30.969818
0 379.79483 505.979095 33.720398 30.494934
0 453.294678 248.497681 44.978394 39.767471
0 135.338364 301.993774 32.678375 29.132019
0 203.047089 370.994751 55.408295 52.406982
0 68.367126 244.744263 22.299557 21.439331
0 215.529282 23.098125 23.661194 23.112717
0 265.169952 397.041595 122.631653 124.448059
0 333.778748 368.935028 23.371826 21.061646
0 293.709473 7.262411 24.86322 13.885305
0 85.53022 236.121582 19.420578 18.061279
0 629.233948 228.415283 16.246582 17.396149
0 281.564941 277.465668 35.762146 32.094727
