0 415.880707 36.292698 32.137451 29.462906
0 482.832275 95.13295 29.796265 25.220963
0 541.076904 590.036987 30.825562 26.610718
0 178.528381 444.506226 20.814697 20.031311
0 408.072601 155.684586 25.079895 23.074951
0 394.393005 315.355133 24.860596 21.118896
0 620.749451 223.359848 23.566772 19.95108
0 223.679291 410.407227 22.07074 19.364197
0 507.23175 111.650627 26.688202 22.60704
0 54.902786 24.490509 17.934708 17.426903
0 359.861359 629.269409 22.163574 18.810181
0 63.602859 464.728699 20.407791 18.799255
0 575.657715 612.709045 20.082275 19.363281
0 424.150635 615.30719 105.106689 48.663208
0 365.798218 582.35968 17.68396 17.02063
0 283.302063 234.133545 19.726746 18.99176
