0 565.681885 244.276413 72.000488 66.476715
0 245.878387 176.412628 42.756027 38.771179
0 590.154297 440.880463 34.325439 33.516785
0 209.541367 14.478283 28.146179 25.316154
0 503.975555 148.703064 25.415344 25.649109
0 225.891922 83.649826 29.71701 27.974457
0 58.500431 128.010818 18.477089 18.277489
0 309.507996 562.376099 22.945068 20.845947
0 442.656464 479.025757 41.269226 39.566772
0 227.485855 204.784714 19.600067 17.486115
0 525.346069 465.137329 22.501587 22.182373
0 170.446198 179.41777 18.96167 17.041168
0 296.931152 415.565735 20.480774 18.393066
0 122.518982 18.695135 18.440788 15.518318
