0 547.704651 142.258575 118.444977 106.606567
0 316.201782 303.713562 59.066528 55.727051
0 123.440582 294.541687 28.622345 26.723816
0 86.331749 191.600525 35.209518 33.458069
0 262.203583 477.07135 29.684067 27.234619
0 259.289124 137.210434 24.807739 22.800743
0 340.380615 339.624756 23.467224 21.923462
0 64.269424 417.613281 41.753353 38.035217
0 399.646545 16.088017 42.942749 32.176033
0 229.542953 55.202103 75.689789 67.536499
0 515.853149 586.444031 23.864868 22.183105
0 522.126221 544.507263 21.04068 20.10144
0 142.805084 607.443298 39.853058 37.966431
0 176.556244 579.320312 36.516876 36.261597
0 266.518951 594.124023 75.635132 68.880371
0 585.486267 221.404144 96.574585 81.279846
0 520.876648 512.314148 24.174805 21.607086
0 253.730713 508.088928 86.994125 79.313721
0 39.759083 236.438583 20.790909 17.403107
0 600.146484 554.043762 39.473633 34.086792
0 622.751282 627.452393 33.854858 25.095154
0 504.414734 204.177643 81.237762 73.700623
0 25.493858 127.012161 17.482414 17.506683
0 226.249344 561.816895 55.26001 49.927368
0 600.5896 579.755615 41.993652 41.794434
0 454.231934 57.817184 146.310638 114.959442
0 602.219849 333.837097 55.298706 47.964478
0 407.452118 59.722443 64.576599 59.402622
0 14.655985 247.110535 18.366749 19.089981
0 21.590658 473.775208 31.360241 26.95636
0 559.980591 577.336914 50.294067 46.827026
0 59.261414 541.730286 117.51474 127.841461
0 107.327644 404.237946 43.76207 36.081055
0 16.057072 389.539215 32.019058 35.466858
0 419.754059 219.735138 72.097046 68.675812
0 109.400909 80.974442 17.647797 15.81633
0 268.998444 540.340698 46.37056 42.353394
0 152.222092 274.303589 18.962311 16.81134
0 520.118896 612.110962 111.949341 55.778137
0 614.862793 275.160431 50.274353 85.79541
0 632.463806 434.982605 14.520752 19.362061
