0 613.690918 426.254059 26.556274 24.457764
0 330.803314 512.307617 36.712708 34.723877
0 575.750183 73.991028 22.608643 20.676884
0 394.794617 213.963608 73.799805 66.919769
0 434.060089 310.434784 27.308838 25.594971
0 113.883423 204.945877 37.865662 35.071411
0 398.853699 476.620483 18.130859 17.192932
0 428.836182 137.398972 39.267334 35.466766
0 396.685852 16.025761 42.12677 32.051521
0 321.076996 261.427979 33.945984 30.581055
0 332.28476 564.719971 20.545776 18.867432
0 292.70932 56.855957 41.194458 38.864658
0 335.01532 43.801548 41.4729 37.665688
0 346.910095 72.478912 72.973145 61.080227
0 14.513258 134.762207 29.026516 32.850342
0 288.769806 125.90432 47.881653 47.0793
0 307.500061 194.664368 25.233826 22.641571
0 552.897583 129.298843 20.009644 18.638489
0 470.170166 308.542603 26.773376 24.182739
0 489.123077 283.860413 31.684204 28.460632
0 207.224609 123.74733 124.459778 113.410728
