0 156.926208 466.270996 44.829224 39.699097
0 49.535053 323.783875 32.703285 30.825867
0 519.351379 354.89978 27.494507 26.594788
0 602.804688 368.186554 27.272095 24.399414
0 347.292725 397.774506 35.039734 33.135925
0 64.112579 75.055145 25.663483 23.055527
0 15.600897 155.440598 31.201794 31.805145
0 250.740814 226.842468 20.751038 19.794617
0 49.749897 10.193439 30.379066 20.062851
0 286.317474 266.505829 19.825256 17.643799
0 530.848999 53.250561 18.077026 17.378304
0 159.864502 358.190491 35.991425 33.300232
0 576.415283 393.000214 18.980225 18.148865
0 373.858917 385.394318 24.214478 21.968689
0 213.695038 162.112305 43.452728 46.115112
0 74.772278 367.605316 81.28154 67.151855
