0 192.908264 494.114288 33.248566 28.440613
0 528.042725 258.456085 22.160889 21.783081
0 357.727783 459.335052 22.105103 19.6297
0 632.609253 482.647339 14.781494 26.018066
0 250.027786 186.322815 22.901215 21.941742
0 283.705261 147.62291 26.330994 24.234039
0 256.573212 67.712624 30.807022 27.589951
0 95.991432 16.183214 21.195587 21.014755
0 576.67572 121.616455 125.914551 182.887878
0 160.173126 584.790955 20.629456 18.952148
0 521.385132 41.68644 80.445709 77.403336
0 558.077454 80.164085 25.028687 21.204102
0 568.719604 242.688049 20.281128 20.074585
0 615.358948 113.069443 21.96106 20.341522
0 588.054565 554.575378 103.47583 118.298187
0 567.507996 126.946037 94.012207 95.323624
0 374.288849 90.645393 19.264709 19.119507
0 535.291199 565.688843 24.562622 22.876587
