0 164.730499 362.417053 35.088409 33.189575
0 487.581146 274.460327 39.343933 36.570251
0 142.308624 389.171417 34.219635 30.175964
0 324.579529 320.839996 45.44104 35.249756
0 49.009998 617.50354 58.542915 44.99292
0 350.077332 295.736816 42.380493 35.730103
0 213.809799 497.738525 36.116333 30.484894
0 17.999786 459.368683 34.768066 29.633667
0 480.807465 239.764038 40.924866 38.056503
0 319.290375 227.713486 33.900269 33.358368
0 193.512222 397.172485 30.856781 26.50415
0 532.250732 503.388733 36.989136 33.835785
0 614.646362 22.359715 50.707336 43.770905
0 390.997467 289.433624 22.870544 21.469177
0 260.734406 203.091263 23.83844 21.371155
0 525.583252 286.156769 25.109863 22.213501
0 402.712891 318.702057 24.733154 21.25946
0 486.297943 196.150925 29.963501 27.703186
0 603.820129 53.262684 26.472412 21.274391
0 406.173676 634.147461 26.427063 11.705139
0 393.079254 6.329404 43.994812 11.826668
0 34.393082 144.759445 29.617401 29.840851
0 199.947906 540.719116 24.029358 19.518188
0 581.413208 380.616364 23.361206 21.39978
0 300.088928 436.70105 19.932312 19.133667
0 301.09082 366.886627 60.35321 57.697388
0 532.690979 400.483917 23.934204 20.878357
0 369.861786 29.314152 20.406189 20.562279
0 41.898872 296.442444 24.560381 19.37384
0 614.862915 325.707672 49.437134 47.117126
0 359.178345 125.566467 20.188782 20.702797
