0 117.958405 370.718292 29.996849 27.50531
0 323.315735 109.916542 27.269104 25.404099
0 265.191528 267.787872 23.69696 24.344376
0 22.009422 628.509277 33.194992 22.981384
0 103.097351 630.713562 23.185135 18.572876
0 250.397598 127.235641 22.920074 22.787872
0 76.436882 127.762764 25.291 22.77919
0 111.651314 344.233215 28.736725 25.166687
0 294.062531 79.94014 21.525574 20.438049
0 67.883919 211.542328 20.702637 19.332825
0 215.602203 107.425751 20.017853 18.101318
0 240.462845 310.694611 25.770294 25.513611
0 15.425619 353.725433 22.741604 19.904419
0 98.772247 275.327209 20.823563 18.735107
0 162.558456 30.052261 39.429108 38.000076
0 42.545143 392.781097 22.653503 19.411621
0 11.447491 374.056061 22.894981 24.764648
0 311.018524 511.874939 20.067993 17.64209
0 368.708252 204.057144 21.28949 21.295258
0 353.10611 411.538879 39.98114 37.767944
0 12.736181 362.65155 23.197666 28.705994
0 83.416763 11.837278 22.154327 18.891491
0 271.424927 388.789703 18.103516 17.693726
