0 75.388306 573.523926 29.398727 24.623413
0 166.174835 550.174927 29.202637 26.538696
0 253.971313 205.964584 27.793228 24.450378
0 159.68222 191.797043 46.008362 40.375763
0 160.347443 220.881012 22.752319 20.65033
0 182.967499 590.508972 25.673523 24.927856
0 587.059937 38.512924 22.89978 23.66153
0 519.010864 216.479324 23.679565 21.410675
0 105.257156 128.709854 23.74707 20.902679
0 71.477325 218.877167 142.954651 189.855789
0 366.244446 410.798889 22.50647 18.588623
0 300.552032 126.296288 90.977417 73.708206
0 468.230194 350.296387 15.779602 15.212036
