0 191.524796 198.976288 66.035583 62.898438
0 114.325531 542.238586 39.005524 36.286011
0 512.500977 51.926449 48.983643 43.860558
0 559.878418 417.463959 32.822876 31.137756
0 87.462059 629.838562 57.899475 17.543579
0 375.966888 464.40152 30.669678 31.563538
0 510.814209 503.337708 41.627899 37.534027
0 247.669891 193.123062 23.559998 21.812317
0 342.267334 198.62793 33.784546 31.157898
0 20.652308 395.576996 38.625996 43.513
0 516.363953 155.087692 39.921265 34.786285
0 109.786102 210.948868 31.517044 29.53476
0 371.832458 226.270767 26.202209 24.936768
0 296.598511 343.797211 60.255981 55.836853
0 323.709625 431.158661 21.433105 18.050049
0 95.691574 414.128601 21.658066 20.949646
0 587.43103 487.494568 68.66394 60.799957
0 378.002106 499.765747 37.73761 33.690552
0 165.783966 314.576965 28.408386 25.874146
0 407.102051 123.881454 47.552612 44.770348
0 254.419556 341.448059 32.105896 31.304749
0 311.096039 473.85672 38.005005 31.052429
0 433.732361 258.781464 27.964783 26.874313
0 330.13562 266.527161 31.25177 27.739014
0 255.394135 356.464325 35.110245 33.899536
0 10.366888 134.185089 19.634174 37.550713
0 181.978653 358.888824 29.979553 29.175598
0 346.787933 596.618774 23.554321 22.795288
0 582.339172 70.680832 30.63147 29.917881
0 433.448639 508.867615 19.389404 20.939453
0 59.602074 471.20752 47.734295 45.752014
0 7.318056 44.090057 13.956676 22.975082
