0 421.999146 457.350922 174.252563 166.772034
0 534.246948 482.601288 60.808228 56.991821
0 356.390686 604.887878 76.729431 70.055664
0 388.92514 108.893387 59.002869 54.481049
0 90.349503 130.650177 83.727379 80.781685
0 165.444519 406.278687 43.461426 39.168335
0 608.679321 183.579742 50.737427 47.498291
0 140.104019 239.021286 35.388557 31.948883
0 310.828735 441.68042 33.119568 29.891724
0 585.225891 532.634033 71.174683 62.475464
0 49.201527 89.451859 35.301964 32.223465
0 623.184814 434.37616 33.630371 41.666626
0 223.835205 490.429382 39.54483 37.206787
0 531.80072 20.87117 25.136597 23.300201
0 629.957764 478.312195 20.084473 43.448242
0 599.200623 575.853821 58.601318 51.862671
0 564.939941 263.205811 36.716431 31.985764
0 313.420868 164.073318 49.085999 44.237183
0 89.189606 20.850006 42.75386 36.956238
0 10.344409 90.555359 20.688818 25.78717
0 282.710205 60.087112 47.201599 43.713711
0 201.561356 231.683914 24.817108 22.282288
0 626.000488 404.199463 27.998962 30.958984
0 372.208313 522.161865 37.760925 33.216553
0 237.68634 630.504272 63.532272 17.255249
0 208.522995 188.961334 35.270721 31.729034
0 50.410919 179.858185 32.674042 27.977478
0 160.323639 202.374847 30.551422 28.457245
0 255.890656 182.41037 54.592728 48.689606
0 247.748199 80.843826 37.443802 37.02211
0 204.579376 102.569458 25.896973 23.417847
0 89.561768 333.951263 31.695663 27.594666
0 118.273605 219.178162 19.646919 18.164337
0 474.842682 9.983683 24.503662 19.967365
0 19.395161 70.547745 37.993034 34.797729
0 32.723652 432.004791 63.986687 70.477844
0 267.612122 460.270538 76.465515 68.728271
0 407.285675 192.449142 24.051819 21.288757
0 43.832993 556.236816 87.665985 165.231812
0 551.265625 142.489746 18.742554 18.917938
0 218.468292 93.882851 24.42627 21.75592
0 597.250183 387.355438 51.565674 49.913452
0 319.665009 150.214996 50.669006 43.105194
0 142.799042 143.525787 35.873627 35.404449
0 241.218933 189.986282 18.610657 18.672485
0 502.121094 243.914551 19.652588 20.598541
0 287.704346 69.252731 34.882568 29.658798
0 282.773407 37.683315 49.270935 48.731194
0 340.058716 108.868767 28.408691 24.531326
0 179.506729 326.882477 35.794006 32.430908
0 496.908478 216.832947 23.112793 20.8685
0 580.930481 311.904419 19.174683 17.929504
0 483.833984 108.099396 22.102905 20.762207
0 245.066589 188.738052 27.629959 28.553162
0 10.997993 192.907104 15.798225 17.07373
0 273.372864 120.965546 36.754578 34.811584
0 166.669342 244.287598 20.069275 19.132599
0 5.227075 225.563797 10.45415 35.014954
0 30.987801 458.805664 60.296249 64.20343
0 207.866638 95.93969 39.899109 35.320984
