0 181.03421 47.181335 71.834717 63.882736
0 287.767578 154.758347 59.935425 53.439026
0 217.461929 226.802994 37.919098 36.685181
0 567.544189 452.596313 33.93689 31.740601
0 321.66098 391.304779 28.031738 24.455627
0 13.861355 585.409851 27.72271 30.89209
0 409.469421 182.595535 29.032227 28.400848
0 120.817245 415.984863 39.472412 34.13739
0 139.710693 476.661926 31.447975 28.347046
0 224.465881 7.830019 26.495056 15.660038
0 457.992798 613.529968 24.580688 20.496338
0 258.12381 433.885315 22.769104 20.42981
0 441.476807 466.455261 21.197632 19.884033
0 58.915916 352.043945 115.866196 135.575012
0 129.532288 221.206299 22.880318 18.685211
0 551.363098 599.297119 29.586914 26.584839
0 132.485809 317.147369 22.966331 19.808838
0 602.181213 619.493408 45.582153 39.186035
0 51.437202 78.951256 24.96595 20.219391
0 220.784302 320.621704 21.106903 19.046631
0 498.427002 633.126953 31.661102 13.746033
0 31.872797 558.538025 21.124607 20.247925
0 325.540771 629.264343 55.808594 20.793457
0 289.814301 79.229332 23.749207 23.110611
0 491.596741 203.442749 20.988953 17.431458
