0 236.618637 497.801697 35.806 33.411011
0 263.035034 430.864716 36.322449 35.237488
0 377.674225 450.022858 27.262512 25.590393
0 602.42395 110.831497 60.995972 55.964928
0 466.705963 44.320366 203.01825 82.816391
0 120.774231 633.377075 27.933136 13.245911
0 353.266724 156.385208 31.608459 30.12262
0 361.549896 206.305206 24.935242 24.213074
0 407.792542 401.626526 22.818665 22.05249
0 493.806976 412.342438 18.748962 17.406189
0 458.486938 310.060608 91.314819 79.690918
0 64.667694 342.646515 43.249939 35.55188
0 603.964722 489.196777 72.070618 100.831757
0 16.498577 45.236656 16.826347 16.31778
0 57.412254 624.918091 33.293823 25.713745
0 417.068176 400.463348 29.82019 25.404968
