0 310.251434 251.936325 44.054382 39.890472
0 581.680298 30.179916 41.480957 36.106277
0 479.131805 107.636986 42.059387 38.461273
0 616.830078 70.274025 46.339783 48.90456
0 516.164429 563.996277 59.269318 58.364502
0 545.552612 452.822937 50.574219 43.188049
0 191.976212 235.954956 69.773804 56.574692
0 576.651428 151.553528 35.584961 32.020294
0 408.478485 106.166061 63.433044 57.737213
0 255.140106 342.036041 79.782837 72.883423
0 16.133923 225.373123 32.267845 36.762878
0 543.732056 25.538069 39.998901 34.82336
0 87.903923 179.343048 46.770767 40.175507
0 214.954636 146.741287 42.762634 40.474823
0 376.747833 45.291977 43.833069 38.732559
0 436.673035 20.630211 43.417542 38.778671
0 499.934265 29.514084 36.293213 34.218445
0 289.657349 277.342926 35.995605 32.347534
0 623.069458 26.960648 33.861084 44.905029
0 586.834778 217.748856 62.50354 60.409393
0 336.972931 172.543961 35.093445 30.964294
0 60.15583 234.256104 52.408142 47.726791
0 110.346413 88.68869 108.252151 82.267937
0 523.407715 120.63488 43.399872 39.210251
0 606.307251 627.828979 35.90918 22.779419
0 558.7276 536.829102 57.803345 50.577972
0 612.858093 587.263306 47.120117 45.193604
0 499.878052 161.907089 57.595612 55.851807
0 461.993805 618.62854 84.490662 41.095459
0 289.635986 395.60907 34.080078 30.729919
0 514.104736 52.732788 34.36853 31.802658
0 627.29248 276.489716 25.415039 34.070007
0 552.157043 583.354858 28.302002 29.34375
0 498.807617 402.868134 55.512848 50.945312
0 211.841064 474.678711 27.839233 23.815063
0 303.547333 149.32605 34.216003 30.853394
0 412.137329 336.71637 30.141357 27.654968
0 30.629013 75.420204 59.719482 60.314285
0 328.977417 403.205017 36.192688 31.619019
0 577.968689 596.409973 32.996704 33.099365
0 378.121948 153.563568 48.800598 44.817047
0 332.180023 56.842583 43.385132 37.016315
0 508.598175 85.541451 40.921082 37.497711
0 18.187778 186.747086 36.375557 42.65686
0 351.344635 488.957123 30.517883 29.003418
0 375.879456 459.413544 53.192505 46.711792
0 200.244766 559.433044 31.502716 27.230835
0 609.827271 144.963608 32.093506 29.556396
0 14.498083 458.4422 28.996166 30.683228
0 613.535767 476.745911 28.108887 24.036072
0 242.230743 614.924866 118.776169 49.349609
0 451.60672 483.720428 33.089539 33.545959
0 234.597748 445.819763 39.079559 35.393921
0 174.098175 190.922195 41.933624 36.959198
0 504.477356 205.427338 71.731201 57.816528
0 151.279297 167.067551 61.894592 48.582153
0 471.630798 9.404163 28.424438 18.808327
0 244.530548 275.313171 46.001831 40.615677
0 175.800858 326.886627 28.218903 26.897522
0 91.662048 551.318054 37.354111 33.979126
0 122.424095 143.915558 49.209915 45.507874
0 472.786011 326.415894 45.275024 40.814148
0 11.536844 486.832031 23.073689 27.881104
0 235.408722 576.98114 50.084305 45.153442
0 253.539581 307.731232 64.817871 55.333618
0 161.961945 40.426018 47.582031 41.097687
0 202.939041 327.140137 43.122772 40.884277
0 325.997681 223.653564 29.756042 27.088165
0 358.147552 545.346008 49.369019 42.745239
0 78.140884 493.979736 34.169033 29.304199
0 202.553055 431.183105 25.359253 23.274353
0 511.063782 490.14032 31.615448 29.929565
0 351.103943 261.453156 37.776062 33.603394
0 597.070374 587.743896 78.969238 69.099121
0 385.799286 23.816042 36.515198 30.995579
0 577.451843 429.011871 35.648438 29.247742
0 440.450684 248.089783 22.438843 22.110947
0 569.443787 551.624878 48.874268 43.158813
0 408.889526 311.662903 23.545471 21.638672
0 156.03299 296.825562 33.439728 30.174988
0 5.905575 513.482666 11.81115 27.574493
0 195.748077 174.809967 25.356781 22.593323
0 109.564484 568.997009 42.487434 34.752808
0 319.856873 22.262306 60.603821 43.413368
0 270.222076 132.099564 31.108109 28.345146
0 471.906097 501.77301 35.443848 30.15625
0 442.123871 345.069702 31.223328 22.889587
0 58.432869 629.498596 41.838837 20.574463
0 57.755661 342.669891 26.891293 24.929626
0 361.009674 108.2911 35.561279 33.976883
0 488.739716 178.545807 89.692566 79.854126
0 454.104401 137.454865 51.140503 43.322784
0 131.306763 508.240051 64.141693 53.819946
0 11.886385 322.003235 23.356815 58.768005
0 350.371887 453.130249 50.631409 45.64801
0 392.736053 162.768005 42.023315 39.557281
0 151.327377 616.257568 63.733498 47.484802
0 212.833038 201.532623 41.66214 36.386139
0 328.44873 502.294495 26.255249 23.104767
0 86.193916 596.559021 42.915207 33.060425
0 167.473312 618.069458 33.942413 32.119995
0 106.981079 220.098343 33.574646 30.779144
0 321.702148 476.440735 31.354492 30.04364
0 193.631317 303.195343 29.763275 26.317627
0 74.646729 295.868652 32.197754 27.712463
0 629.740784 607.740723 20.518433 40.761475
0 612.54303 170.387909 23.05542 21.014557
0 21.516338 150.234375 30.908274 27.012451
0 587.301575 55.128784 19.297974 18.835499
0 247.312378 181.421982 27.090698 26.369019
0 360.966766 582.239502 101.127441 94.691528
0 314.572693 194.494888 31.292603 28.795349
0 180.498886 426.361908 21.339233 20.189026
0 93.843689 48.28767 83.67292 70.133629
0 104.742561 326.121338 27.474655 24.555847
0 584.791565 560.362427 47.476562 41.225464
0 356.538269 284.43866 72.991638 71.010986
0 152.518036 316.955475 21.415436 20.676086
0 508.774994 448.783691 22.143005 19.669373
0 397.77359 533.720154 30.617004 24.948486
0 270.050781 354.605072 54.43042 49.93866
0 259.499115 19.582203 69.589783 38.342186
0 293.637512 426.02597 49.329956 51.372681
0 164.633179 302.920349 24.685425 22.270874
