0 70.969597 92.414894 45.534718 39.752945
0 215.43399 26.788036 58.928101 53.200294
0 605.602417 198.540878 46.464844 42.04248
0 310.724823 165.114182 37.731445 35.478638
0 310.673767 24.381102 27.905396 26.804714
0 97.523987 412.481384 46.715027 46.738525
0 390.730011 109.831375 29.611328 26.941193
0 178.695099 117.766853 33.847534 32.754501
0 255.515869 444.508667 24.930298 23.216553
0 106.842644 548.065491 26.355133 26.618164
0 31.868652 167.668335 25.208672 24.165863
0 335.773895 201.709732 27.29895 25.518311
0 207.791168 165.596558 24.838348 23.745178
0 339.012451 178.110016 25.077087 23.51062
0 360.754395 76.000397 24.517639 23.673309
0 378.160065 621.762817 37.853333 34.33606
0 50.727638 262.243042 22.079926 22.016953
0 266.654266 43.667995 39.437119 34.669754
0 530.233887 618.116394 45.929199 38.884277
0 535.361389 576.180664 28.920166 27.401001
0 358.746796 156.885956 32.427673 29.147858
0 249.421249 311.772278 20.562897 20.31543
0 424.759064 460.84845 21.913269 21.400757
0 569.530823 244.953384 24.689453 20.925537
0 616.244446 477.35553 43.749023 45.000732
0 524.509277 101.799911 20.161133 18.496658
0 215.310837 129.861862 24.09903 23.345306
0 151.01767 12.851961 60.881096 25.465824
0 376.823669 240.694153 27.493286 22.73642
0 24.244795 630.690002 47.051044 15.647705
0 229.138138 208.219376 22.094849 18.216339
0 616.474854 71.190826 21.048218 19.683823
0 216.515076 112.388992 24.696411 21.377243
0 615.824585 372.73761 23.25 22.278564
0 547.689026 594.959778 22.497192 19.085083
0 579.082642 591.081543 28.508423 26.303833
0 388.485718 444.408203 26.606995 24.493774
0 214.261444 120.224854 26.01123 25.205109
