0 171.796539 261.773315 51.242584 48.92482
0 575.254211 119.038658 61.467651 57.193558
0 82.580627 127.24765 47.230209 42.946053
0 140.284348 541.652588 137.170319 124.780273
0 90.628487 52.030586 39.934677 38.489059
0 521.343323 131.99939 35.523773 33.421257
0 215.201523 155.989273 30.20166 27.554474
0 517.232117 435.875916 28.859741 26.970642
0 106.299683 437.200745 31.679626 28.188416
0 175.482574 177.249084 27.595642 25.981873
0 63.806652 155.873383 30.583656 28.12439
0 580.215942 191.117401 37.823486 32.01886
0 248.904236 33.943909 106.65625 67.51825
0 334.937347 277.67395 23.196655 22.331848
0 539.036621 155.334946 36.624268 31.740753
0 629.793457 346.628906 20.413147 26.360779
0 291.116333 216.070526 27.66333 24.512878
0 212.7995 452.695496 23.535461 22.630188
0 554.345947 19.435509 71.443237 38.871017
0 30.55085 283.548798 28.782103 25.778748
0 576.728088 532.454895 126.543823 174.599335
0 540.625122 317.410034 30.361206 24.110168
0 65.286263 233.33667 86.739822 82.011581
0 351.964142 598.531006 23.273315 22.665161
0 375.142883 298.426178 22.495789 20.37146
0 152.876129 598.38678 31.550323 31.203369
0 631.859375 311.833893 15.903198 30.985779
0 325.202057 35.732426 23.355164 21.239326
0 214.865997 408.52179 48.162292 43.667114
0 317.119507 226.899353 37.005188 35.431824
0 80.53833 348.801208 44.421177 38.279541
0 630.747375 474.595093 18.46228 21.305786
0 149.534836 109.164986 32.562408 29.75029
0 449.837036 618.984314 38.814636 35.773071
0 317.857666 557.154968 19.661804 20.213257
0 45.630402 382.564758 21.720329 20.262268
0 468.795746 626.77771 62.763916 24.822266
0 57.514225 550.62146 41.059288 37.954468
0 325.024323 465.207214 30.412598 26.931396
0 597.721863 620.25885 21.354614 17.844604
0 337.556824 496.138794 294.07312 287.634644
0 345.019165 354.593506 18.605164 17.3125
0 25.087452 629.8172 43.087807 20.365601
0 568.084106 446.552612 22.628174 19.655884
0 165.273468 356.518036 42.663879 37.734009
0 451.95575 71.822083 169.067383 141.134674
0 559.441345 146.828156 59.87915 47.639313
0 476.647675 558.915771 31.953979 30.625488
0 356.208252 421.884491 18.561279 17.093933
0 88.110481 313.435852 28.649521 25.640625
