0 437.17453 433.550873 30.898254 27.070007
0 524.453613 513.370972 38.627228 35.501587
0 23.884373 285.207947 36.714958 31.3703
0 562.981262 138.681549 34.631348 31.828102
0 87.489067 70.255493 27.583221 25.556519
0 549.740356 339.995117 29.442261 27.079285
0 140.965454 142.89566 28.152679 25.75589
0 95.906387 120.76503 25.135651 23.088005
0 354.713013 349.602966 23.940613 20.552002
0 348.639679 516.976807 24.295898 20.431396
0 537.571045 308.845245 65.066559 54.689941
0 352.10141 564.280884 22.897644 21.733765
0 246.377502 116.344231 25.064697 20.531509
0 201.813858 552.129639 24.881958 20.910522
0 413.28299 168.036392 21.458374 20.913391
0 476.42099 342.354126 44.606323 35.22229
0 330.8302 482.547974 20.634033 18.385315
