0 318.119324 148.799286 57.668152 51.157036
0 630.842285 465.266693 17.534546 30.662354
0 128.211441 477.5979 21.72979 21.185486
0 463.340027 278.749084 29.34906 26.870422
0 554.752625 329.640594 21.581543 18.857422
0 425.707977 31.78656 94.534851 63.213249
0 415.662079 289.424164 22.161865 20.371155
0 124.255257 114.853851 46.521652 47.452423
0 491.762543 267.981018 32.410767 30.142212
0 366.635223 28.812403 32.722107 31.367901
0 14.340312 27.985668 28.680624 48.020638
0 585.14856 292.056885 34.924561 34.931458
0 502.881104 154.554794 34.046112 31.662567
0 628.378235 317.370178 20.789062 21.764282
0 433.456726 311.928711 22.990601 21.905701
0 72.210762 602.602539 26.086777 21.79126
0 248.158905 73.918907 36.434341 32.581776
0 204.638107 73.518143 57.632355 58.826565
