0 368.36557 115.633308 96.487549 81.116409
0 228.392288 490.067291 33.003784 28.651611
0 59.837975 565.777588 84.816147 77.100464
0 141.926086 244.506195 77.164978 66.608704
0 438.515961 246.53421 36.144043 30.712021
0 484.02121 527.231812 36.062195 32.817383
0 105.573547 350.396545 45.002144 45.156067
0 338.599823 545.451172 35.406128 33.717285
0 446.561798 536.984497 38.979248 32.017334
0 200.770462 99.642441 26.864532 22.661087
0 172.371033 430.809937 26.279907 22.058533
0 137.290314 477.149658 25.591125 22.383667
0 199.790695 122.5439 24.915466 22.74987
0 278.309448 576.953918 27.418762 22.155029
0 419.236969 483.259674 31.890564 29.726196
0 452.329437 505.360107 44.316162 39.106201
0 269.5383 370.1492 28.071228 23.90509
0 330.612122 572.036316 24.466492 20.757568
0 64.350273 399.201538 84.167709 77.238037
0 555.172302 43.623234 32.415894 27.963867
0 480.017334 174.167618 65.464813 62.171234
0 591.031067 163.177109 21.737427 19.888763
0 585.30481 245.565735 23.258667 21.6819
0 66.301201 427.984009 73.697327 61.537903
0 89.375679 527.643738 22.769608 20.946533
0 600.079224 18.545918 24.792847 22.565773
0 183.872772 504.559875 27.304077 23.355438
0 33.081181 173.374878 22.136589 20.772614
0 377.890564 559.671753 27.057861 23.935669
0 449.148743 495.211609 33.619263 31.323792
0 144.001724 202.963409 22.96817 19.851166
0 552.064758 54.703392 21.734497 20.011738
0 109.083588 540.882385 24.587006 20.626343
0 174.889511 364.751678 22.762665 20.806091
0 23.665043 519.005371 33.169792 30.737885
0 475.68335 486.373383 26.099792 24.091675
0 296.196991 630.748413 23.044006 18.099854
0 573.803467 67.771301 29.432007 26.979294
0 596.112549 61.29615 20.202026 17.205109
0 630.723572 244.158691 18.552856 24.799698
0 236.205475 42.782024 25.38446 19.820541
0 456.268066 179.826584 20.700012 21.582703
