0 100.444992 251.887711 74.407745 61.734467
0 429.311279 152.430817 74.77124 66.007195
0 536.71582 444.273346 53.734497 47.210632
0 248.886658 97.02597 61.180496 51.708099
0 190.383026 272.447205 43.940552 39.268234
0 331.046295 158.800507 33.34552 28.007355
0 284.189392 192.405731 34.397827 30.22287
0 419.932007 236.742325 31.93396 28.505524
0 107.468613 316.252289 32.006577 26.193848
0 223.075638 142.934601 27.412079 25.327972
0 393.13739 230.288574 27.803589 25.66272
0 336.279846 98.20504 31.653809 28.650452
0 614.041016 75.175034 51.917969 71.754913
0 164.690094 181.101746 30.06842 28.445709
0 326.319855 43.413254 38.069641 34.264969
0 511.780365 269.894806 39.72821 34.253342
0 142.132263 209.245178 34.628654 31.476227
0 171.929733 42.790855 50.501404 44.51326
0 407.205597 195.048798 40.018066 36.563049
0 79.266327 615.101257 43.818054 38.993408
0 421.026001 54.399471 34.30957 31.359367
0 592.802063 104.573761 41.205078 36.024689
0 158.62796 122.309845 25.006897 22.747505
0 569.1828 21.019512 54.309204 40.517921
0 335.65448 66.408836 26.060242 25.73634
0 379.994354 448.292023 23.477966 20.304993
0 365.287292 232.585373 21.406677 19.407318
0 613.821716 260.265503 52.356567 79.069839
0 556.533508 68.989456 46.953613 40.134521
0 481.433533 575.910339 25.007874 22.918701
0 498.498657 617.023743 58.319733 45.952515
0 365.753479 487.733337 119.182556 110.098511
0 453.827972 97.055878 17.997803 16.722015
0 617.585938 6.96866 41.199585 13.834051
0 552.83551 10.868774 52.378418 20.380142
0 254.125458 202.940781 22.449905 21.405853
0 164.268036 158.15741 22.782898 19.494019
0 497.048126 545.68988 70.594055 59.246948
0 249.75412 40.265266 23.535049 22.489243
0 379.107819 5.690497 29.900574 11.380995
0 308.284332 479.704224 221.922607 145.29541
