0 163.068253 460.76947 90.850807 76.354004
0 263.407654 522.386597 29.214966 26.2883
0 621.20282 146.491348 37.59436 43.627228
0 582.011169 196.655502 31.148926 27.812958
0 408.925385 175.22171 27.801819 23.68866
0 591.144714 582.390259 65.914185 55.480835
0 371.073944 561.690063 34.77124 30.88562
0 308.433014 367.592743 82.565247 68.835205
0 257.687927 51.682877 24.25061 23.189095
0 86.768051 220.768982 49.490173 45.586395
0 124.336029 486.027435 24.240761 22.458374
0 72.138763 429.749329 39.117405 31.126587
0 528.207581 442.104523 26.157227 25.252014
0 238.517517 444.685486 26.522217 24.367432
0 514.796753 543.121826 22.681793 21.695557
0 329.56134 571.421875 22.942078 22.091431
0 288.098267 311.576324 26.469666 24.527771
0 386.176208 547.817932 24.476501 21.866211
0 488.067474 207.299225 44.801575 39.605347
0 237.912231 561.562256 22.395203 20.473755
0 78.82972 455.061951 22.948456 21.258057
0 582.248657 398.393555 21.780151 20.672119
0 97.436577 584.774292 23.4767 20.557251
0 607.491638 237.305939 49.775024 44.218628
0 114.1409 302.229889 22.125153 21.614075
0 302.637909 243.293793 22.018372 23.921478
0 531.378235 187.606125 33.719116 33.105927
0 41.66748 187.376282 46.783157 39.366699
0 161.041016 145.637711 20.897949 19.704193
0 599.027466 416.87204 26.805786 23.322754
0 571.893921 449.044403 33.511108 30.165649
0 115.101151 354.955627 72.32193 67.00415
0 262.243866 140.891174 19.518127 19.846741
0 634.961792 282.27951 10.076477 38.682068
0 467.005371 315.319336 24.939026 22.517761
0 529.438232 541.310913 221.123596 194.821411
0 493.195557 166.396805 28.462585 27.801758
0 577.056335 435.889221 31.562378 30.868042
0 215.427521 588.250061 20.16806 18.745605
0 292.438965 591.102112 74.242477 69.026611
0 326.299438 317.716003 23.140808 21.532532
0 281.645264 227.431747 21.622559 18.843445
0 529.784729 50.858795 71.361206 57.299313
0 125.235733 254.733276 20.610161 19.990051
0 202.00737 480.234558 19.806976 16.693237
0 112.275543 306.291595 159.395996 122.715744
0 636.148254 288.549286 7.703491 22.797791
0 306.292908 324.530334 19.691711 19.605957
0 134.415421 342.192322 136.379547 96.35437
