0 378.990295 150.851273 121.820068 110.550011
0 465.559723 125.729752 63.656616 54.952797
0 502.466125 394.439056 41.628998 38.314392
0 187.515167 410.185181 37.271759 33.618286
0 347.564423 489.961426 36.761536 31.12439
0 364.42514 37.088772 60.600098 49.860634
0 250.951324 23.680149 27.669357 26.108053
0 230.807343 8.02631 33.374664 16.05262
0 237.348663 312.618073 28.10553 22.836121
0 560.633667 466.020416 33.47998 32.183533
0 463.479889 232.079636 25.74176 23.102325
0 392.369934 53.462833 29.854431 24.589058
0 507.772095 437.735168 40.452301 34.997925
0 153.141418 322.404663 27.999084 24.236084
0 594.860291 270.629456 22.873901 21.685669
0 589.996948 51.369965 66.716187 58.315872
0 149.505386 8.801004 44.545662 17.602009
0 515.271057 184.611374 28.213623 25.224945
0 35.635506 210.338943 28.057724 24.192291
0 577.979614 188.033722 34.879883 32.31311
0 294.288788 50.545326 70.692871 64.540207
0 546.228271 97.712708 30.213623 27.966324
0 557.97644 351.620361 48.481567 39.342468
0 564.899414 163.788986 29.664429 26.838806
0 16.999218 152.597336 28.953819 24.214264
0 572.311035 277.346466 22.287354 20.304504
0 441.617462 55.686653 22.494019 20.325031
0 305.158691 109.11557 116.885254 108.336792
0 626.045532 104.335251 27.908997 35.065262
0 516.337524 87.15123 35.913361 37.364594
0 471.653595 298.310181 35.11908 33.205383
0 153.784653 486.955414 29.018433 27.417847
0 618.695496 93.412971 42.609009 50.947678
0 180.89064 36.025227 21.637848 18.286621
0 481.410248 37.567116 29.749695 24.373001
0 378.43277 33.540279 41.367065 37.469841
0 548.62262 353.93512 31.60437 24.2771
0 555.871826 20.495703 52.859131 35.382015
0 469.5448 9.149353 37.34491 17.982601
