0 211.918243 128.651199 83.995667 72.981995
0 576.794922 60.066101 65.820068 56.519592
0 21.048542 461.329742 42.097084 39.283447
0 308.208466 507.587006 28.996094 26.236389
0 39.44157 500.165985 30.508112 28.227844
0 23.836933 125.813866 27.535349 23.690994
0 416.646576 40.856415 99.122253 81.607361
0 374.458435 9.26679 31.980225 18.533581
0 273.935822 578.210815 28.913086 30.443848
0 73.50235 593.382996 31.663712 28.132568
0 396.12326 126.329636 82.331177 66.388573
0 106.693161 82.426895 44.123207 46.56427
0 178.288818 551.874084 25.006378 22.998169
0 609.343689 227.266846 43.313965 42.773224
0 113.496429 187.318497 45.227661 46.662354
0 122.967621 167.896912 45.072083 41.342224
