0 360.609924 94.305618 153.877625 128.472229
0 92.229546 313.322662 62.048798 59.136414
0 473.200745 108.856018 106.268951 100.976196
0 484.719452 30.955048 140.590515 61.524765
0 274.703796 258.353058 39.10704 36.477173
0 328.160828 231.867096 83.575195 68.315552
0 541.781494 121.609673 49.268921 46.179184
0 128.764191 173.368668 107.254883 98.20755
0 558.933655 288.553345 136.632721 137.731567
0 315.431 306.308197 37.277161 35.552917
0 386.871948 183.7341 62.688049 56.721741
0 248.349777 100.301971 25.523224 24.098572
0 53.958649 27.269821 107.917297 54.3134
0 244.909363 515.792603 36.452332 32.015869
0 114.590286 591.684082 124.904175 96.631836
0 293.758514 134.857574 27.906982 25.937408
0 113.030777 228.273834 65.873817 61.573288
0 327.924286 618.812866 151.775818 42.374207
0 107.895988 451.184784 22.713989 22.169861
0 565.52124 423.843567 84.202881 81.468262
0 167.396652 536.339355 45.199799 40.431519
0 576.877136 59.923119 93.160522 87.793076
0 39.043053 170.016449 77.56015 86.133453
0 98.082657 86.879509 22.559799 21.462189
0 348.10556 438.695221 124.748718 107.510315
0 245.318451 394.849152 27.265732 21.251099
0 604.432556 474.293243 23.77478 19.169556
0 466.879395 346.386627 35.048889 29.768799
0 619.630493 611.336914 40.624634 57.326233
0 424.343689 565.981812 146.562256 133.070923
0 163.353699 296.092438 30.41095 26.05658
0 72.151123 433.937042 27.047729 24.508362
0 393.308777 16.985985 44.281677 33.482468
0 365.12442 100.87867 24.146851 25.16304
0 617.49884 323.244598 45.002319 161.379349
0 210.054596 428.737915 29.298035 26.071777
0 166.862823 316.030182 34.489655 29.865845
0 232.512085 44.659828 73.460312 69.157761
0 621.133911 154.538376 36.914673 83.13147
0 255.226288 426.531464 58.915283 50.322998
0 165.104172 23.061928 24.255524 21.886436
0 58.932716 268.861328 91.292572 87.278427
0 326.299255 175.297226 69.037354 62.426086
0 84.647736 106.472816 87.131439 74.367172
0 300.566833 391.409546 55.491821 49.480042
0 46.205078 301.002655 41.312527 32.521545
0 340.01062 497.606262 24.75116 21.479858
0 121.526581 378.72998 27.52195 25.340332
0 580.829895 425.766754 38.293091 32.465332
0 121.501541 526.180664 63.317772 56.606323
0 267.981293 326.956024 23.086121 20.064026
0 427.312286 273.677795 24.503174 22.653381
0 434.806732 520.008606 97.101562 81.306976
0 514.24762 576.159973 21.532623 18.751221
0 187.730988 211.987732 21.880676 20.535583
0 568.52356 358.124542 19.707397 17.983398
0 106.973679 58.04834 62.142311 49.43573
0 306.493866 504.542175 20.681213 18.461517
0 272.42749 483.443451 21.464478 17.183716
