0 533.607056 372.136169 134.15332 127.427307
0 527.583618 198.808228 59.64682 54.25412
0 325.921631 395.092346 75.440796 73.890991
0 421.177948 333.312592 122.672424 96.344482
0 420.194214 467.638367 101.073853 89.108765
0 440.295776 410.150909 66.074463 59.473206
0 468.396606 224.329544 46.599731 42.312653
0 52.22694 99.683037 52.883293 48.098755
0 221.991425 283.578003 261.422791 252.41539
0 493.579041 110.007095 23.761841 21.141098
0 386.589233 68.579193 27.424377 25.321198
0 481.89505 52.247604 25.95575 23.84515
0 527.632874 107.867233 35.443115 29.904388
0 627.890259 411.780334 24.219543 36.801636
0 402.579376 568.207153 90.427185 79.796387
0 178.00087 512.400146 72.603302 59.576691
0 345.333771 627.917175 49.560181 22.979004
0 246.545746 630.578735 38.22963 17.684204
0 610.090332 433.061188 26.634888 22.588135
0 111.055428 435.943207 18.451614 17.039429
0 369.270508 426.137451 50.987915 43.289795
0 616.11676 164.667374 22.606934 20.947754
0 338.638733 44.375484 21.211731 18.63784
0 363.104706 53.943245 35.73761 31.493198
0 587.934265 137.885468 47.159424 43.68502
0 484.547913 536.770996 110.166656 102.636597
0 186.857986 518.369568 49.044647 39.481445
0 17.841101 302.134491 31.645176 27.14679
0 78.241035 318.933746 58.37735 49.907227
0 551.608215 279.567078 110.918457 89.677856
0 122.572906 13.156042 75.808044 25.086887
0 394.546234 276.670929 29.893127 28.984924
0 473.226288 130.418457 35.638733 31.247772
0 62.401939 432.364777 41.775269 38.068604
0 407.355621 197.210281 33.707336 30.513245
0 260.487244 498.561157 146.56459 112.020966
0 418.498535 451.873566 36.140564 33.63678
