0 390.064575 425.661499 119.379883 112.393799
0 305.169037 484.47168 62.468872 58.074097
0 212.000671 348.241699 83.039795 70.840454
0 322.867371 59.546654 85.941711 82.611282
0 590.228943 320.725098 99.542114 109.039917
0 260.866821 118.132935 42.339371 38.453178
0 37.750504 214.175339 74.282623 120.722931
0 107.349701 189.624512 41.823555 34.419739
0 91.618073 164.585571 27.565231 24.56958
0 150.037186 558.157288 208.80777 163.685425
0 302.273315 359.436859 125.285828 120.491028
0 465.737274 304.720184 32.145752 29.433044
0 377.636627 241.105515 56.294739 53.809906
0 34.63205 388.662445 26.914368 25.026062
0 409.76123 531.378967 26.199463 24.005127
0 55.523514 90.27755 25.194901 22.285797
0 10.763096 28.672276 19.855198 57.344551
0 410.609253 162.994461 90.189026 78.993073
0 568.309937 256.061554 32.681641 31.040512
0 406.19101 266.368073 35.335022 30.32074
0 244.691376 495.770874 64.470139 57.116943
0 454.422241 561.553955 24.784241 23.570435
0 87.893028 609.409912 27.401398 25.542725
0 68.852936 468.796722 30.395584 26.968811
0 53.007675 24.272861 26.35519 23.453636
0 434.556732 202.095673 54.165283 46.934937
0 304.481018 110.18306 30.981384 26.553772
0 545.283386 493.975983 30.020142 28.844482
0 283.948273 271.845337 136.01709 116.614365
0 85.188164 481.772491 74.699829 65.874817
0 614.786987 74.3619 20.803955 19.768356
0 40.527908 488.794708 24.173828 21.198181
0 410.560883 331.610474 110.505005 91.651184
0 104.785019 442.714569 21.695267 20.325195
0 534.948364 326.716766 22.550415 21.183533
0 280.67691 96.551529 24.358887 23.287537
0 151.835297 322.560333 25.272278 23.241638
0 122.126419 97.897057 33.177124 28.241333
0 623.318237 196.801666 33.363464 65.3862
0 41.322876 600.254211 70.116745 64.128296
0 633.07373 255.68512 13.852478 24.945999
0 562.227966 524.786072 131.484131 143.056152
0 246.062439 617.719666 50.681091 39.961304
0 157.309677 122.710693 32.462433 31.026276
0 154.263641 31.002831 17.4487 17.719795
0 284.098724 189.983429 23.422974 22.218079
0 309.552124 599.592407 27.429077 24.004639
0 306.74762 225.916641 33.502441 31.222992
0 218.438675 220.741852 22.311829 20.165985
0 328.094086 237.25621 40.832947 37.157928
0 152.996048 217.388779 31.908691 27.406006
0 427.477448 192.418594 37.523315 33.015869
0 491.889923 589.090088 270.76886 101.819824
0 196.040314 401.790405 50.167328 45.214661
0 21.328918 514.211914 42.657837 53.425293
0 528.676758 66.223778 18.761475 16.93866
0 161.549438 634.08905 24.295013 10.544189
0 10.855862 575.436462 21.711723 80.365967
0 118.040581 269.078186 223.94133 207.088135
