0 114.93721 319.631073 36.24881 31.586609
0 204.271744 207.942932 50.180206 47.312103
0 614.104675 420.636353 31.385132 29.652527
0 57.269096 299.329742 26.099926 25.409363
0 251.038254 171.437714 25.594086 24.578766
0 414.030762 575.50531 23.857544 21.088257
0 22.998379 573.530884 24.795273 22.67041
0 190.841171 497.974976 21.84845 20.871643
0 550.460266 115.67514 34.511841 34.598877
0 411.904266 179.733551 176.340698 179.383484
0 400.444092 170.360092 18.592834 18.054474
0 127.160858 162.522964 27.997833 27.72879
0 23.976158 297.456329 47.952316 47.364319
0 606.679565 514.833496 15.350586 16.332764
0 30.452129 147.800125 41.814178 41.639305
0 35.792992 35.610817 71.585983 65.485886
0 440.893463 48.441616 18.508301 18.78157
