0 542.113098 233.659653 34.94165 33.679443
0 424.672791 335.688446 30.980164 28.709229
0 102.123711 529.885132 27.229782 24.885864
0 593.745483 316.885742 77.01355 70.035278
0 111.998466 550.756714 22.575317 21.345825
0 477.023865 414.635864 146.567719 107.792114
0 504.122009 432.009247 23.610382 22.453735
0 628.957153 366.928436 20.769043 21.80481
0 342.71814 613.563477 18.460938 17.726196
0 561.090088 360.713287 41.725464 38.374023
0 283.807251 212.580978 18.833435 17.258209
0 309.892242 188.615921 21.646973 18.744141
0 542.441284 172.792496 22.883301 20.437531
0 45.389793 52.030823 90.779587 89.02301
0 579.266541 391.152222 28.972412 24.498047
0 534.576965 317.253113 24.020874 22.785034
0 501.091461 423.424805 79.927551 76.429626
0 84.784607 149.394989 169.569214 192.986084
0 240.509918 543.233521 22.674744 20.166504
0 606.595276 379.265533 27.607422 26.552246
0 520.171936 513.488159 33.146851 29.043854
0 414.664856 541.212036 17.774597 17.566162
0 26.070827 10.39489 46.640709 20.502266
0 100.695755 277.784851 17.182297 16.646423
0 286.489929 371.217041 18.21759 16.597473
