0 295.105927 539.051819 41.853699 37.286133
0 24.226149 212.605286 48.452297 59.882507
0 325.710175 608.29303 37.229187 32.789551
0 93.424362 473.207703 173.100433 166.973755
0 256.359314 506.541168 27.271667 25.582825
0 594.887329 589.547852 57.340576 59.240234
0 583.90802 72.219345 26.359131 23.690063
0 9.715642 180.031555 19.431284 24.661713
0 244.685394 136.802414 146.184692 126.715553
0 53.254509 278.983093 92.586349 90.744324
0 619.972717 372.155029 22.932739 22.145874
0 491.644287 472.263458 22.743896 21.752075
0 164.251663 628.530334 37.983582 21.448608
0 565.307373 86.741104 24.136963 21.498123
0 333.660248 17.248909 67.227051 33.697998
0 37.691967 39.858292 75.383934 79.191116
0 172.274338 560.854065 71.342102 64.672485
0 478.718445 442.110779 21.142883 19.849426
0 588.444092 293.306 26.817993 24.287354
0 90.652443 579.85199 22.450928 19.094971
0 86.48201 390.315613 23.405212 21.425964
0 219.068451 5.689942 20.31134 11.259352
0 430.658264 306.065948 18.492737 18.650085
0 217.740479 422.763641 109.445374 113.214539
0 623.943787 539.044678 19.537842 17.65564
0 397.036591 113.216957 67.979858 66.887772
0 336.223236 563.49939 18.045105 17.353271
0 563.488098 459.08075 21.822998 18.321167
0 513.819519 184.640198 19.588715 20.930603
0 130.435944 375.320099 22.170082 19.893799
0 192.056519 529.062805 47.831146 43.423309
0 253.229279 37.793419 18.98439 18.404549
0 156.448318 34.269234 30.813141 27.047112
0 608.955322 551.165955 22.748901 20.822754
0 573.477356 84.564598 28.376953 24.220581
0 201.591202 531.854309 31.215149 30.734253
0 459.7659 363.491852 33.33667 31.126038
0 114.074875 604.702332 18.411804 15.83252
0 26.947166 593.17627 52.280182 82.592896
0 330.889282 457.884186 20.762085 19.54303
