0 205.140762 170.829224 185.99118 162.365692
0 47.960983 249.90155 77.277802 70.48735
0 387.958954 223.048584 183.112732 181.333069
0 486.950989 459.159485 81.257233 70.894775
0 160.878174 493.119324 52.002197 43.603058
0 151.224228 336.647736 47.621605 41.193909
0 54.638947 316.998657 49.565094 43.671387
0 21.54318 432.610626 31.444599 27.47052
0 193.574738 585.252869 139.176331 105.943237
0 483.435211 284.512817 36.243958 34.815674
0 483.581573 114.781227 48.205811 42.096848
0 234.580353 318.895325 30.457642 28.228333
0 72.091843 562.666565 143.470245 129.318817
0 247.259476 343.537445 41.246246 33.252991
0 298.401794 243.63443 23.032654 22.532776
0 90.61409 617.710449 75.878937 44.579041
0 580.799255 552.585144 28.551147 26.107422
0 611.41803 563.810486 32.042114 28.115845
0 89.031662 185.679077 48.356354 44.577911
0 174.995911 297.233551 34.459137 32.146973
0 4.930232 504.691162 9.860464 28.254517
0 417.413818 432.298218 75.321472 76.337585
0 232.207001 417.577301 37.621857 34.746826
0 493.222107 185.971909 22.202271 20.174347
0 93.662056 451.347107 109.678879 95.08783
0 269.253052 8.590957 22.31311 17.181913
0 632.904968 596.393738 13.906738 16.617188
0 188.186218 344.658295 33.506683 31.903564
0 8.572653 331.540802 17.120197 28.541443
0 385.552826 524.384827 33.974121 30.350098
0 205.132736 10.029745 22.997894 19.103596
0 315.578369 518.649353 32.78894 28.501068
0 409.512665 502.092712 39.831238 37.873749
0 438.726776 117.948074 33.816895 31.046471
