0 618.207703 149.324173 31.355469 27.28299
0 331.145111 83.263657 32.298523 28.290375
0 63.764229 360.730164 31.32658 29.170166
0 265.02948 569.468506 28.716919 22.851318
0 156.522049 507.373596 41.484985 32.331818
0 148.280807 534.430481 48.984039 42.849487
0 384.040894 158.536133 30.048218 25.756714
0 360.53302 390.095917 23.287842 21.808899
0 272.913818 172.657028 38.682022 36.431824
0 81.141632 205.701553 19.779388 18.252136
0 98.140808 156.155396 26.434784 24.730011
0 396.954865 31.866196 30.530151 23.800484
0 105.416199 248.344604 19.779404 18.292038
0 492.537811 320.173218 22.404175 19.030884
0 531.208862 13.553617 23.076172 20.442265
0 562.464172 626.380249 43.790894 25.967163
0 25.731094 516.430664 19.491982 16.879242
0 288.764923 295.219604 20.252686 17.667542
0 176.517426 408.741394 22.218414 18.814087
0 273.400085 514.136658 20.126221 16.962769
0 10.194876 320.228333 19.737354 21.134155
0 37.272285 563.924011 62.638233 58.549072
