0 590.931458 102.55394 93.939941 85.282066
0 368.415161 56.701466 29.92981 25.870003
0 522.866455 301.074585 35.397095 29.468994
0 308.629974 375.756683 27.738708 23.913879
0 33.63343 8.799871 57.888229 16.729862
0 104.463974 110.814293 24.537613 22.297882
0 81.331123 420.459778 26.389343 22.228271
0 119.625443 563.198242 24.121956 22.975464
0 335.523071 8.268106 31.339233 16.536213
0 161.029694 557.790405 26.805023 22.942627
0 10.808304 410.802307 21.616608 25.325195
0 129.877686 333.375671 22.061279 20.392944
0 619.512207 162.638626 40.975586 52.910248
0 9.276129 309.700684 17.20908 25.078796
0 8.269564 385.313721 16.539127 19.675781
0 247.581985 18.494175 19.773346 17.34552
0 458.127991 334.536438 25.58606 19.959229
0 188.028595 10.80949 24.337097 17.750053
0 636.918579 272.582977 6.162781 22.044312
