0 203.01944 408.142822 27.246216 24.651917
0 370.976349 110.807159 23.388611 22.840958
0 80.199738 187.507629 27.658142 26.649628
0 469.862762 588.280884 22.272522 20.046753
0 284.252502 267.939362 31.874878 29.459213
0 592.964233 599.249084 27.120239 26.082397
0 528.027893 631.947388 32.943237 15.11438
0 293.100098 245.657944 35.711243 32.529877
0 315.856628 630.372803 43.121094 18.633789
0 370.557098 354.896515 51.305298 49.744385
0 109.226021 426.468414 32.185013 31.698975
0 107.369446 375.95401 70.644341 59.067017
