0 171.54834 542.303589 211.928085 195.392822
0 476.711426 181.153564 26.000183 25.333008
0 15.830969 419.839417 29.473217 27.467163
0 490.39447 518.716125 32.256592 28.386353
0 607.21344 89.90316 30.296143 29.738693
0 603.968567 301.970245 34.080078 32.568237
0 276.098572 423.096527 21.810608 21.330261
0 43.216858 487.275085 86.433716 94.821075
0 417.525421 41.467442 83.139099 66.650948
0 205.317841 453.104218 28.78363 24.015808
0 393.197754 11.093726 32.730957 22.187452
0 489.188019 203.277969 26.757996 25.55246
0 337.78244 8.819345 22.887024 16.771473
0 272.525604 68.786827 19.608398 18.471889
0 613.950562 38.924728 52.098938 73.136505
0 609.127686 154.683456 61.744568 71.439667
0 325.803101 478.605011 15.702209 15.132568
0 560.869202 150.142853 22.838013 22.476074
0 476.430237 79.917809 22.062744 21.400665
0 459.620422 552.818787 32.696289 25.625366
