0 160.171814 401.093689 235.414551 198.607788
0 499.990173 448.942444 171.531738 138.852692
0 458.792389 259.941498 34.429382 28.831253
0 492.696014 118.270477 40.521545 34.732246
0 466.953278 57.599464 32.833069 28.108112
0 520.746887 143.057861 36.578003 28.574982
0 322.353271 189.336121 38.292908 33.308533
0 458.94278 557.130676 40.017212 35.199707
0 306.183044 296.29483 33.303772 31.028625
0 234.915421 57.757256 36.300079 29.308437
0 285.681458 121.971016 26.854675 22.478531
0 560.066895 48.776039 159.866211 97.552078
0 376.042297 93.642593 34.669067 27.583206
0 22.898754 548.939331 45.797508 92.923218
0 428.940399 241.422241 33.056458 28.768005
0 175.420639 143.587433 39.086761 35.014038
0 622.574585 276.408997 32.740723 30.665527
0 468.830811 191.927094 23.838501 20.550781
0 528.78772 275.352539 45.985626 38.302856
0 618.023193 208.459427 43.157227 45.502747
0 36.830624 211.940323 50.556442 48.674164
0 603.864502 620.737305 72.270935 35.481934
0 563.44989 190.266602 77.42981 65.360138
0 460.82312 520.257385 51.168945 41.976593
0 573.378418 410.67099 34.822388 29.759705
0 59.675507 255.745667 24.01329 23.037552
0 46.973972 383.357056 23.136063 22.236633
0 631.097168 348.540314 17.562744 33.694641
0 347.034851 178.233444 23.635193 21.46521
0 198.168961 29.379223 48.694366 44.687294
0 403.212128 210.90329 21.058105 17.835571
0 330.156799 634.021606 25.11499 11.956848
0 162.521835 620.085571 20.912445 15.479248
0 605.894226 140.770813 68.211548 145.4151
0 579.702698 89.396118 23.647461 20.681351
0 265.098053 89.476257 38.301025 35.731628
0 374.747131 357.629028 20.665833 18.512878
0 548.697876 633.49292 30.005493 13.014221
0 586.1474 575.689209 94.998291 83.675049
0 153.658707 234.816956 70.775696 65.270493
0 518.921387 536.908081 77.941315 65.157562
0 631.368408 301.403687 16.159668 26.043335
0 554.741455 615.024536 23.093628 22.894897
0 511.68689 587.331543 58.483368 46.781494
0 345.529114 39.542637 32.253052 27.538925
0 343.578552 135.385498 18.081787 16.01004
0 540.947144 525.003357 92.694824 69.856812
0 8.452961 485.977692 16.167294 42.651978
