0 254.612259 19.955006 32.947418 31.538963
0 239.01886 76.934128 58.768005 53.487442
0 510.085388 21.757069 28.982544 26.321129
0 42.920921 25.990456 75.598495 51.079483
0 607.355835 331.984009 62.878662 58.89856
0 592.683533 21.952251 21.098755 19.814453
0 411.116913 262.656921 20.497803 19.713806
0 29.110176 534.394043 34.922798 31.153687
0 608.259888 359.108032 42.474121 33.889038
0 123.38485 17.056652 33.354355 30.630554
0 599.745361 150.429001 26.788696 22.478363
0 120.965759 411.62912 31.519745 26.358459
0 492.323395 632.585815 28.072327 13.723877
0 518.162781 473.897308 42.229279 35.880005
0 550.831604 190.971695 62.045532 51.951538
0 480.035339 477.627716 29.260132 24.995544
