0 32.196945 131.808762 39.800415 36.327049
0 164.331955 262.9552 41.851715 42.635376
0 499.38385 223.373352 26.141571 25.401611
0 52.467255 505.315491 31.914043 30.282135
0 214.968307 425.458008 27.101074 25.732178
0 216.742905 261.641449 24.840027 24.797501
0 29.139925 381.418854 24.394764 22.032532
0 106.184296 353.996826 21.166916 19.47345
0 230.262726 46.469425 18.883789 18.351257
0 183.358353 105.587982 28.026184 26.778992
0 273.402374 86.265579 22.041077 19.970963
0 197.886871 250.100616 22.485748 18.930603
0 593.09668 6.119131 18.570435 11.00198
0 18.775955 530.845703 20.682762 17.283569
0 236.841705 349.150848 30.437408 27.417542
