0 108.119453 189.369186 95.886978 84.379913
0 246.473419 554.408875 48.148621 40.533936
0 197.397598 196.58075 31.765076 28.228943
0 348.856323 277.202881 47.20166 39.164062
0 458.106812 362.612335 27.833923 26.325195
0 25.066271 586.178955 30.49873 26.336548
0 111.448357 598.406128 37.353958 31.488403
0 282.549683 264.018188 33.037903 27.575195
0 307.424438 148.893234 38.639221 29.142914
0 57.682976 530.24231 33.055313 27.23938
0 435.283173 300.71756 27.423645 23.11145
0 226.769302 286.673218 28.479645 25.064575
0 301.864319 284.529388 27.665771 25.797485
0 220.629868 322.425171 27.615509 25.578674
0 187.756577 305.977234 32.705505 27.421082
0 321.551453 433.09845 28.104004 23.396973
0 247.160004 114.351631 23.840637 20.778763
0 206.931015 30.128254 25.927277 24.626472
0 180.624725 75.769112 25.269165 21.131943
0 211.110336 438.315582 28.071625 22.382751
0 572.541931 105.670639 47.785278 43.162384
0 342.174316 477.626587 34.641052 26.242859
0 81.531387 503.792419 23.605896 21.532135
0 455.885956 513.452454 20.399597 20.07016
0 100.775253 360.000641 55.125023 53.921753
0 147.061203 300.432068 26.77417 25.750732
0 86.484947 554.420349 19.395477 16.798584
0 554.855164 331.894714 25.737549 23.508484
0 318.676117 306.139618 23.067688 22.005493
