0 28.831572 518.710083 57.663143 52.407715
0 614.713867 156.424698 32.964722 31.305023
0 324.249146 492.155396 42.446594 40.811035
0 585.032654 341.099609 60.119995 51.362427
0 387.85083 90.871025 26.161804 24.369781
0 84.809105 476.38858 33.866592 31.75824
0 623.733398 314.116333 32.533264 35.031982
0 573.2099 122.024811 34.036987 30.784729
0 433.407349 521.118896 74.910889 66.014618
0 94.115524 66.394501 44.338821 42.105648
0 343.042053 576.965088 35.10907 34.113281
0 284.744507 234.686691 29.266296 25.875763
0 573.370789 559.94104 29.729858 26.692871
0 280.528717 602.971863 29.028625 28.306396
0 618.34436 188.621689 43.31134 49.075043
0 244.960114 538.580322 27.508362 24.793945
0 416.129578 280.649872 39.774414 38.91095
0 526.291565 343.362213 24.4646 22.965576
0 15.179884 147.905869 27.850803 25.47348
0 530.876587 130.003235 23.746094 22.513702
0 153.976669 620.224243 35.50351 33.023682
0 226.180664 625.03949 46.793213 29.921021
0 188.365707 159.316025 29.10495 26.450409
0 585.682312 53.771057 21.973389 21.078888
0 198.163391 367.677155 34.221802 30.218018
0 552.171021 71.173851 22.932739 22.337448
0 327.262146 176.510635 31.203735 24.963959
0 314.698975 245.754272 27.222595 22.397705
0 288.961334 58.072929 22.834839 21.389877
0 629.840942 136.617355 20.318054 28.923836
0 79.763153 534.894409 33.170567 26.693604
0 235.065292 238.947678 32.106506 26.835663
0 533.36438 507.369476 25.154175 25.024597
0 74.4272 208.351868 36.931046 34.37677
0 571.515991 82.739105 22.825562 22.20047
0 132.7509 128.551743 36.51358 36.028137
0 138.442642 102.363068 20.411377 19.649551
0 286.282806 289.507416 28.378052 26.346313
0 406.189178 419.075256 35.253601 33.126648
0 39.450436 84.61557 22.487457 21.072433
0 268.690887 566.289001 42.134644 40.282471
0 631.881104 226.507431 16.237854 37.929749
0 424.040253 617.143555 60.94696 44.445435
0 517.849915 47.354282 20.592896 21.676445
0 52.973473 16.552286 19.477737 17.968708
0 632.580261 108.097992 14.339233 16.179779
0 42.553123 50.059601 29.204109 28.716675
0 473.289032 9.609695 19.576843 18.445976
0 632.778564 122.566315 14.237915 22.048126
0 334.646545 172.326797 26.452759 24.346375
0 366.312012 472.110565 21.559753 22.009277
0 630.626831 448.380249 16.02832 18.13446
0 480.47876 50.402176 26.368713 25.193871
0 146.09259 413.512054 48.423553 41.68042
0 4.517355 497.434998 8.663858 23.348511
0 454.860016 16.616549 17.282593 15.966435
0 30.370243 390.808868 29.803131 26.200134
0 88.427673 500.500946 23.118515 22.912842
0 489.962067 192.790085 24.429871 24.826294
0 240.394318 328.882172 32.725998 30.141785
0 624.174438 147.144714 30.873901 34.070587
0 174.15065 78.526482 35.180878 33.86441
0 605.429688 560.77002 21.41394 20.018555
0 302.400635 591.524292 21.181885 20.994629
0 393.575439 453.018951 25.408691 23.868713
0 410.977051 406.941406 40.665894 38.393433
