0 375.351593 84.680626 51.122925 48.414856
0 100.820953 601.128723 45.103882 39.060791
0 340.523834 166.6035 35.175659 32.958618
0 323.028625 348.308289 57.562561 53.21759
0 205.43692 461.206757 29.535248 27.488464
0 548.875488 543.637451 27.580688 26.043091
0 123.678543 406.567291 33.029999 31.828613
0 165.122757 209.776031 28.748474 26.780396
0 279.548126 402.356201 31.763062 31.825012
0 48.114815 499.036285 76.822342 70.052307
0 84.265289 576.189636 31.097244 28.434448
0 281.927246 440.310577 37.748962 36.47113
0 158.950867 599.366211 20.773804 19.611084
0 125.207153 44.11425 21.868111 19.700439
0 326.005829 86.904427 21.944031 20.458511
0 582.038696 431.998993 25.840698 22.59552
0 140.950378 549.399475 19.842926 18.531494
0 243.147095 497.992767 24.030884 21.624207
0 113.988327 272.24707 219.850067 236.968979
0 555.885681 142.921509 21.102661 20.719666
0 501.434143 485.730652 43.618286 41.362427
0 608.69696 259.854797 41.053833 38.652023
0 545.600891 524.097473 40.743164 33.998779
0 469.782959 258.126923 22.034424 19.610092
0 611.912964 438.504059 32.152466 32.810425
0 189.726059 394.571167 28.095398 28.473511
0 177.509003 409.557312 32.625153 31.368164
0 556.358765 443.153198 31.475342 26.737671
0 438.805481 487.956238 21.034058 20.156067
0 38.101692 604.14856 76.203384 71.702942
0 393.414215 12.029575 77.370117 23.873405
0 502.124298 619.322144 17.963501 16.644165
0 507.446106 422.427582 19.322906 18.350464
0 231.073547 379.011963 29.758911 30.490051
0 162.814209 387.616272 29.148865 27.960205
0 20.162514 16.132362 40.17688 32.264725
0 362.529816 498.087036 22.80011 20.595154
0 310.889832 436.53067 23.696167 21.796082
0 209.017822 348.066437 36.955353 32.748108
0 166.698883 378.857361 25.787964 28.034546
0 53.019676 440.42041 54.715897 50.378479
0 155.33757 397.321381 26.308777 23.747375
0 11.087132 125.477287 22.174263 37.802505
0 583.688293 556.67865 19.116455 15.402954
0 341.660858 251.2444 63.347778 59.682098
