0 526.020447 228.199142 175.439941 178.311737
0 201.798859 426.578461 140.881271 120.677124
0 332.231476 523.283997 77.340271 62.599854
0 254.222458 38.849121 105.206146 77.698242
0 539.903564 407.068085 42.421875 35.822815
0 523.036316 339.16394 46.745483 41.175598
0 291.484222 89.492622 78.712524 67.725601
0 416.967041 516.210999 45.015503 37.848267
0 516.95813 524.841614 35.010986 34.013824
0 242.160645 479.604553 25.68573 22.364197
0 262.91156 379.423309 28.01329 25.888428
0 312.960968 284.458374 28.215942 25.425049
0 72.113449 236.825729 34.5215 31.953094
0 246.545288 114.792847 41.419937 36.435783
0 345.22644 269.352234 245.200317 289.230957
0 273.229919 583.080505 36.697098 33.171997
0 275.964172 531.804321 34.007446 32.581421
0 497.813721 486.378143 33.958893 31.732178
0 594.037048 62.973755 45.28479 38.21196
0 196.979019 345.031494 33.89801 30.021545
0 56.455593 620.487915 38.540199 35.064331
0 10.780248 312.336243 21.560495 24.044189
0 289.032898 552.679077 34.28241 30.531982
0 459.397491 584.817078 47.024719 42.891357
0 580.070801 527.5896 50.371704 43.721222
0 189.342148 285.014984 23.889069 23.254822
0 629.031189 628.575134 21.465576 22.849731
0 116.249954 401.386475 60.544945 55.881714
0 502.84671 617.291016 57.33075 44.64624
0 147.893311 68.226318 24.670074 21.945553
0 395.290314 630.677185 28.33783 18.019653
0 490.888519 58.330673 23.929932 22.473278
0 531.981812 88.757675 21.993652 19.883514
0 133.102554 200.39209 31.03183 27.001465
0 224.11499 533.631348 85.203979 77.191559
0 495.578918 393.524231 20.810669 18.686035
0 164.394974 33.278576 23.54718 19.690186
0 178.870773 198.178986 77.841827 71.015869
0 330.214355 592.512085 33.343872 29.432251
0 170.730331 56.207497 34.049957 29.258205
0 458.510071 54.517536 23.999268 21.764885
0 151.216766 554.973267 71.042717 67.659302
0 215.97937 91.483543 23.697845 21.264328
0 572.75708 501.193817 25.578857 22.638611
0 489.704163 602.765747 84.09668 74.468506
0 602.996216 165.35376 23.991577 22.997803
0 527.910767 485.405975 31.078491 29.79657
0 538.209045 580.879028 20.376953 18.241699
0 20.790073 618.968079 33.33416 29.451172
0 619.309143 490.534882 40.61145 87.122375
0 552.706299 493.86084 21.178345 19.708679
0 425.560883 114.138451 194.047668 145.318161
0 98.266556 501.99646 196.533112 220.511749
0 104.80484 55.715019 20.519333 18.904156
0 29.368181 225.75769 44.176159 39.86319
0 38.654316 633.629272 27.827187 12.741516
0 541.304138 521.080322 27.542114 24.903351
0 624.315002 419.454041 26.275513 24.67395
0 107.397446 429.864685 18.870117 16.845276
0 91.113518 334.600769 21.655258 20.180054
0 568.994812 364.638397 31.415771 28.803955
0 49.971729 101.09864 45.4804 43.57785
0 618.453003 21.400707 29.298462 25.825857
0 626.867615 621.366821 26.264771 37.266357
0 20.735428 130.180084 39.539467 117.835014
0 395.945312 79.211739 20.082581 17.744934
0 378.446442 484.109039 74.302856 67.560242
0 628.235352 611.129211 23.529236 33.750732
0 559.621582 125.70018 27.251831 25.184418
0 62.045174 213.608856 25.842457 26.085358
