0 592.222778 498.953217 54.735352 52.864685
0 281.585205 586.898804 71.954727 63.841309
0 379.988525 279.289551 99.044617 95.939392
0 507.696228 144.679977 93.522308 90.056824
0 94.556892 61.292725 39.409958 34.895115
0 327.544403 626.862427 32.185059 25.829834
0 422.305237 622.481995 56.934143 35.036011
0 275.777466 244.777344 34.921814 30.632065
0 175.64772 127.507446 69.977936 65.165581
0 549.618652 379.172211 24.89978 23.624512
0 288.799255 537.371155 30.420471 28.636719
0 602.126465 178.986969 27.15271 25.0336
0 436.304779 492.917603 126.90509 111.398315
0 149.084457 97.443176 58.595123 53.446503
0 568.565002 121.078835 27.926147 25.39888
0 183.703369 307.441864 274.934326 301.062561
0 535.716187 38.070393 21.863159 20.656197
0 433.180634 194.497635 37.157104 33.067535
0 274.537109 367.109802 71.798889 67.74176
0 394.425446 180.263397 51.142761 45.55304
0 413.271423 98.396477 19.630615 18.544586
0 88.62838 15.752066 37.191895 30.089001
0 141.04425 593.354431 22.016571 19.40979
0 305.268463 469.812988 35.068176 31.959839
0 566.424561 235.017456 48.000977 41.017242
0 359.618408 629.240295 35.389648 21.519409
0 271.432526 198.856079 28.756592 26.513031
0 172.474274 18.634552 69.242554 36.722076
0 73.714844 289.794556 36.567505 33.376343
0 72.499344 492.050415 139.651459 164.932007
0 587.770508 321.809662 48.374878 44.50946
0 270.043365 22.739086 125.359177 45.478172
0 359.526764 469.502655 20.906799 21.116821
0 485.564178 555.34491 45.418579 40.096191
0 243.42923 73.054504 178.181763 134.919922
0 603.320923 442.358521 72.497925 69.00824
0 434.112793 137.964554 51.801392 47.585602
0 523.655579 596.539734 17.302246 17.433716
0 72.621971 149.268265 145.243942 192.969818
0 42.126755 597.149963 29.37574 25.918457
0 474.871674 82.291153 24.769409 22.957901
0 56.346199 38.783386 19.896774 18.927795
