0 505.987122 513.468628 97.555389 91.625488
0 280.569733 458.894562 35.104614 33.222473
0 401.572296 533.063599 49.908447 46.128296
0 340.558319 455.947296 91.683655 88.266602
0 453.232178 246.53302 26.994019 25.982651
0 579.040466 469.692627 30.744019 28.932373
0 607.58374 206.222412 38.762329 32.5354
0 601.462524 511.845642 26.360107 24.712128
0 341.215363 568.025146 37.834412 35.429932
0 265.960846 398.699493 25.988281 22.835144
0 585.981995 364.407288 24.038086 23.891968
0 351.5224 23.665329 23.987915 22.735641
0 174.200043 315.85141 21.938812 20.372192
0 93.530212 130.141464 20.106613 19.043861
0 192.214386 272.819366 34.715393 31.714844
0 544.657654 268.292419 25.51001 24.118591
0 580.369507 581.655762 20.914551 20.435791
0 514.922424 236.517654 21.158081 17.583862
0 552.916138 193.796722 68.938721 62.342224
0 145.495636 350.113342 19.863373 18.892517
0 196.065521 76.102905 28.027679 27.730312
0 35.357445 224.871231 23.794182 21.288452
0 359.184296 364.783478 88.831726 82.630859
0 551.695435 477.996582 25.900513 23.243164
0 216.608322 461.030334 41.676941 38.845032
0 486.955505 440.5513 68.223022 61.695496
0 322.463318 592.144531 72.100464 67.419678
0 346.558716 633.835205 23.623474 12.329651
0 287.866302 517.448853 51.456909 48.344086
0 51.164757 465.756439 101.900803 140.986633
0 501.845062 246.675507 23.424011 19.539505
0 174.352707 571.0401 17.996063 17.475586
0 470.438293 630.779541 32.560425 17.467041
0 618.364441 558.647644 32.042969 26.967163
0 320.569061 215.004883 65.653076 61.460876
0 420.948059 7.90655 29.020325 15.813101
0 99.989929 615.935547 107.511353 48.128967
