0 408.346313 505.616669 128.550049 114.274231
0 566.985291 244.090469 132.080322 134.327057
0 241.909988 308.063599 26.994537 26.309998
0 172.38266 114.206917 104.284454 90.11171
0 148.656677 394.113922 199.969604 180.625366
0 326.165161 84.176155 37.870178 35.947693
0 446.347229 52.210636 100.485535 76.085442
0 35.205784 367.469147 24.137947 22.497864
0 302.418793 603.950195 27.300537 24.119751
0 242.583008 479.044647 21.42688 19.120911
0 87.621811 146.258575 61.238037 55.45105
0 94.898209 90.449715 57.78894 49.518524
0 444.421173 135.818024 129.622375 119.757271
0 78.07975 148.850098 88.957855 89.380554
0 127.209282 42.912224 81.964188 67.240952
0 451.292786 253.865662 131.898041 113.130188
0 56.976395 149.377716 113.315643 136.873108
0 11.119635 80.475487 21.767834 36.526581
0 502.432556 596.108398 20.921265 20.0802
0 505.042236 343.873474 123.12912 100.861145
0 463.929688 51.089695 56.563049 56.405235
0 43.298023 23.448559 20.6026 18.940338
0 565.812134 148.4487 20.545654 17.50885
