0 225.013626 411.308411 25.564148 24.513672
0 395.077179 10.375469 43.962708 20.750938
0 453.113525 606.963623 102.77356 66.072815
0 313.693604 5.449181 21.229614 10.898361
0 119.111969 317.869171 18.054558 17.238037
0 280.930878 522.250305 20.531006 19.008545
0 492.902039 124.414566 52.4758 43.44828
0 503.871033 186.966873 41.126465 33.963135
0 555.893005 11.805735 53.249512 22.359394
0 364.00296 415.028717 40.31665 36.592346
0 538.809631 586.653687 19.329468 17.248413
0 198.197861 494.273865 16.958191 16.7547
0 499.768585 458.314087 26.704651 24.844849
