0 466.826569 598.412598 78.008972 67.308594
0 454.117371 376.10318 34.921387 30.740051
0 76.498566 521.16394 59.05423 49.426392
0 52.667088 479.597076 41.235405 38.327148
0 453.209656 550.134644 23.815063 23.021484
0 463.066132 330.092224 29.349792 27.955811
0 170.875702 352.512909 22.548828 22.550049
0 220.306076 18.604212 30.56723 26.734558
0 422.027527 343.499847 21.228638 20.522339
0 257.285278 13.551872 69.417175 25.429302
0 307.922546 459.164612 40.437378 35.690125
0 583.147888 476.659119 20.914307 20.033264
0 161.221497 148.703979 322.442993 290.748535
