0 264.128815 40.270119 91.382034 80.015091
0 212.195114 87.322556 79.337494 74.097565
0 305.677612 510.742737 37.184143 35.162476
0 406.61557 364.640625 31.35022 29.02478
0 412.446716 112.480316 25.7229 24.846405
0 90.016785 308.240723 23.576721 21.458252
0 269.867279 169.524292 19.822144 19.242737
0 32.308262 488.633453 20.071936 17.721558
0 576.20282 605.933228 22.908447 23.097412
0 509.63382 521.311279 21.891785 20.121704
0 244.649902 617.108704 50.198853 44.098145
0 516.390625 92.648987 179.539673 156.812897
0 114.967819 282.209412 18.627502 18.796326
0 200.635452 173.502243 29.523499 25.277313
0 13.956291 121.201935 14.969079 17.073723
0 629.572815 434.448029 16.742798 18.761536
0 146.814926 92.055222 47.111694 43.843262
0 39.933922 292.189728 42.040802 41.115417
