0 513.15448 286.952728 191.290314 188.591675
0 497.339966 460.573456 60.220917 54.087769
0 538.861206 568.223145 184.656372 143.553772
0 343.657349 102.025772 157.277039 142.522156
0 378.816956 31.558231 54.008972 49.713432
0 226.514893 272.383728 63.000992 60.014877
0 262.88855 69.247643 54.289978 51.136948
0 95.058167 218.883926 39.961792 38.613739
0 424.903046 165.976593 38.53302 37.65448
0 277.827179 35.301228 27.751038 25.081778
0 497.570129 62.403133 62.093384 56.752296
0 239.77005 515.874695 149.688293 134.824219
0 109.082375 321.069489 41.023697 31.032043
0 57.766502 124.478577 115.533005 130.145264
0 292.219482 590.223694 62.067871 55.954346
0 250.054047 395.778748 219.500198 262.929596
0 440.005737 65.041656 35.738342 33.942532
0 559.417542 518.13269 26.08252 25.186646
0 233.76001 183.590561 24.434082 23.187164
0 335.229095 552.025513 81.178101 73.940063
0 98.546036 12.385297 31.978317 24.770594
0 259.003662 94.153473 21.669113 21.93927
0 212.741882 20.394249 29.259888 26.57019
0 70.64415 406.394897 35.175232 31.934875
0 199.015228 109.297287 42.557404 39.243286
0 102.652176 36.98716 28.91954 26.766083
0 585.525391 451.171539 108.94928 139.926208
0 524.118774 498.578796 53.216766 47.686035
0 86.325455 586.673706 30.001572 25.443604
0 623.527466 520.541504 32.225464 35.564575
0 407.349457 517.81842 32.565552 29.248199
0 164.658859 42.33733 25.791138 24.070488
0 259.453461 14.951374 31.764099 28.783722
0 52.677288 448.062927 24.344139 21.206787
0 79.969315 493.35791 28.151169 25.990234
0 76.812622 347.010345 22.648712 21.307495
0 175.898651 147.11084 25.892731 23.85321
0 161.026535 259.5961 32.370819 28.910049
0 78.826385 157.239426 19.440979 18.92334
0 126.984055 530.011169 81.709106 70.974365
0 473.2742 28.203047 92.479187 56.406094
0 323.575745 527.631958 23.089478 21.150757
0 357.216125 204.244354 49.932007 44.598572
0 80.574196 459.283936 24.501587 22.456665
0 436.842468 575.776123 30.14386 26.578613
0 75.983292 252.787445 22.202103 20.564636
0 616.653809 333.020538 21.162231 21.627441
0 162.093048 214.229218 109.015251 95.191406
0 316.007141 579.610657 78.23468 74.590454
0 417.783844 39.120567 37.737793 38.074158
0 118.84684 511.693481 19.742142 15.96106
0 273.211029 603.382996 167.359085 69.394897
0 408.065033 544.540833 67.806763 65.263672
0 404.568298 9.223352 45.686646 17.642715
0 109.42775 188.928299 20.143768 21.084259
0 454.93103 89.126022 22.639648 22.696655
0 101.719185 23.208168 30.924606 40.388077
0 342.618011 602.921082 65.174744 59.916016
0 46.579258 33.806511 92.782722 67.613022
0 163.349747 79.621765 138.555511 121.00238
0 6.379245 205.593781 12.702202 27.705322
0 118.172714 619.461121 79.576439 41.077759
0 50.130127 296.87674 34.934631 32.712891
0 344.708527 501.910645 48.048767 43.371704
0 267.024719 171.694366 47.368408 39.617126
0 15.887592 411.990326 31.775185 84.741211
0 415.212738 613.353638 109.738403 51.08252
0 304.913605 268.763062 96.359863 95.72522
