0 564.679199 425.154297 38.947144 39.903809
0 325.656342 378.926788 30.081604 27.818115
0 386.471863 563.358276 33.997253 33.715698
0 57.447113 64.816322 24.316376 23.379715
0 359.875885 579.072693 30.053589 29.314087
0 5.604979 297.323303 10.74646 26.735718
0 418.687012 434.765289 18.931946 16.957031
0 269.816162 24.48307 19.182007 17.786964
0 291.609375 351.928436 20.246216 18.670654
0 403.454681 5.528774 20.110107 11.057549
0 472.09964 324.924988 19.433838 19.457764
0 168.642944 278.904358 33.391052 30.538391
0 273.478455 487.164795 59.664474 59.184814
0 218.012817 460.416534 60.716766 61.707153
0 239.204956 187.09462 156.65123 149.950897
