0 533.682678 446.581482 33.962769 31.121521
0 563.310669 133.154877 38.364624 34.376427
0 262.860413 536.434692 36.348038 34.437988
0 212.049149 546.909607 27.450226 25.602783
0 251.72052 34.003017 21.935715 19.857811
0 268.582916 59.798183 20.935242 18.767403
0 122.148056 137.30687 20.093895 17.375458
0 547.778931 333.505035 126.186127 114.405212
0 274.985626 511.961395 22.887817 20.152893
0 593.887268 166.461945 18.940796 18.034027
0 289.023834 500.095245 19.1203 16.095642
0 322.122559 72.374535 53.319458 45.797226
0 256.043549 573.699707 17.290329 17.062988
