0 191.650787 453.385498 64.021271 60.875549
0 406.787903 329.188751 38.799316 38.178589
0 171.593674 412.521912 43.553284 39.32782
0 15.032539 426.056061 21.757484 22.44397
0 382.264832 149.97757 22.039307 21.372925
0 627.783447 139.760544 24.433105 27.861572
0 11.603344 548.848633 22.08429 32.463745
0 126.292114 457.079468 16.14962 16.553528
0 315.718262 293.553345 18.968689 17.304565
0 310.011841 211.570129 23.380005 22.467041
0 81.819954 515.203003 18.71257 16.450195
0 54.654938 201.111435 18.439743 17.802582
0 614.109985 521.158752 51.108154 58.29187
0 413.579132 615.318787 18.968201 18.588867
