0 120.62439 592.007874 54.956787 50.310425
0 266.492859 501.673889 25.000061 23.362457
0 108.111298 530.705811 34.627579 33.52063
0 25.357462 604.799683 41.705662 37.859497
0 112.196106 273.675934 22.842178 22.82428
0 516.38501 19.878273 18.976959 17.583946
0 67.621483 569.997375 27.542953 22.433228
0 55.866371 102.347923 17.97221 18.472778
0 430.937347 15.098854 18.857483 18.609779
0 59.650398 38.118431 19.039017 19.327637
0 176.59082 501.053772 37.629211 36.212891
0 24.445839 204.816818 33.075729 32.536011
0 35.327244 513.322205 17.4139 17.208008
0 39.840469 94.902298 24.920851 24.325394
0 498.705994 7.183349 29.293976 14.192179
0 98.854301 12.971865 22.323166 20.667328
0 63.359367 602.235107 35.248699 36.17688
0 402.104248 137.208542 15.449646 16.988098
0 18.426426 573.566711 33.428757 32.25708
0 121.488235 116.492126 26.510345 26.417961
