0 474.063965 452.530151 33.863647 31.558594
0 560.753113 144.927185 158.493774 185.772186
0 31.899303 273.665131 63.798607 64.704895
0 428.928253 372.426849 37.024414 29.465271
0 501.081543 347.809357 33.728516 34.625977
0 486.418091 234.923752 51.889404 46.900299
0 119.838486 40.271149 239.555145 70.152954
0 363.14209 29.193552 30.868652 25.531292
0 546.229675 268.068237 46.001099 39.113235
0 465.55542 331.600494 34.420166 30.166138
0 283.58136 573.171509 57.343201 56.604126
0 207.25946 192.221771 166.468384 146.622391
0 278.786499 616.808044 108.005859 46.383911
0 206.774384 599.808044 21.214691 19.509277
0 635.937012 534.569885 7.305298 24.145264
0 10.655192 385.01828 21.310385 27.340088
0 74.973312 634.823242 21.887268 10.353577
0 255.969452 404.812134 21.710983 20.188843
0 371.540466 149.261963 68.858704 65.109558
0 282.579224 531.689209 31.692871 29.136597
0 158.84256 342.67099 20.31131 18.383789
0 603.633606 8.485157 41.803955 16.946453
0 626.792236 630.846924 26.415527 16.36377
0 445.324341 98.571892 111.485352 95.202164
0 189.82048 620.555115 19.924042 18.348633
0 452.313019 248.954376 21.244812 18.920883
0 123.593811 274.178162 96.742241 77.467834
0 29.984741 202.879425 59.969482 61.372345
0 421.386017 138.088547 40.29541 37.900749
0 592.669189 539.706604 18.004517 16.591431
0 246.267242 316.158447 39.533066 37.58844
0 399.498932 221.718842 147.139832 113.00444
0 226.71405 517.733826 25.420258 22.683746
0 137.998169 463.858185 53.867485 49.489685
0 373.414703 628.35968 64.068237 22.689453
0 354.959381 573.929443 99.083069 86.53064
0 532.251526 459.590424 48.496429 39.16095
