0 365.111084 167.414062 146.480164 121.887482
0 548.354309 140.512802 170.076172 133.475891
0 522.854126 45.795937 172.183136 86.719528
0 532.845642 204.54039 34.497803 28.712067
0 117.846519 315.882599 104.544022 86.900818
0 594.919067 562.681274 90.161804 94.045776
0 233.927902 431.56781 22.049408 21.165466
0 526.973022 499.457062 37.342529 31.168274
0 126.889778 179.164551 29.65358 24.858917
0 448.344147 84.168823 68.194519 60.893234
0 322.464996 490.475067 317.465271 298.853577
0 195.595993 196.284058 28.032684 24.93222
0 310.539459 277.903381 27.458496 24.23761
0 336.915009 23.85141 97.155945 46.880859
0 603.849915 281.249634 20.097046 19.899963
0 35.050838 492.716187 69.764946 205.700409
0 437.33905 334.720398 22.08551 17.960205
0 111.144791 167.197739 19.545105 17.091248
