0 441.990723 115.016006 28.038757 25.870193
0 428.980133 55.41391 29.456665 26.339447
0 520.599243 520.854553 26.301117 23.329681
0 523.790344 105.91172 25.837036 22.119949
0 525.71637 375.04718 68.644196 62.664062
0 13.524114 407.900116 27.048227 34.402039
0 193.920517 630.777832 29.481018 18.144043
0 160.670258 459.525116 26.995453 25.314392
0 107.210007 160.260818 110.089134 104.008095
0 79.31144 92.891975 29.716812 27.495834
0 625.574707 608.636475 25.483398 24.003906
0 452.164673 157.742416 22.55426 19.720947
0 317.836243 583.363159 81.972046 75.618164
0 26.557585 375.124237 22.841793 21.685486
0 442.102661 360.441406 47.923645 47.180115
0 633.433044 399.437592 13.133911 47.291382
0 362.251923 51.813652 35.894775 31.18634
0 259.276367 355.519775 36.351135 34.731873
0 290.275055 597.07489 39.498596 41.463501
0 209.295502 118.194031 34.626495 33.082825
0 360.341888 345.075714 80.836243 64.725037
0 512.642395 620.686646 58.310669 38.626709
0 607.406128 533.971008 65.187805 102.203827
0 155.017838 116.047485 33.230652 35.941925
0 553.991516 517.657104 27.341064 22.195282
0 360.179077 300.30722 31.987183 30.94696
0 395.802979 621.486267 94.75177 36.186768
0 292.49765 64.056442 33.658081 34.002701
0 622.849121 466.616455 31.578491 32.985657
