0 160.267776 277.563446 32.039368 29.394104
0 492.872253 393.616791 34.726807 31.914978
0 442.782715 317.076599 70.801636 59.282471
0 521.881348 428.091614 28.963867 26.521667
0 447.348969 428.594116 29.475647 28.057007
0 176.956161 509.554901 22.160065 21.937195
0 506.471436 465.966888 26.279053 25.289062
0 492.891937 610.562073 30.882874 27.962036
0 593.369568 249.368851 26.241211 23.900665
0 606.741089 352.953522 21.749756 21.112366
0 15.720772 126.327621 27.300694 25.479309
0 376.97287 622.542542 25.622803 24.040527
0 201.661514 400.092285 61.724609 55.474731
0 533.982422 215.846603 24.545776 22.434326
0 10.95982 311.503021 21.91964 27.052856
0 263.362122 609.059021 100.971268 60.873291
0 526.170044 499.497437 23.327026 22.269836
0 93.007744 204.822525 73.995285 72.015533
0 149.231186 253.090485 27.936798 27.201477
0 289.349365 413.865936 107.927902 97.916321
0 121.811844 620.218811 76.881683 39.562378
0 32.920616 91.828629 53.793961 49.861755
0 272.593719 162.029327 20.346863 17.960968
0 556.019897 170.711273 136.060547 124.026543
0 545.102234 48.378395 141.381439 95.875977
0 516.455811 296.108459 22.126221 19.869385
0 421.889191 285.13797 70.190002 62.46315
0 284.987885 447.721008 23.564514 21.786194
0 327.723389 490.762909 60.291077 54.1026
0 40.197514 157.786011 41.843025 40.85675
0 314.341278 377.803497 49.606445 44.9245
0 590.805664 632.890381 27.111328 14.219177
0 371.060577 539.597595 78.410522 60.869385
0 535.210449 453.574097 27.426514 24.69342
0 385.459656 179.5746 23.289001 21.944794
0 71.181358 510.643616 27.886898 23.987335
0 336.335571 353.873596 24.778503 24.674561
0 187.966415 582.851196 82.9646 74.046387
0 16.945114 501.234222 33.890228 35.180237
0 195.923416 239.645996 81.373627 76.137817
