0 424.588013 81.996033 49.358337 41.872585
0 132.855545 497.024872 49.611206 44.890564
0 266.977905 494.916321 27.285339 24.127991
0 13.804494 356.051117 27.608988 44.389282
0 476.200623 20.393906 31.245789 26.184151
0 485.294952 146.551254 24.008972 21.185303
0 309.380188 618.447571 48.237244 41.02478
0 448.458893 354.37146 29.859863 27.665161
0 523.90863 430.223419 41.93457 38.488403
0 586.498413 402.987549 31.810059 27.032104
0 428.363525 355.904388 27.925903 27.198792
0 503.394958 378.239349 34.211578 29.719849
0 179.034363 593.390015 25.380005 22.480347
0 453.605927 32.566391 26.69458 24.70298
0 535.255981 5.298911 35.924927 10.597821
0 250.987259 71.171318 20.373199 18.744736
0 474.22345 86.949173 46.845703 38.658966
0 15.498652 630.956665 22.387241 17.662109
0 350.023499 137.479477 19.930298 17.129913
0 515.172119 399.260071 26.719604 23.496826
0 301.707825 626.070862 38.814575 27.858276
0 581.731934 18.411407 76.023804 36.822815
0 255.0616 403.154419 57.34433 49.549438
0 532.296021 418.913177 27.926392 27.24231
0 496.522064 33.823845 19.592957 17.099091
