0 264.28949 138.191498 41.130798 37.504486
0 314.700317 102.125687 45.08783 39.366562
0 502.025513 432.341522 32.841217 31.290344
0 444.888733 90.974884 28.765442 25.143646
0 218.050934 334.70282 40.108063 35.296753
0 361.975708 12.585288 36.729858 25.170576
0 11.312922 95.297958 22.625843 23.430847
0 471.000702 514.846741 26.076904 23.354889
0 346.33374 214.639755 23.779175 21.780273
0 296.866699 39.908047 26.467773 24.42481
0 471.780151 176.21666 28.244995 24.833649
0 311.186615 20.023129 37.029297 31.732811
0 353.132935 496.967102 25.213562 22.894348
0 180.241043 602.707153 120.955811 74.585632
0 440.001526 122.574348 21.175537 18.402298
0 354.25293 191.837433 24.600769 21.970337
0 285.887085 617.799133 22.057007 21.522827
0 572.864746 138.347168 23.281006 18.539154
0 626.184631 561.667297 24.073975 22.753418
0 225.57045 40.747692 23.381256 20.45845
0 193.81842 116.674164 20.923859 18.279175
0 385.386749 483.706421 22.596863 20.196167
0 12.497329 214.65773 24.820642 25.91684
0 166.40654 397.622833 22.860596 21.129761
0 155.470154 586.473877 20.76123 18.643433
0 543.445129 632.644165 19.040283 14.71167
0 25.686136 189.575958 51.372272 52.015869
0 498.532501 513.991943 22.43335 19.453156
0 587.403809 476.843414 103.430542 95.824036
0 250.324707 63.583027 20.261047 19.268288
0 336.744507 132.443741 21.256958 18.939186
0 343.098511 148.477814 21.022705 18.443237
0 8.058863 43.855629 15.400204 41.216492
0 305.682587 29.263666 35.631775 35.631519
