0 193.196091 306.951416 104.756805 102.747925
0 106.713608 452.604004 74.496498 68.740601
0 199.282776 229.017212 123.281021 101.387955
0 470.766479 550.303711 96.358154 90.25943
0 447.601685 220.93158 69.684387 61.325989
0 590.875732 195.157425 36.70874 38.296417
0 401.020233 341.422546 26.794434 25.248779
0 22.008125 112.388382 44.016251 43.18589
0 427.451477 103.232574 249.508179 206.465149
0 37.868011 140.244492 40.671478 37.115936
0 384.828522 138.361542 18.737488 17.666962
0 357.57132 196.956161 21.769592 20.393555
0 394.664429 212.839264 39.34436 37.370361
0 367.594299 518.770447 39.059021 38.534668
0 127.306305 265.491272 19.807487 18.513794
0 484.04895 496.350189 20.098755 19.491272
0 51.882309 200.151367 23.490234 21.772186
0 79.889038 66.903152 39.568008 36.48114
0 597.602295 274.240875 84.795471 168.060852
0 339.244843 355.442535 32.098145 30.779602
0 90.383667 360.854858 35.679169 31.9646
0 158.581284 126.500381 18.78595 17.348259
0 409.710938 385.024353 36.373474 33.358643
0 64.309441 568.729126 128.618881 142.541748
0 47.370487 318.238007 21.461746 20.747803
0 580.177612 477.271179 30.173218 26.378113
0 66.087608 521.872375 44.467743 40.92688
0 269.080627 410.944489 18.417542 18.225464
0 103.631615 159.677917 39.789413 38.367371
0 592.618408 92.497536 94.537964 94.013992
0 397.222015 477.562653 21.27832 20.137695
0 548.785767 44.562317 25.316162 21.718956
0 438.269379 431.625061 38.940918 35.87439
0 91.991943 494.991669 19.845215 18.732056
0 311.134247 487.409546 105.273376 90.029022
0 77.538559 488.028168 37.951828 35.352722
0 619.052917 580.965942 30.920044 29.420532
0 209.521439 352.69751 26.670898 25.419312
0 424.949219 436.117188 67.193115 56.873169
0 76.616119 233.752243 144.419922 107.837006
0 142.876434 153.421249 115.808105 100.420135
0 259.755341 379.387512 46.997116 42.926086
