0 281.987762 150.979324 28.468689 27.406555
0 282.250153 31.1534 34.445312 30.085699
0 573.684143 63.175858 29.586304 29.768127
0 478.811157 447.538544 26.888062 25.903992
0 511.09198 497.439728 28.553589 27.009583
0 330.445679 128.667999 36.934387 36.115776
0 147.060364 95.517906 28.258484 27.230469
0 188.531189 547.026489 34.348511 34.322021
0 544.263855 560.783508 47.178101 44.98645
0 603.505859 596.014771 25.317261 23.310181
0 204.382523 511.809143 43.637115 38.416229
0 338.505096 579.751709 34.030579 32.404175
0 486.650482 43.500286 33.516663 34.491989
0 321.112152 541.081238 21.624512 21.15332
0 543.808777 456.033752 22.006348 19.634949
0 568.300415 586.516602 34.029419 31.24585
0 38.287655 340.597504 20.801872 18.760132
0 189.838089 526.740723 26.095856 23.836426
0 634.610901 625.998413 10.778198 24.857056
0 323.95871 560.726501 22.897461 20.84021
0 236.171066 506.093872 28.173279 26.534576
0 606.641724 227.777985 20.012207 20.235168
