0 556.673767 148.945862 65.422485 61.168274
0 239.802353 459.5979 67.340363 61.462402
0 352.052917 249.508392 120.874329 113.724747
0 400.36026 346.639557 55.993896 53.361755
0 437.698425 22.018217 42.899536 38.56406
0 415.149261 483.859131 28.023071 26.200439
0 505.587585 241.29892 47.773651 42.562271
0 549.760925 227.898056 36.22522 34.265076
0 191.339584 77.5009 32.49469 30.374893
0 600.270508 28.665926 43.789673 39.18742
0 64.614555 604.621033 42.079224 41.554321
0 129.135986 620.319519 34.558197 33.84729
0 361.9487 12.631249 41.970459 25.262499
0 390.124084 38.194153 32.202637 30.307447
0 424.723969 99.747284 40.544556 40.609741
0 434.008423 297.787994 25.855896 24.485474
0 50.297058 457.997559 32.167084 29.285461
0 373.038483 501.502808 23.725281 21.925812
0 171.028122 471.447754 22.207764 22.054626
0 126.886246 487.08075 34.482361 32.75824
0 439.074219 65.633682 37.02655 33.240524
0 405.073578 625.027222 45.78418 28.812744
0 21.042147 516.383118 26.411259 23.490387
0 546.005127 200.327484 35.248047 32.186859
0 135.867783 512.672058 25.239433 24.167969
0 589.689941 9.070997 35.819946 18.141994
0 599.097351 213.345734 81.805298 103.423294
0 586.425049 262.949524 42.877563 35.79689
0 570.2854 479.306244 19.048462 17.545227
0 56.611649 29.339054 113.223297 57.044456
0 40.098663 435.610779 73.851105 117.020203
0 600.687439 80.666138 21.572021 20.397995
0 443.675751 123.231033 21.909119 20.736336
0 479.917297 612.752991 22.477722 22.057983
0 283.385345 496.744385 125.470169 104.754486
0 549.13031 24.319126 33.752197 28.079737
0 302.936462 24.051979 84.887451 48.103958
0 55.35368 163.579422 29.988579 25.030792
0 99.910057 145.727463 199.820114 246.174957
0 458.493103 98.496338 26.764709 24.885193
0 54.051468 185.809662 45.066635 39.408478
0 35.007561 248.883179 18.712952 18.130432
0 172.118744 28.194374 28.464386 27.112623
0 137.723511 5.856715 23.827179 11.71343
0 389.244232 440.377289 19.900146 19.456482
0 531.964905 632.796143 22.200195 14.221924
0 308.427673 295.463196 18.02655 17.678711
0 521.18866 21.103642 24.511597 23.448868
0 282.613617 438.001617 38.52594 37.914001
0 554.619568 200.132126 23.241577 22.191803
0 503.654358 72.277359 21.670074 18.740963
0 96.768799 627.559265 28.085724 23.071167
0 31.852261 629.50769 18.816671 16.348999
0 593.576477 253.936127 61.692383 63.757874
0 289.205719 615.7854 26.968506 23.80835
0 19.535973 205.250259 18.992039 16.376373
0 406.343201 585.894958 20.472656 17.711548
0 206.612579 492.639343 25.662872 24.489929
0 7.426149 291.932922 13.958603 19.835999
0 549.581238 36.422226 49.613647 45.052979
0 608.730225 419.407959 20.8479 19.62146
0 154.796341 500.379425 21.988831 22.339539
0 288.77771 582.739014 18.762817 17.245117
0 423.426666 111.081879 31.661865 28.85321
