0 103.071861 523.060059 57.168839 51.952789
0 194.599579 437.304688 31.556 29.777466
0 418.246124 122.932419 32.975769 31.473534
0 119.768784 90.484703 33.911156 32.027359
0 201.258728 381.641693 29.732178 25.145386
0 168.793671 231.631027 24.490112 23.353973
0 328.809296 130.508057 25.446838 22.266716
0 170.442322 178.196152 26.92215 27.09903
0 193.592636 488.761353 24.537659 21.858459
0 241.611221 59.525982 25.992645 24.786461
0 168.517365 411.14743 24.202606 23.444397
0 168.331711 341.559357 22.594299 20.370422
0 280.575226 594.513794 20.497375 19.416138
0 56.9319 60.792446 112.001312 121.584892
0 252.502808 380.969025 19.558228 18.073364
0 164.461884 6.833781 31.026459 12.913279
0 85.7966 230.598129 20.518387 20.165802
0 100.105858 290.899567 20.524368 18.630188
0 221.048965 546.552673 18.664062 17.686279
