0 565.688965 204.90361 36.387329 28.968597
0 125.200676 630.06366 41.052078 17.723145
0 623.05426 196.363831 28.581909 25.275513
0 55.961678 249.427673 40.270126 34.588196
0 626.851624 229.805862 26.296753 28.428589
0 607.177124 465.767792 35.537231 29.977295
0 534.118652 161.007996 29.595459 24.21286
0 580.344238 153.896118 25.608765 20.90274
0 339.032867 431.453125 39.15387 30.781372
0 52.170876 308.368042 27.527679 21.332397
0 272.771851 444.384338 19.383179 17.351562
0 629.572754 477.502869 20.854553 20.659668
0 198.823776 174.681274 118.982697 96.219727
0 567.170715 167.43779 22.946655 18.581757
0 351.679108 499.214661 23.573669 23.191833
0 17.496159 158.274475 24.939777 22.03067
0 630.289429 76.875076 18.392944 21.025543
0 285.624451 142.849548 33.351685 29.038696
0 300.216431 384.586334 32.680603 30.710876
0 409.309509 561.56604 37.792114 37.015137
