0 35.934067 381.665039 40.589859 37.111267
0 53.847305 306.737213 73.380859 67.896057
0 522.15155 595.673584 30.369476 29.546753
0 140.541733 181.958389 32.776001 32.359131
0 335.923035 439.454987 39.38385 37.261658
0 218.794388 565.03363 61.304657 52.458252
0 352.181854 612.891174 32.10614 29.983643
0 259.632812 272.440491 32.751022 31.020874
0 86.570145 630.243164 27.05072 19.513733
0 46.127899 463.707489 68.531281 61.404236
0 344.229462 15.962753 26.333313 25.246819
0 266.536499 610.375671 31.464828 29.531006
0 14.243594 548.994507 28.487188 29.991333
0 253.06395 396.252289 26.250946 25.457397
0 448.584412 603.111633 25.098206 24.417603
0 336.562836 43.676064 26.988281 24.778542
0 564.979431 575.571838 22.860596 22.000977
0 353.408508 629.6698 50.457825 18.823486
0 281.577972 43.479141 38.467529 36.599571
0 100.229897 399.913086 26.422195 23.203186
0 117.330444 586.197327 44.472679 40.877075
0 393.136169 170.838028 24.175903 24.188934
0 321.017578 408.677612 42.274841 39.265381
0 75.678314 7.733944 26.410709 15.467888
0 276.472382 447.612579 46.995178 41.001221
0 14.979082 496.135406 29.958164 41.707825
0 195.436081 63.202339 19.682922 19.363659
0 28.198498 611.270386 22.963598 22.189941
0 425.943542 338.672363 21.825012 19.768982
0 72.833038 398.84314 27.116653 25.116455
0 145.184738 481.378387 22.257019 20.495239
0 350.205078 67.151627 26.044006 23.169651
0 349.128937 91.320068 34.906555 33.087814
0 249.022156 16.522623 22.254684 21.457508
0 12.316172 328.88208 21.876705 20.436951
0 25.735041 431.674683 21.340778 20.187622
0 18.012732 350.555206 36.025463 47.091125
0 245.718109 251.96347 23.151184 22.590393
0 116.361557 618.954773 18.875732 17.532349
0 11.451202 214.073654 19.826447 19.612457
0 236.959167 66.445396 28.184998 24.838989
0 284.709717 163.887314 29.528809 28.866882
0 233.90509 567.264832 19.814941 20.553223
0 14.720455 100.163254 25.384495 23.086914
0 385.601257 334.241394 25.578003 23.242371
0 155.235214 497.238861 18.478333 17.084839
0 80.168182 504.615082 64.50708 59.618958
0 375.156952 56.629974 28.901123 25.570454
0 306.264252 173.26944 16.911133 15.898499
