0 514.530273 66.931938 101.525238 92.284851
0 258.295532 393.712341 173.337036 144.498657
0 449.079224 178.878983 78.519714 67.336578
0 153.55011 502.744141 24.37674 22.667358
0 407.145691 214.449692 41.329895 35.970825
0 214.259186 405.331055 20.271301 17.799744
0 101.550941 249.229736 101.045731 89.306931
0 116.439255 448.437073 70.220802 60.691895
0 345.281982 65.171989 67.881653 56.385071
0 521.71228 574.554199 28.334229 24.915527
0 73.056816 531.162354 142.657974 175.043457
0 428.591187 258.525879 45.671814 39.76709
0 29.84779 613.170837 59.69558 52.221802
0 384.055298 269.586487 24.691833 21.938843
0 457.572876 460.962952 25.227051 22.688171
0 567.708496 376.051666 139.34079 125.187622
0 463.116974 567.912415 20.460083 18.508301
0 236.056351 273.840607 31.838501 27.979858
0 470.167023 31.954521 25.281189 23.596565
0 199.414597 292.198242 46.415375 41.629761
0 414.580688 110.307083 34.880432 30.077118
0 516.156189 604.661316 206.792969 70.677368
0 624.638916 258.723175 30.722107 30.339172
0 387.05365 327.06311 37.0 32.674622
0 422.742188 67.385735 25.578064 22.070454
0 41.996681 197.991211 79.240799 81.03598
0 454.628174 377.9776 110.372131 110.752563
0 326.607605 559.235962 50.587463 43.626587
0 233.662323 35.203445 19.019287 18.227684
0 570.173828 194.671753 32.471436 28.295471
0 598.119141 36.691963 23.182495 20.826439
0 61.096146 293.381653 37.875492 34.842468
0 407.448669 30.926041 21.819153 18.574877
0 49.74559 155.571091 38.837765 38.963959
0 623.470337 371.385315 21.05835 20.227173
0 476.932617 5.888838 22.901978 11.777677
0 234.461639 377.504883 16.985352 17.568176
