0 548.06958 556.682556 34.152588 30.31543
0 411.166748 611.994629 33.156067 29.071045
0 149.003555 375.637329 30.193481 25.304138
0 15.854403 619.62207 31.708807 40.75592
0 295.563477 403.938141 27.676086 24.861572
0 267.712219 517.064636 134.266357 109.645599
0 436.84375 598.307251 27.090454 24.671387
0 241.585632 230.797272 29.816422 26.672729
0 281.589844 401.925781 147.272644 120.907654
0 342.648804 254.730896 41.706421 36.867599
0 29.875462 186.841614 59.750923 68.143677
0 519.316528 506.142273 24.625824 21.331909
0 298.558472 494.879272 24.522888 21.434692
0 463.133698 376.01886 36.418274 31.04425
0 44.957962 501.048279 25.148094 23.064087
0 291.85318 142.990936 20.773438 19.248108
0 71.357536 481.654724 42.991535 41.680725
0 231.015381 55.475677 113.151001 94.151154
0 422.429626 559.473877 21.051575 18.151367
