0 42.546532 544.038513 40.692886 39.675659
0 379.710541 295.444366 46.581299 41.821594
0 251.295471 240.726807 85.922592 81.783569
0 423.065796 93.023758 28.850647 27.219284
0 579.298645 71.846542 26.129761 24.164459
0 265.936951 132.754288 39.80397 37.620483
0 324.136871 622.354004 38.800354 34.802246
0 313.162384 561.782776 25.698242 25.521729
0 411.921539 190.524872 28.180359 24.711853
0 275.895569 579.66748 54.351257 48.97168
0 11.846416 73.22863 19.388863 19.725201
0 123.269791 72.91423 24.662506 24.105503
0 220.154755 512.798828 21.341003 19.750244
0 297.016968 215.932175 22.622559 21.175842
0 631.947327 528.137634 16.105347 22.906616
0 233.760284 105.19146 31.618561 29.545471
0 214.810959 4.655721 25.282379 9.311441
0 392.417511 625.383179 47.761108 28.732544
0 356.970856 630.417664 36.23407 17.620239
0 276.081299 555.308716 48.287491 45.296021
0 324.71106 590.170288 22.761963 20.627441
0 372.404266 161.380005 35.832214 33.077515
0 537.399902 435.304901 25.416504 24.872681
0 11.258743 20.273321 22.517487 23.323566
0 544.455811 51.850895 20.156982 17.953255
