0 579.911316 433.511017 116.501465 127.423157
0 420.693085 188.876572 45.40094 39.421234
0 359.186066 580.750854 45.800293 39.803955
0 383.339539 613.906799 82.325256 52.186401
0 269.623352 108.24575 102.911987 98.707932
0 17.565559 554.327942 33.713806 30.689575
0 377.604431 27.072836 82.77594 54.145672
0 283.582336 217.941803 34.056946 30.807861
0 413.259399 495.786804 48.958618 45.290619
0 244.571121 231.464813 26.366058 23.747498
0 110.739532 48.792969 53.435555 47.815536
0 206.508636 232.037735 23.159668 20.59964
0 160.148956 385.233582 26.180542 24.140381
0 181.670258 631.849548 35.254578 14.642334
0 521.781738 268.974487 26.733307 24.731262
0 352.144958 138.057724 58.898132 54.08889
0 300.378021 600.920654 39.887268 37.583496
0 277.632019 482.661621 23.100891 21.831055
0 438.419159 314.869537 26.516418 24.949524
0 248.139557 509.120911 21.327042 20.578278
0 630.294067 198.842758 19.411926 46.037811
0 66.650925 435.648346 25.131901 22.179626
0 295.686371 26.861444 69.28656 53.722889
0 468.784363 182.01001 25.219971 22.37439
0 478.483063 609.140503 18.857971 18.222534
0 103.84182 270.123993 36.350571 30.76561
0 438.545258 458.551727 27.320618 27.204285
0 320.032593 472.227814 26.321472 24.884521
