0 478.010101 43.228836 92.014832 81.328156
0 218.76149 208.664978 53.840027 47.376984
0 324.944153 139.61525 89.221741 79.892822
0 596.141907 568.924377 31.936646 26.04187
0 69.973602 282.024628 94.786469 82.471191
0 613.647522 339.535461 26.907349 23.977295
0 139.768616 359.454041 23.911629 21.997375
0 368.822266 247.279236 24.0224 22.173889
0 153.46283 137.653503 92.863495 73.636322
0 248.763947 140.976776 62.945633 54.984558
0 414.847351 284.632599 22.724854 21.551575
0 549.445068 613.754578 22.39978 20.146362
0 411.964966 14.805681 97.094116 29.611362
0 280.683838 174.964325 33.185669 30.628632
0 18.598064 266.097076 37.196129 50.869385
0 30.419102 630.935303 39.623505 16.243774
0 250.793579 183.086212 38.172913 34.699646
0 119.359802 148.832779 25.262512 25.896423
0 51.51622 81.086403 46.295837 43.702454
0 9.620937 115.875542 17.980305 38.643509
0 265.381165 179.087997 58.073135 37.965363
