0 510.752075 491.569031 33.418457 32.831421
0 445.483856 506.973938 40.95166 37.049652
0 198.705429 565.758179 34.441345 31.454712
0 364.54364 225.600861 33.936523 38.456482
0 550.775208 625.116394 29.777466 28.654907
0 559.820435 199.067444 32.654663 32.88678
0 213.55838 618.378906 30.275024 29.08667
0 153.985641 628.851257 30.700928 21.939941
0 406.365814 499.943909 33.245911 31.760864
0 228.638748 450.462769 28.947113 28.059814
0 452.434265 43.702236 28.311646 28.833033
0 574.215698 130.454803 25.900513 25.245636
0 499.598663 192.763763 25.747986 23.620239
0 10.589954 576.69635 21.179909 23.313599
0 612.315857 274.530334 24.994995 22.811584
0 367.763062 470.643707 25.180481 25.698242
0 280.242371 48.111519 154.02832 96.223038
0 542.259216 255.387726 20.064209 19.909042
0 119.17289 294.45993 20.921127 19.989868
0 310.924316 630.134521 87.276367 19.564697
0 284.323517 172.07869 20.598694 18.237183
0 589.535339 263.076416 20.69458 18.461594
0 134.049789 544.815125 25.084595 25.593628
0 127.934982 536.93866 28.327332 28.019653
0 202.953934 578.703979 36.940247 58.828735
0 192.430206 488.757324 20.669495 20.071716
0 121.537712 153.322769 33.971207 30.244141
0 170.695084 526.42865 20.882782 20.731201
0 85.219688 152.963867 39.241531 35.641846
0 97.443192 442.567657 21.093658 20.815002
0 77.040825 540.763 22.424988 21.12915
0 520.396973 298.339783 22.236694 24.524536
