0 300.95639 32.119484 68.573303 59.242737
0 92.458725 168.362457 24.272827 21.620941
0 40.720673 166.021866 40.342133 34.117584
0 427.029083 359.455353 39.976257 37.206177
0 368.332825 430.586823 23.06665 21.114075
0 233.335907 140.433807 32.742645 30.697357
0 161.716904 301.389587 19.209625 18.614258
0 100.814117 76.44706 31.578339 26.327423
0 149.399597 139.046387 30.596527 24.892738
0 111.453903 151.687851 27.62912 23.898926
0 9.287401 171.183487 18.574802 22.682922
0 443.495209 51.001419 27.910034 28.459427
0 411.593658 442.076141 47.536194 42.398926
0 12.501316 70.512627 25.002632 89.36232
0 74.623756 56.237724 24.911755 23.033493
0 261.987762 417.80426 46.776794 41.982666
0 268.497681 500.256195 39.341797 37.491272
0 177.509872 80.258606 80.893219 62.7836
0 26.911434 585.823059 53.822868 84.477905
0 511.33313 40.006485 26.747559 23.223564
