0 327.447632 393.50528 75.857605 68.910583
0 422.734009 411.782471 150.48645 127.74408
0 518.425659 250.930954 51.562042 44.002167
0 554.234619 481.2229 76.579468 71.228271
0 221.383774 526.672241 30.662018 27.553711
0 568.181458 558.220032 60.177734 55.284668
0 31.456676 146.743393 62.913353 60.011925
0 149.357773 68.261002 170.749115 134.786255
0 286.858948 114.098969 33.961609 34.258614
0 600.242798 286.209564 29.819092 25.939941
0 218.732925 130.303879 106.821747 92.698486
0 339.161682 234.362305 63.258728 55.946823
0 259.313232 278.933929 53.531189 47.525391
0 56.805206 193.414856 104.120758 90.85614
0 143.421036 390.337646 89.455299 74.023315
0 27.368301 280.748444 54.736603 52.32489
0 516.196472 289.914948 27.215698 24.082947
0 81.386803 531.878357 158.873001 195.181793
0 618.718384 161.812607 42.563293 43.354767
0 389.45285 301.021881 76.558228 69.094666
0 156.260406 257.320679 70.462952 59.270004
0 38.36285 624.597534 44.339409 30.804871
0 393.791321 359.935364 96.795288 83.76825
0 536.442932 352.751678 65.848389 56.413879
0 445.715912 250.483551 50.257996 44.887009
0 290.41394 309.835266 58.459473 50.546875
0 473.15567 535.175354 23.915894 22.449585
0 203.840378 282.38092 44.886444 36.751709
0 453.245789 109.770386 23.221619 21.158356
0 528.683044 369.816315 18.714478 17.629333
0 219.229553 342.265106 120.914841 108.384399
0 253.173737 442.059875 110.825607 104.045349
0 136.031219 458.933563 22.432381 21.202881
0 48.727463 24.08791 97.454926 48.175819
0 283.867096 512.48175 28.988159 25.715546
0 435.034973 502.813934 72.227295 65.326965
0 43.513451 406.540771 28.032661 25.891235
0 362.370483 301.3367 39.011902 38.255127
0 151.488861 290.980835 39.1203 31.314941
0 123.772064 330.935242 83.509399 73.951111
0 503.65329 225.784393 23.911926 22.412933
0 367.44101 494.351349 76.076477 68.083313
0 153.787491 612.726807 168.225983 54.165405
0 487.823486 605.584473 20.036438 18.588135
0 271.727417 183.965637 22.886108 20.767944
0 558.974731 145.293549 73.084839 65.879395
0 616.231323 564.887207 31.414062 28.447144
0 409.614838 566.700195 189.592834 146.59964
0 320.650574 357.156342 62.34082 50.691345
0 576.161316 226.200546 58.428223 51.30838
0 602.726624 23.855686 45.611084 39.854584
0 120.600906 221.769287 57.148781 51.46344
0 619.948792 302.126801 22.483276 20.906067
0 235.819595 253.300385 35.394745 32.645187
0 344.438721 486.566528 110.51355 101.34079
0 454.658508 571.615417 94.913147 82.424561
0 268.635681 341.411163 38.883133 32.99469
0 374.7099 624.617859 23.730408 20.37085
0 170.262817 436.163147 62.135498 55.367065
0 50.191605 71.207275 36.625168 33.831375
0 25.755787 45.873566 41.135902 35.183762
