0 177.99826 41.288635 106.515594 81.591431
0 381.563049 549.123962 62.808044 57.429199
0 438.681458 292.878113 50.596497 42.012268
0 409.492767 620.551758 94.943665 37.349365
0 86.713547 208.050537 29.416931 26.237366
0 622.940735 514.191589 29.243042 26.569977
0 262.241577 233.571594 25.466919 21.541382
0 530.083496 29.153584 28.499146 26.063623
0 555.248779 22.378269 20.088745 18.002487
0 598.367737 223.194595 31.049072 27.892029
0 295.94812 55.874496 22.330627 21.21701
0 465.837799 507.810364 22.079956 19.164215
0 595.334778 286.452759 52.284058 45.559937
0 496.771515 473.674744 23.857178 19.608704
0 70.97464 445.075195 22.208538 20.467651
0 474.157074 127.762863 25.700928 23.981621
0 192.283859 163.055847 33.021942 30.034943
0 502.168152 39.268135 25.477905 22.594851
0 595.381714 581.759399 89.236511 86.484863
0 87.328011 5.937278 31.744385 11.874557
0 583.721802 46.31953 112.556335 92.639061
0 231.761688 169.529327 22.71817 18.30011
0 50.931675 399.348938 21.222855 18.583435
0 390.084076 180.012756 21.889832 18.583801
0 539.570068 60.310333 23.472412 20.458084
0 87.696861 562.455139 32.402023 28.860962
0 599.545105 459.969452 38.114258 30.217712
0 232.490814 391.118225 58.206345 48.493774
0 383.801636 337.268738 58.942749 47.790466
0 148.773499 560.286926 35.463226 33.254883
0 78.691422 66.528778 155.378387 130.846924
0 324.470245 435.66806 22.832947 19.396118
0 91.277237 489.13205 18.34201 16.337158
0 236.751602 508.679443 30.912811 25.635284
0 486.730316 47.25864 20.065735 17.06765
0 85.177132 467.919525 20.057602 17.296204
0 478.110443 133.979797 22.878052 21.062775
0 561.371887 311.850616 41.042725 37.373108
