0 534.879211 257.350861 57.610718 54.35231
0 128.828705 218.448029 68.071136 65.112091
0 331.814728 84.675934 28.822632 27.233124
0 474.030945 153.86351 61.46875 57.950035
0 58.738243 54.663078 117.476486 103.254593
0 320.27597 19.16876 49.606689 38.337521
0 124.641922 297.006592 37.494476 34.232239
0 117.128662 148.321655 168.378052 148.747498
0 367.296783 124.789932 44.264404 39.164062
0 486.870758 79.955643 39.245544 36.786499
0 619.097412 127.708336 34.100952 33.291855
0 219.119171 402.522552 159.959274 169.746887
0 280.319031 86.188896 23.528748 22.922958
0 559.347412 210.419937 24.767456 23.611877
0 612.441895 85.406128 55.116272 57.08078
0 32.25872 201.696503 44.387032 39.149078
0 538.079895 198.21019 20.858398 20.062317
0 168.7379 310.352875 24.227448 23.022644
0 348.549805 27.642591 28.676392 28.04781
0 333.785736 118.418762 22.678894 21.459435
0 480.994324 314.381714 42.429565 39.651062
0 8.045069 218.159821 16.009583 22.746368
0 307.871674 481.851837 20.893127 19.05835
0 231.671722 454.147888 158.273315 124.098175
0 74.7295 385.69165 73.042633 66.342407
0 5.650964 387.174286 11.301929 26.478699
0 230.930801 289.013824 22.989166 21.170654
0 635.598389 113.909477 8.803162 14.971802
0 379.130096 205.759094 136.825623 122.909668
0 29.172596 172.601212 42.856125 39.901062
0 564.366882 102.585152 18.314941 18.11235
0 397.178589 115.010651 24.174377 22.893066
0 547.911377 413.585724 47.884521 43.892273
0 142.302444 51.593208 44.672852 38.585129
0 18.259212 102.086487 35.128777 41.773956
0 283.541412 47.652264 19.361816 18.123268
0 45.774963 464.013611 91.549927 100.683472
0 609.491089 16.839035 57.877075 32.917404
0 71.198746 14.93969 30.529968 25.982025
0 360.138824 268.904633 25.202087 21.023804
0 416.802917 94.022171 34.661499 31.489151
0 295.99765 497.921783 20.657349 18.560303
0 442.718842 52.411274 152.740051 97.38279
0 342.839417 89.604416 42.549377 37.792786
0 481.062744 46.632896 17.509216 16.653152
0 324.439758 365.535126 66.320435 58.208252
