0 525.844666 507.026184 32.457977 29.534088
0 606.761108 214.785507 28.790527 26.917389
0 425.771759 342.639984 24.880005 22.5802
0 558.94397 109.580826 27.488892 24.431686
0 143.187271 87.34465 38.876488 33.633728
0 486.671875 158.341293 40.766785 33.455719
0 512.741821 126.745453 23.933105 24.168175
0 257.731781 10.602621 20.876572 19.156887
0 200.523346 304.168915 49.800476 46.289795
0 174.536774 291.966888 23.784607 23.112366
0 594.015015 257.388855 22.066284 19.544434
0 371.603638 222.356537 20.160767 17.552338
0 25.509302 369.37439 19.370014 17.789917
0 613.956421 348.372101 25.78772 20.566223
0 390.438385 555.348389 18.079407 17.532715
0 568.358459 122.748566 77.832153 72.042694
0 107.519562 88.243866 31.015076 29.99353
0 492.907196 356.475616 18.809387 19.618591
0 370.596405 17.294464 167.271118 34.588928
