0 188.010986 29.939915 32.481598 27.785645
0 139.656097 84.810982 32.535164 28.709869
0 453.077026 566.417603 50.140381 43.70105
0 579.378967 429.599731 37.451172 34.724426
0 487.018372 402.544037 32.782715 31.425781
0 106.228722 18.231888 32.7883 31.951454
0 540.889465 409.251373 58.655029 48.545959
0 42.766209 363.495636 27.843697 25.50116
0 179.216736 592.94812 42.785858 37.809204
0 416.738098 294.25766 25.575806 24.642883
0 456.78598 30.417091 31.935852 27.204597
0 489.709839 372.426666 69.784149 63.758362
0 266.838593 364.903076 34.048904 28.085938
0 304.395081 356.689575 23.982056 23.079956
0 170.099091 569.262329 25.968811 22.656006
0 602.506226 219.41745 47.759033 44.299225
0 232.759705 35.905659 66.091431 52.77726
0 322.707458 16.925087 29.096863 28.691635
0 356.048004 57.390564 46.126282 38.981522
0 560.074585 68.217369 45.918213 41.213673
0 412.680786 339.384583 47.660034 47.781128
0 620.38208 524.357239 23.104492 22.39978
0 97.69796 614.644165 29.422089 28.391846
0 478.152527 471.953827 31.016235 29.134705
0 111.052704 515.829163 18.569794 18.189453
0 425.894165 164.081955 25.095825 25.258606
0 586.845886 34.663631 23.630859 22.456146
0 573.640015 307.04541 43.931885 40.315308
0 242.721771 390.175751 20.048431 18.721863
0 634.246948 272.858398 11.506165 36.669983
0 440.149414 54.561073 30.354187 28.160828
0 381.738678 615.069763 25.506653 23.041138
0 277.799377 388.438812 30.075256 27.263916
0 489.071167 389.743622 50.515045 61.65033
0 522.438477 313.385193 30.900635 27.879089
0 78.321472 69.270584 20.193359 19.060608
0 576.872253 291.561401 31.315186 26.829712
0 571.963501 634.79248 21.009033 9.682983
0 357.269867 619.001709 20.845093 20.675537
0 334.033905 590.725891 23.498413 23.051392
0 88.346191 633.080383 29.926651 13.839233
0 635.971985 612.381958 8.05603 25.352905
0 52.950634 629.089966 49.850868 21.820129
0 252.871231 420.6008 22.207062 22.185425
0 616.830627 312.061676 36.653931 34.614807
