0 340.187103 480.664795 74.003357 68.63205
0 102.4879 289.513885 193.445709 213.558167
0 240.98877 509.858521 56.011856 50.184204
0 585.085815 453.015961 55.587524 52.597717
0 263.648407 470.799622 50.995117 44.789246
0 370.764435 292.718536 33.809387 33.075378
0 386.626343 409.09256 21.878479 21.105713
0 349.2258 378.076508 31.159485 29.186279
0 418.779785 121.623032 21.620911 19.345009
0 265.618103 574.619934 32.132858 28.008301
0 472.188812 459.103394 34.58783 32.819031
0 160.053802 121.800949 258.438904 243.601898
0 189.671555 503.789246 34.84079 29.893311
0 303.483582 338.232452 24.879333 23.596008
0 587.213562 350.652557 31.448364 27.118713
0 224.779984 629.380615 38.957977 20.547974
0 211.961365 482.762146 45.674286 38.835144
0 388.991669 491.737701 32.787048 30.138733
0 342.269714 354.77417 21.507446 21.648254
0 297.418884 553.629822 59.927856 50.737427
0 231.111053 545.81012 36.104401 30.938232
0 623.329651 598.82782 33.340698 35.873047
0 129.248077 492.484406 247.445984 237.229919
0 285.668762 592.543335 21.984802 20.006104
0 52.74649 317.931152 17.682327 19.085876
0 421.790863 103.033401 18.026978 18.26059
0 299.114594 451.175537 41.558716 37.996704
0 138.850891 529.940857 27.101837 25.324951
0 604.754211 417.133698 21.991821 19.981262
0 61.406738 559.094177 19.979366 18.253418
0 550.767395 300.344208 33.676514 30.421997
