0 548.955933 235.87674 35.785278 34.01474
0 568.869263 128.551575 36.149048 32.722565
0 628.786621 116.237083 22.426819 23.67598
0 488.696289 588.015808 27.377136 25.718628
0 276.546661 72.972015 27.706604 24.658802
0 627.670166 422.972351 23.359863 22.829651
0 20.895092 74.400848 23.250864 20.400467
0 566.346497 546.051392 35.50354 31.216797
0 64.887161 189.743942 27.361069 24.453217
0 38.988441 56.848984 22.420076 21.831009
0 129.271255 314.83606 19.897743 19.769592
0 29.92551 623.579346 40.564156 32.841309
0 79.309647 368.839172 21.6931 19.856079
0 498.889587 560.433167 26.318268 25.5896
0 35.171013 367.364075 32.386307 28.170532
0 351.900238 584.534424 86.765686 84.733887
0 249.89566 380.147247 58.841614 52.058533
0 594.010925 619.470215 24.230469 20.775879
0 499.241028 119.389206 56.626099 46.816353
0 467.249359 376.604706 242.42926 198.149109
0 415.612122 449.241943 23.851807 21.665283
0 408.139679 613.406494 48.847595 45.094604
0 104.523064 231.769547 204.901077 238.782867
0 257.542908 294.455688 17.76564 17.404846
