0 254.518372 102.90625 112.892319 101.639313
0 475.214172 347.352356 93.444458 95.656921
0 439.592834 228.683456 166.217041 165.194489
0 20.180195 453.60257 27.573889 24.498352
0 13.524543 227.604385 27.049086 36.133606
0 563.440796 385.057129 28.332886 25.663513
0 460.309875 510.261108 23.451294 22.653778
0 45.548351 568.071411 66.006447 64.030273
0 611.775635 534.743103 56.448669 100.833984
0 130.089142 270.56958 102.607544 104.43129
0 463.248718 482.780212 23.732971 24.21521
0 547.721191 442.856476 68.214722 61.110046
0 228.771317 150.529526 24.149048 21.254852
0 601.600952 376.375549 23.721313 22.24292
0 567.951416 559.825806 38.858643 36.021362
0 90.142876 74.365822 19.541214 19.019394
0 131.421585 444.946991 20.343651 19.432129
0 412.166107 576.830505 21.416382 20.585449
0 620.91925 312.779877 25.660767 23.78186
0 143.110138 630.45166 19.132996 16.586182
0 243.755524 168.243805 25.658981 23.47818
0 332.387329 91.76635 20.71106 18.319016
0 495.671234 579.40332 23.510132 21.927124
0 509.422424 609.639648 60.370392 55.642212
0 110.242821 343.439575 36.802597 31.727722
0 525.174744 244.474457 31.504761 31.191467
0 272.987579 184.903351 21.876831 19.848206
0 547.904785 265.42923 27.934204 26.441879
0 400.607727 363.400574 73.993713 68.675476
0 322.816406 309.512085 204.24852 176.106705
0 372.189667 237.52742 53.378357 47.606415
0 524.880066 204.077087 20.067627 19.730652
0 232.501724 393.360779 55.500519 52.705566
0 293.321014 170.878601 50.128906 44.881195
0 617.096741 625.147095 44.990112 29.705872
0 112.55217 513.410278 125.0065 109.031219
0 98.949814 417.739868 19.857086 18.840576
0 282.850067 596.006042 22.359192 20.837036
0 53.645592 307.138367 29.353836 27.265442
0 459.81839 589.413513 24.225281 23.382568
0 130.48468 463.984741 19.785645 17.875488
0 499.212219 556.844421 19.078491 17.349365
0 184.543365 31.766502 22.542847 20.469923
0 402.114716 28.085293 21.080139 17.986778
0 142.417053 351.151001 18.043457 17.854431
0 555.293579 350.343842 24.205322 24.946899
0 605.583923 460.239197 47.609253 40.36499
0 344.628296 422.998932 20.420471 20.183289
0 206.386703 409.474548 24.043488 22.001099
0 357.217285 153.153839 68.591003 57.86689
0 564.739929 297.393707 17.810181 15.861633
0 239.337433 58.308899 34.985962 31.652863
0 36.573196 188.400696 54.338455 52.309509
0 171.951706 46.766518 20.188385 17.567001
0 374.21698 587.535583 231.71875 104.928833
0 353.072571 6.976222 22.018555 12.675734
0 628.643738 146.863373 18.516479 17.018738
0 563.808838 76.079926 54.575806 47.529633
0 213.249191 302.679504 29.760498 26.033569
0 591.03833 24.798824 97.923279 49.597649
0 73.26564 347.172974 36.770939 32.027161
0 444.76413 53.736717 18.508606 18.733368
0 442.618164 57.589336 122.447449 99.607811
0 629.018921 331.591309 21.458862 33.811646
0 519.579651 37.0457 30.149261 27.133867
0 550.207153 509.034363 103.738037 88.642456
0 554.760193 340.735657 22.001953 20.335144
0 396.060303 89.324554 230.811951 178.617432
0 12.146132 620.327087 24.292263 38.027222
