0 204.761536 236.587296 120.55481 109.296173
0 358.42038 601.279297 87.374329 77.441406
0 268.22644 191.449997 35.249817 34.024261
0 343.99408 251.057266 100.543945 96.955597
0 17.807297 26.005051 35.614594 41.810165
0 215.371719 368.650543 42.087372 39.41095
0 518.290771 111.952393 243.418488 223.904785
0 453.57666 533.150574 29.401428 26.421997
0 555.654236 565.98584 27.565552 23.409546
0 205.362518 26.221804 24.685852 23.267048
0 417.927094 584.445496 33.775452 30.346313
0 529.776672 525.997009 47.172729 42.054901
0 375.450653 55.237995 62.430725 58.964043
0 586.703613 303.660339 28.893311 26.536316
0 95.08725 408.135345 26.000717 25.04834
0 408.364929 627.478638 33.316162 23.550415
0 568.005676 43.113228 23.035278 21.577606
0 448.433167 273.001892 199.735229 160.607162
0 568.799255 593.927734 142.40152 92.144592
0 618.169434 179.138351 27.750366 25.473724
0 557.876709 280.114899 56.397705 52.270065
0 551.692505 338.024261 24.949707 22.205933
0 204.313629 61.057007 20.733978 18.551193
0 483.989136 623.376953 81.023102 32.589844
0 626.428833 348.071838 27.142395 31.797424
0 379.288025 20.381905 73.467651 40.295944
0 444.670624 51.95628 67.173401 60.225334
0 559.417908 427.988739 160.366425 145.742126
0 585.092285 227.136658 84.220947 72.194092
0 560.697632 304.78479 24.154175 20.072083
0 533.855103 454.366913 23.545654 22.164307
0 307.992157 137.18988 201.075439 162.12619
0 7.203496 549.452087 14.406992 24.151123
0 143.782104 287.090179 19.479004 19.434875
0 472.103027 432.995209 29.14209 27.022583
0 429.405212 543.773865 23.80127 20.346924
0 263.803223 376.457458 19.865433 19.599548
0 492.33316 506.830902 38.823853 34.971985
0 472.035858 584.851624 22.64978 21.446411
