0 395.181305 27.069939 41.379089 39.404991
0 455.247803 456.062653 38.089294 37.417847
0 217.67244 581.243835 27.784363 25.419434
0 149.654922 138.679092 22.998993 22.46875
0 264.893951 631.105835 32.1353 17.489258
0 562.871826 605.661438 62.715088 56.965942
0 172.288208 32.827324 21.957001 19.403679
0 563.634766 631.700562 29.477051 16.598816
0 236.043915 165.77446 31.23645 26.28064
0 31.277157 307.943756 20.710123 19.904602
0 469.351227 628.775146 21.381287 17.093384
0 582.237854 486.055847 72.43689 67.705658
0 615.759155 610.619141 47.803345 58.761719
0 170.713623 209.427017 18.279968 17.559967
