0 491.875671 451.766052 28.786438 25.619812
0 438.430542 548.283447 26.259827 24.803345
0 555.781921 75.453644 28.142944 26.525555
0 442.426819 460.633514 27.8797 26.74707
0 506.249756 539.771667 38.646027 37.424194
0 337.516174 434.381134 63.072021 62.206116
0 480.089966 597.285278 79.896393 76.598633
0 555.183228 518.427002 22.766602 21.284058
0 534.613281 123.631805 20.93335 20.937218
0 360.139923 297.693176 24.876648 21.96936
0 479.119385 296.8591 22.047302 20.224487
0 476.90564 554.86322 28.172607 24.856201
0 418.559692 320.984436 24.781189 22.825012
0 583.112488 383.21637 29.176514 26.608276
0 454.561554 337.591919 22.900513 21.42334
0 600.735901 489.587769 22.260864 18.752502
0 393.558441 574.400574 26.874573 25.018433
0 389.701813 294.769684 18.029724 17.061401
0 106.036102 258.635101 20.609879 18.305222
0 450.470947 299.945831 18.651611 16.790771
0 442.632996 325.952148 22.710754 20.906616
0 576.47876 374.058594 22.488159 20.814941
0 515.990112 559.974182 20.495087 18.992554
