0 534.064575 36.008801 104.070557 72.017601
0 394.901093 582.679565 156.093262 114.64093
0 504.025696 131.881851 39.254242 35.405914
0 485.383514 214.871704 33.187378 29.890564
0 235.472 296.14325 24.045563 22.725525
0 573.819763 522.096558 34.758789 31.460083
0 140.928024 6.750296 34.955963 13.332134
0 178.046021 143.701935 54.531311 50.4133
0 69.3526 30.256672 88.228302 58.496124
0 173.876587 382.154694 23.285126 22.498352
0 584.672974 285.677307 24.752563 22.044189
0 98.012283 89.478874 28.756088 25.633438
0 401.301666 497.586212 33.44635 30.558533
0 482.421631 458.412354 60.337738 58.246887
0 207.955566 107.037659 37.607788 34.62117
0 136.065735 155.476059 36.432686 38.946899
0 440.353577 302.227234 21.132446 22.447388
0 247.737335 78.773384 56.386917 58.12236
0 466.218323 10.129322 29.329651 18.459564
0 19.059895 540.485229 23.133041 21.734741
