0 129.82225 385.015778 63.256958 60.96936
0 53.187458 104.142296 41.61895 39.026779
0 238.115585 511.259003 28.692383 26.196106
0 162.507401 19.303091 46.910126 38.606182
0 603.236694 243.490982 19.969849 17.94812
0 69.742798 567.615662 51.243378 45.492554
0 32.852043 337.908752 24.549559 22.120422
0 438.438843 137.729828 20.520203 18.990326
0 90.182457 456.932434 20.647324 18.344849
0 277.039612 371.071442 35.559753 35.930237
0 312.357788 495.687103 18.78479 18.610779
0 189.19397 555.214661 48.114441 44.569092
0 206.425415 386.085968 87.321075 76.494995
0 327.998505 483.173981 45.907837 43.921814
0 34.0411 498.745483 56.600845 55.021484
0 16.080828 115.456848 32.161655 104.934998
0 272.227295 31.109692 37.288498 35.632896
0 577.126099 118.155586 125.436035 236.311172
0 82.090019 83.150703 16.41243 16.815414
0 138.010376 4.681832 16.060669 9.363665
0 264.539276 444.824402 16.534363 16.769409
0 73.183731 194.86116 33.068344 31.93338
0 109.173828 500.737701 15.923065 14.632202
