0 446.77359 416.199402 42.812805 38.501221
0 390.289093 340.021637 26.262451 24.638794
0 609.231262 176.255646 61.537476 58.755615
0 104.108299 492.465973 27.620438 23.49176
0 201.00914 334.253632 23.453857 20.986389
0 102.84243 356.984344 22.863663 21.669312
0 512.117188 49.284443 22.227631 19.651237
0 628.702942 293.076874 22.594116 28.596436
0 599.558167 87.312103 25.546265 24.276459
0 397.875763 171.456009 19.577759 17.166565
0 432.673462 166.263412 20.54718 19.024384
0 326.389923 9.635918 39.735962 18.77277
0 585.604614 110.270248 19.061768 17.335083
0 608.599304 55.641987 19.446167 18.838203
