0 230.904053 196.71579 46.982635 40.718323
0 329.640594 294.5159 83.540344 83.951355
0 613.552063 57.538803 45.972534 43.4314
0 186.341339 359.585327 54.961548 54.281006
0 69.169357 216.355118 119.169891 106.371246
0 393.481873 354.446411 159.510742 159.488403
0 435.493073 194.615662 31.224182 29.802094
0 165.178452 527.995117 26.050049 23.040161
0 133.397217 560.073608 22.191528 21.153076
0 209.057129 616.812866 77.97934 45.279785
0 401.941711 598.651917 24.407837 22.268433
0 421.185181 220.126068 20.500305 20.626526
0 524.623901 372.448151 29.631592 26.644104
0 352.342712 10.642725 25.668579 21.185192
0 507.403198 105.945068 24.047516 23.735931
0 52.90136 391.225525 23.63501 22.076599
0 202.404984 233.904938 23.363678 21.450592
0 567.748901 372.6008 32.806152 31.756714
0 44.545498 111.824333 89.090996 163.613266
0 477.930481 71.204849 240.695801 142.409698
0 411.857513 580.620972 19.774475 18.71582
0 609.962891 98.783752 56.385864 70.305908
0 49.066132 510.332336 19.368057 18.739258
0 399.166626 155.650803 114.04834 107.747498
0 150.12709 633.271301 32.062347 13.457397
0 597.758728 577.505676 42.68335 36.55481
0 378.837585 495.04425 59.006653 50.047699
0 155.902344 163.484711 93.712433 84.968781
0 100.98587 35.049156 56.835976 51.606155
0 424.839386 54.553314 122.474609 109.106628
0 234.081879 36.535049 21.050903 21.645332
0 253.313507 46.376297 21.638489 19.265442
0 596.890808 526.963684 44.092041 36.09375
0 470.079651 255.781815 58.433777 57.517731
0 261.944427 634.292786 23.575439 10.990723
0 261.875305 146.925964 38.794006 33.266174
0 343.146271 226.167511 37.762268 36.865173
0 591.709717 421.401703 21.535522 20.001099
0 593.76593 16.576229 16.668091 17.200165
0 448.440796 103.00676 27.602478 28.395355
0 144.888 301.984009 120.162842 100.441589
0 540.968994 146.562164 20.383301 18.445465
0 544.515991 244.055481 190.968079 224.04303
