0 121.081223 403.491272 47.723701 43.834717
0 534.708618 154.572876 133.822418 121.473152
0 29.870695 144.760666 30.284573 26.839325
0 13.345749 122.132614 26.691498 28.860252
0 575.622925 579.620422 117.459961 120.759155
0 606.388611 213.685471 27.33252 24.672791
0 28.252781 596.67511 23.848465 22.018555
0 583.785156 127.573074 34.375854 29.44767
0 614.718079 273.965424 34.48938 30.547791
0 491.249573 16.377632 34.574768 26.069538
0 361.457428 347.200958 42.445435 36.770569
0 32.146637 52.012276 26.623375 25.293259
0 480.603546 62.489647 28.301453 25.868591
0 593.425171 18.260105 26.277466 23.003319
0 533.625732 304.505737 27.174683 22.707031
0 240.20491 406.922516 124.885406 96.425354
0 251.996536 600.330688 58.598969 48.451782
0 36.954308 107.989769 26.487617 27.336121
0 458.758911 254.760345 51.583862 48.485901
0 208.622665 338.037292 32.304291 32.190125
0 56.230747 58.488853 22.000755 20.383102
0 410.448547 424.431122 52.971985 52.983887
0 108.20504 131.261627 31.129944 30.776588
0 631.909302 297.055908 16.181396 34.024841
0 252.460907 536.759827 35.631348 32.290405
0 471.644501 369.839844 50.142883 43.388611
0 12.832897 270.292511 25.011154 25.022156
0 392.531891 64.617561 21.831604 19.660446
0 630.171082 50.822186 18.918701 19.510605
0 10.940783 362.229095 21.331753 21.825073
0 20.641983 64.233833 23.777359 21.914684
0 167.805725 125.985504 32.310822 29.976105
0 43.684437 546.898071 19.026703 16.758911
0 580.277832 78.004608 60.829102 50.766861
0 564.681213 49.910095 52.852661 47.19199
0 204.116684 498.001648 84.092499 73.148407
0 62.27681 457.556366 21.100613 20.821167
0 273.5896 5.21465 20.738037 10.4293
0 524.847473 340.135864 45.533447 44.516968
0 631.000061 171.512039 17.394897 20.83725
0 583.487793 227.666412 30.265991 27.248474
0 323.744537 615.870239 44.789246 37.618652
