0 25.790646 273.961151 38.056793 42.829102
0 429.207062 378.879364 122.364685 111.530945
0 603.329773 525.93042 41.735352 36.755859
0 140.698257 593.230713 40.015045 37.571411
0 98.809044 423.737488 33.710419 33.594177
0 569.206482 563.8974 25.016968 24.539917
0 51.433731 345.221436 96.793182 94.637817
0 592.798462 569.346069 26.923096 25.57373
0 598.129089 449.513092 29.064575 27.438354
0 35.462135 28.217316 22.449644 21.005829
0 331.923462 232.538177 120.292114 97.859695
0 390.196838 53.370956 31.504395 27.448898
0 225.783569 374.214355 238.663757 286.2034
0 330.846527 173.457596 24.213074 21.222443
0 462.564178 474.068817 26.170532 24.452942
0 245.258789 11.18363 71.83728 21.28828
0 32.413025 489.973999 18.397331 16.941101
0 611.327332 259.456329 19.945679 19.179443
0 486.302521 532.209351 21.784485 21.495605
0 468.99411 101.143272 84.875244 81.848068
0 493.038391 166.417465 19.409119 19.13382
0 568.147339 285.234894 63.911865 57.991577
0 632.080017 409.262817 15.839966 46.788574
0 79.174988 536.681458 158.349976 206.637115
0 354.173004 210.071457 20.947876 18.931458
0 367.783661 609.548096 106.382874 60.903748
0 295.049988 583.331238 32.431885 27.025757
0 393.49408 91.503326 255.583862 178.459351
0 104.398819 151.339432 54.925781 49.492065
0 140.709442 247.242859 21.968353 19.22406
0 507.207001 194.156982 177.519226 151.120789
0 592.04718 232.008499 28.55481 26.070709
0 580.513611 567.82312 47.560913 29.219727
0 532.966919 632.162354 23.240234 15.656616
0 517.256653 273.907349 52.207153 45.903748
0 309.057373 228.105652 71.35553 67.387451
0 366.917908 481.515381 112.030151 116.136261
0 272.072906 139.363953 44.773254 40.123352
0 161.903137 113.319153 18.005554 16.871429
0 359.200928 312.951447 21.044922 17.534119
0 390.752411 56.725056 55.384766 52.671196
