0 88.159653 347.427826 102.009583 92.538574
0 599.819763 28.2962 38.577759 37.603981
0 27.306593 405.286652 54.613186 62.494263
0 68.551903 182.983917 71.255096 67.84964
0 349.623779 204.483398 85.551453 83.111298
0 502.679199 217.83197 63.424591 56.801178
0 167.141357 271.703918 40.274994 38.847916
0 598.381958 527.043823 30.339966 28.149292
0 501.604553 337.774475 144.781982 124.944946
0 126.106216 67.475304 26.929474 25.80751
0 417.896454 21.902746 56.769653 43.805492
0 493.255219 254.467102 23.643616 22.800659
0 387.1763 96.869606 45.102417 46.526001
0 377.708954 578.575684 22.439331 21.97644
0 570.633179 175.263367 24.866699 21.63092
0 73.236053 631.53656 21.777157 16.92688
0 404.321075 281.504974 32.20929 30.387329
0 9.881839 308.485352 19.763678 20.654724
0 16.109274 586.639038 23.755741 21.47583
0 633.419312 491.283417 13.161438 20.912781
0 453.328064 450.981293 30.297302 28.336243
0 157.707703 625.895752 26.913422 25.02771
0 303.546265 594.583862 21.422852 20.167358
0 478.18985 242.617218 32.374695 30.092712
0 241.743896 614.12793 58.382324 50.203003
0 402.708344 540.634155 22.454773 19.940796
0 493.807251 394.803528 18.107605 17.6875
0 68.064774 248.674835 40.684921 37.050232
0 520.69989 30.364101 157.726532 60.728203
0 77.814552 461.120209 91.025101 88.516052
0 373.081879 301.522339 19.435059 18.425598
0 62.049393 602.135559 21.438145 18.274048
0 241.615326 392.503784 17.253418 17.154907
0 473.617676 121.023827 19.37323 18.029739
0 51.724442 545.241943 91.988159 80.93869
0 553.554993 272.59845 24.372925 23.399597
0 616.524902 149.859833 46.950256 66.24588
0 341.091553 485.879578 17.580566 17.010742
0 452.824005 477.757233 29.304749 26.027527
0 424.00531 633.668701 18.438354 12.662598
0 24.028656 317.250549 20.495216 18.14386
0 552.006165 155.230469 18.462158 17.487885
0 607.513123 446.657532 18.364868 16.798706
0 558.594238 527.563538 151.103149 163.124054
0 86.099747 82.478813 24.977478 21.012863
0 251.085632 13.574989 57.139954 26.678337
0 113.769272 631.310791 18.835083 15.44873
0 110.885292 204.201233 49.861649 41.905457
0 263.288757 399.279938 35.581604 29.877014
0 139.598694 426.773346 29.377159 27.077576
0 350.413147 280.542999 34.540222 30.12915
0 597.423584 433.635101 18.404297 16.551392
0 239.198135 150.216766 232.067841 203.57135
0 4.665324 148.83461 8.756699 21.155853
