0 414.203796 101.362289 54.56012 49.018585
0 607.028381 313.679321 52.518799 46.059937
0 307.443634 531.580627 42.834961 35.964722
0 412.338776 314.761444 34.210083 31.494873
0 404.829956 283.281952 34.098083 31.1203
0 426.379639 253.639069 39.612793 34.455566
0 221.659897 150.776367 31.740021 28.453766
0 411.239105 213.979965 40.31366 38.516174
0 274.676392 71.551697 37.831299 37.33844
0 242.75943 252.230042 34.113113 31.13533
0 215.128387 402.540649 37.585938 32.231812
0 501.808624 518.948303 88.559875 82.029175
0 117.140648 83.705498 31.845261 26.771729
0 59.103394 212.409088 38.905228 34.153809
0 561.13855 24.226772 157.722839 48.052162
0 546.050964 461.55304 58.80835 52.795654
0 424.123688 341.022339 26.149841 23.622498
0 353.930206 344.441223 24.122742 22.309082
0 163.203156 208.604797 27.946838 24.352966
0 610.177551 214.982727 59.644897 95.065201
0 69.499535 231.25119 28.252064 24.467407
0 626.2771 609.563599 27.445801 33.982666
0 458.273224 299.543304 68.972961 63.065186
0 260.576385 118.563217 34.989014 30.118225
0 545.821777 164.500687 74.231445 60.392548
0 23.761398 600.303101 21.403976 21.28833
0 442.736755 495.503845 52.01239 48.542694
0 399.785614 186.442291 24.111267 21.012878
0 10.413555 272.554443 20.82711 22.96051
0 399.710541 477.524689 23.261841 19.938782
0 206.715134 375.252808 21.503357 19.904358
0 42.066177 266.323242 25.222672 23.445847
0 369.688232 309.779266 23.245483 21.057617
0 365.861572 33.800102 22.807556 20.408913
0 204.693298 514.771851 19.942505 17.597321
0 200.659424 214.631058 23.316925 21.011322
0 16.640556 68.553658 27.592239 23.569839
0 108.076492 115.540207 216.152985 231.080414
0 553.519409 363.879211 51.80835 45.545166
0 207.084747 245.037994 31.280426 28.446045
0 335.685547 370.980103 62.546936 54.081177
0 397.735565 484.912415 114.027954 94.134125
0 515.772217 192.020035 21.850067 18.977142
0 300.412354 252.045746 23.927917 20.549866
0 130.564575 490.962036 108.60495 93.494904
0 432.638611 365.46225 23.378235 19.473938
0 24.175442 6.148241 32.996468 11.708256
0 431.148102 497.686157 80.442505 70.77298
0 618.317871 181.300873 37.958984 37.228241
0 574.701355 185.711578 22.4021 21.480682
0 46.475708 236.455307 19.152267 17.826508
0 595.479126 409.770447 87.585327 105.573303
0 620.582886 138.166656 38.834229 49.970695
0 298.301025 29.581184 60.612671 52.609253
0 525.425049 283.022888 36.478882 36.070374
