0 401.774048 490.167236 57.829712 50.687744
0 118.896103 284.615784 45.024239 37.997375
0 189.342255 590.998291 30.296143 24.782227
0 207.608292 495.222748 30.115326 24.909973
0 115.451691 355.937042 28.793884 24.069214
0 168.631317 489.075195 25.309784 21.776672
0 156.815048 632.655029 30.270691 14.690002
0 123.69294 125.337112 25.367508 20.657684
0 190.458817 547.001038 25.772369 20.421143
0 511.437744 279.314484 26.069977 21.943604
0 310.498322 537.344788 26.453308 19.981689
0 107.288727 378.983551 23.901031 22.106995
0 124.828026 399.211548 26.151657 24.119507
0 223.101837 517.991821 23.813446 21.2659
