0 145.254425 409.256409 47.243774 42.605835
0 149.600143 496.744293 47.34494 40.414368
0 62.688225 56.096619 32.670135 29.297138
0 19.236101 155.641281 38.472202 38.673676
0 227.940918 52.021862 38.161316 32.959816
0 108.332466 544.771179 44.831863 42.577393
0 224.222321 471.275696 35.893738 33.954712
0 471.708374 415.175476 28.291016 25.841736
0 527.704041 330.543823 32.830322 29.084656
0 411.126831 486.426727 56.729492 54.363586
0 294.085724 145.687592 28.922729 26.8396
0 261.036255 557.999939 40.097824 37.24585
0 114.941948 382.250671 48.638687 43.577026
0 214.755295 95.735092 44.186493 39.833893
0 264.468018 272.478058 25.593689 23.346802
0 117.825195 236.213959 130.240479 99.271286
0 330.490295 67.326225 51.980103 48.080338
0 280.191132 119.490204 34.263733 31.272224
0 435.841339 370.586334 91.739197 88.027649
0 366.474915 330.989227 22.11969 19.839783
0 524.15564 15.437806 39.945923 30.875612
0 215.236771 503.870911 40.298492 36.408691
0 376.261993 163.376785 24.16803 22.713318
0 208.334702 437.743958 31.480927 30.01062
0 34.051395 93.309265 35.847115 32.73732
0 95.486008 339.720825 23.272644 22.003662
0 322.470123 80.63044 33.097168 30.621521
0 85.288147 111.681282 21.505936 18.545654
0 178.803802 617.476807 35.301697 31.934082
0 9.408646 628.92749 17.210468 21.296875
0 312.319061 443.559082 67.308105 60.954712
0 185.654526 508.089478 22.783295 20.775513
0 340.149689 149.862122 36.17926 32.400269
0 244.00322 146.112335 24.994904 21.821808
0 261.850311 422.220703 38.082565 35.678772
0 93.92131 173.997284 24.557404 20.262482
0 168.223419 543.784058 71.619904 73.223877
0 364.751587 22.22337 37.454041 31.275078
0 502.610748 56.394768 29.721375 26.121582
0 288.968109 374.66806 18.287292 17.153992
0 231.45108 534.577271 45.376343 34.721924
0 25.249304 37.809906 22.738987 20.416489
0 470.337219 228.072433 16.970703 17.069855
0 249.281525 344.125214 22.371277 21.147339
0 199.836472 294.641327 22.665222 21.243103
0 303.195862 323.711853 35.581238 33.518921
0 139.438599 5.178429 21.807831 9.865574
0 543.255676 150.637085 39.116211 37.381348
0 111.987099 358.729309 27.003998 22.000244
