0 102.733681 330.727142 106.488663 101.132141
0 193.503677 250.671875 38.843323 36.115219
0 365.524902 65.017639 158.817688 129.07486
0 114.930847 545.924988 35.453308 34.873047
0 617.78833 250.80838 43.569458 40.132401
0 153.387756 450.206299 28.422638 26.618347
0 626.983765 58.024078 25.937622 25.978241
0 532.330688 10.958023 35.168335 21.916046
0 583.229797 354.526337 25.314819 24.095032
0 13.513136 415.829681 27.026272 38.592529
0 16.97261 590.088623 24.464348 22.444946
0 603.451355 591.554871 27.794678 23.644897
0 452.115997 123.684647 45.828064 41.347557
0 392.319336 467.693939 24.470459 25.642944
0 201.857086 505.395203 25.996063 24.484344
0 144.466309 510.998352 28.803375 25.771454
0 472.053802 628.641174 22.656067 20.087769
0 184.177856 181.318619 46.16156 45.941254
0 142.025726 489.308502 20.61441 18.53241
0 485.839722 527.248474 175.839386 168.057892
0 62.974667 46.036003 38.373665 35.579453
0 451.368042 587.584351 32.471802 30.010376
0 122.183876 492.585175 26.040054 23.174377
0 45.870144 513.474304 32.339081 29.16629
0 218.989517 521.134949 23.376801 21.272614
0 23.803026 91.246902 47.606052 71.465591
0 127.070412 529.427246 22.144791 19.054321
0 524.909668 109.384926 19.01001 18.607712
0 635.386536 277.777008 8.260376 25.786072
0 260.309021 520.067993 25.038696 23.873291
0 506.566467 114.3284 20.213287 18.992996
0 444.890991 316.766022 107.481934 103.368652
0 616.177734 410.387756 18.560425 17.390869
0 17.139725 509.807495 31.763231 32.490356
0 613.893738 230.504791 24.373535 20.451385
0 73.330688 629.42981 20.47559 18.523804
0 484.071381 255.531937 30.785828 28.538849
0 111.107063 439.715271 19.556549 18.87915
0 26.435486 317.22998 45.029205 38.131042
0 4.190166 436.961761 8.152678 20.308411
0 101.205284 600.298462 33.90686 32.543823
0 568.47699 130.606888 17.112915 17.251007
0 100.94017 580.326111 22.780945 19.309082
0 47.478203 489.606201 18.837654 18.134888
0 37.473091 345.834045 21.794609 19.115479
0 144.652893 554.698853 25.234436 22.683228
0 624.703796 326.340118 15.049438 14.148071
0 224.823013 502.953308 21.025269 20.073517
0 170.503296 105.156586 19.652527 19.205429
0 377.25589 491.303772 20.293945 18.2995
0 534.384216 470.583618 22.848633 21.647461
0 632.387451 339.130798 15.225159 17.453552
0 633.876343 596.639282 12.247375 23.908203
