0 321.361969 474.870972 208.100525 200.158691
0 124.750015 527.26239 31.88736 30.30896
0 101.109711 626.194824 22.273148 21.564941
0 37.40403 450.15329 47.216263 44.91272
0 480.877563 11.501476 48.279358 23.002953
0 527.14209 310.947815 30.476593 28.544556
0 10.985362 303.047668 21.970724 28.437927
0 584.76532 164.05452 93.702881 78.503075
0 64.718719 27.455696 103.086838 54.670517
0 284.997253 261.014648 22.36438 21.443161
0 507.078247 149.266769 63.942169 63.406303
0 381.944427 336.609283 46.714722 45.503967
0 116.919662 159.367966 21.834595 21.477478
0 510.871338 84.947182 55.509399 47.951435
0 605.627869 600.59552 18.181763 17.550049
0 583.790222 47.538036 50.3479 44.351707
0 189.234161 199.122543 22.324646 21.0914
0 215.916718 263.686951 20.719635 20.365799
0 362.075348 630.578552 41.158386 18.427856
0 320.195587 160.815018 50.767944 46.787598
0 57.85981 243.389328 114.789261 134.880096
0 236.763901 208.926315 18.657654 18.107544
0 450.674438 53.476761 46.824707 40.340317
0 94.375229 375.565552 35.349411 31.310181
0 161.224915 290.926483 23.162537 21.408875
0 565.32666 299.579041 42.604248 34.202026
0 557.505676 418.621826 18.565796 17.354126
0 18.326513 617.364929 36.565342 43.397461
