0 108.070839 49.47583 54.120438 42.729828
0 420.162292 311.520325 33.969543 27.670105
0 532.28656 414.400269 28.391724 23.933655
0 199.649811 333.027985 31.663513 27.489807
0 456.315765 588.188538 110.386841 93.77124
0 445.977692 466.13031 99.680847 67.874268
0 324.198547 493.370239 64.119202 54.541473
0 176.436417 604.075195 152.340973 71.849609
0 173.128464 293.532898 26.774445 23.110352
0 289.931519 41.923309 24.986389 21.11985
0 73.908661 286.490295 143.60437 133.271423
0 564.770813 576.591125 57.750244 46.411987
0 120.876152 146.131531 25.954544 20.099304
0 32.381001 617.267944 64.762001 45.464111
0 53.929543 115.095383 29.125183 25.957184
0 568.516968 560.718384 95.796631 71.436279
0 157.416565 280.885437 22.175903 19.674988
