0 455.616089 223.975235 49.99408 44.543304
0 540.205627 198.123764 59.209686 50.073029
0 443.768829 370.154907 20.464539 18.708374
0 61.503075 103.649643 21.833984 20.480804
0 205.897308 240.940491 21.429932 20.187683
0 18.086605 629.093506 35.85788 20.751343
0 205.753372 466.270111 21.188812 19.707764
0 180.507355 420.786011 19.603943 17.586243
0 514.977783 354.41098 23.860077 21.679138
0 280.761841 111.554634 24.996399 23.451691
0 534.779785 233.025848 71.273285 63.350967
0 340.326202 303.652618 29.919922 27.547302
0 559.921448 401.342133 20.873413 21.849243
0 193.770096 398.33551 19.251282 17.229309
0 528.628235 524.665161 222.74353 224.024536
0 578.783508 258.170288 35.477905 38.739365
0 384.366211 322.772858 31.041199 27.518311
0 302.158875 149.081955 82.451416 73.487854
