0 182.538727 596.987305 40.775574 40.306519
0 486.762878 211.883469 58.940094 57.500214
0 150.012619 562.737427 29.506989 27.543945
0 528.657104 316.804321 110.297882 97.205017
0 390.071869 397.672089 34.00061 31.753296
0 307.847778 20.634392 37.380615 37.027832
0 75.904869 286.061066 27.316162 25.905273
0 400.42804 486.832703 148.246033 113.486206
0 457.667755 335.971436 25.156372 24.634766
0 584.103271 10.749033 35.035278 21.498066
0 539.616516 51.553162 29.692871 28.354557
0 600.421265 44.946228 40.380005 35.766113
0 231.224518 12.083729 27.323181 24.167458
0 101.980759 18.20232 65.131531 36.40464
0 193.482071 274.076996 23.557037 22.608215
0 453.864746 56.471317 31.034302 28.08062
0 344.972565 290.276337 22.716064 20.176147
0 88.162804 153.379044 25.47049 23.816345
0 549.855164 232.016693 60.707886 57.64917
0 593.216309 490.210999 57.217773 51.446625
0 89.730957 174.107025 29.694427 27.787201
0 324.526367 372.466827 20.332092 19.836609
0 148.256287 9.653139 24.227081 19.306278
0 602.340454 302.204346 75.319031 184.060486
0 233.620483 109.414627 272.761597 218.829254
0 628.7323 92.738159 22.535339 32.616592
0 399.209473 129.718292 144.826904 147.735718
0 294.877899 197.143311 86.438538 80.24411
0 404.138885 271.337982 81.03302 70.70549
0 382.781616 424.747986 20.641296 18.092773
0 534.683472 562.57251 209.375244 154.855042
0 43.390877 139.865433 86.781754 138.354767
0 97.416519 210.171616 20.325043 19.379669
0 383.416504 253.465347 115.114563 98.488922
0 25.949749 43.970726 35.023308 28.661573
0 45.638687 70.973862 45.002987 38.034119
0 309.572662 545.957825 54.728577 41.195801
0 490.868896 29.137566 191.286102 58.005264
0 143.265167 437.664062 111.746521 89.360962
