0 321.820221 583.195862 142.978516 107.821533
0 223.717209 587.21106 34.547394 29.354004
0 152.005936 574.650208 27.180145 24.487915
0 121.231171 22.774765 55.510139 44.432289
0 526.375366 592.512085 31.412842 26.585693
0 415.506897 625.249939 28.404053 24.62561
0 138.461288 544.132324 25.20768 23.410034
0 131.643051 382.179199 209.599701 143.709839
0 285.06189 526.552002 63.211807 56.056396
0 361.024414 447.888977 40.413391 36.889954
0 91.548775 162.85051 23.070648 20.821442
0 54.701759 178.746643 56.587021 48.728333
0 35.205261 524.709961 70.410522 166.852905
0 213.575912 197.965698 23.091003 21.142242
0 320.398041 55.233383 55.494751 46.627457
0 620.540039 631.483032 20.260498 15.931396
0 534.168091 481.822876 23.895508 20.569641
0 77.41201 627.011719 46.941483 25.976562
0 335.972748 236.219131 24.733154 21.827057
0 234.616394 409.45752 47.118713 45.575806
0 297.775818 510.71463 62.68158 53.260925
0 51.142857 319.283234 95.765602 80.920898
0 470.878723 65.61618 256.034271 131.232361
0 104.32267 84.396362 19.729568 17.785797
0 614.733582 21.061806 50.532837 42.123611
0 490.450867 583.751465 38.36438 34.710693
0 407.876862 571.840027 33.388611 31.972046
0 559.291931 624.04187 62.803345 31.469727
0 22.274593 10.229413 44.549187 20.458826
0 158.346802 10.056302 31.382996 20.112604
0 133.292511 630.315857 21.616859 16.328491
0 29.274128 49.101639 44.684196 39.016354
0 406.211945 45.255714 130.797852 90.511429
