0 72.091888 109.728897 47.618423 40.899712
0 155.30748 399.593842 31.803864 28.257141
0 616.493713 364.312927 30.694824 25.149597
0 200.104706 523.150146 38.713104 34.379242
0 23.259472 345.778412 33.977974 28.871521
0 220.884125 555.471863 26.507996 21.953857
0 601.100159 31.876167 74.32019 61.294724
0 116.080666 392.484833 35.271591 33.066772
0 80.37439 409.261536 50.081238 42.754089
0 314.370941 582.027832 39.044128 35.036987
0 374.262299 599.166931 86.898254 76.439575
0 193.405823 569.879517 34.290558 29.987915
0 612.355896 510.856873 28.929199 22.460907
0 568.785095 9.563869 44.788574 18.776405
0 450.57019 468.68454 24.706848 20.010498
0 195.659119 277.31897 24.316315 23.403198
0 439.507965 608.508972 22.688293 20.071411
0 292.92923 63.680588 107.513184 94.819061
0 457.846283 17.45845 30.690125 27.600998
0 34.798767 571.090393 24.397774 20.529419
0 319.646484 498.184204 26.140564 25.197144
0 234.402695 633.924316 22.517639 12.151428
0 552.228455 312.408478 24.02417 21.210205
0 341.17337 632.281677 23.030701 14.820435
0 576.01532 555.19397 58.948486 50.127686
0 235.078308 469.126892 24.108856 21.841675
0 46.816845 553.640747 21.29261 18.494629
0 75.588333 305.626068 39.599258 32.797058
0 293.026367 610.807495 34.004028 27.23291
0 466.801544 634.410767 23.477417 11.178467
0 314.20871 548.470886 28.014404 26.011597
0 32.320557 413.159241 59.321289 52.379456
