0 172.477417 283.351227 70.118347 70.058716
0 156.143753 115.110573 32.673187 29.853012
0 179.522354 341.49527 45.888397 42.072937
0 431.98584 153.982315 68.353455 60.943817
0 599.753174 147.006821 80.493591 108.514099
0 63.850647 446.608337 123.361298 181.850708
0 288.864929 205.568771 49.130493 43.188324
0 127.108109 345.016937 30.072815 27.509766
0 19.927217 524.517273 39.854435 41.442261
0 284.601746 182.347336 20.820862 20.754181
0 249.294006 598.488708 24.157394 22.802856
0 479.088074 292.854706 37.88031 36.793457
0 139.300629 550.39679 66.999878 55.43396
0 14.311611 574.502441 28.623222 45.673218
0 557.708984 393.85376 156.586517 263.815399
0 134.290695 527.140564 38.675774 33.097168
0 154.703583 149.708649 26.309326 23.623779
0 92.959885 341.753632 20.302734 19.581421
0 352.12973 439.098267 37.453796 32.564819
0 462.391052 610.375549 49.563416 46.510986
0 160.478226 238.0242 21.991547 20.06662
0 41.534229 617.348022 51.85183 42.050903
0 29.237679 207.561386 20.218185 18.87326
0 150.823334 393.523254 89.461128 89.389587
0 99.584084 8.797538 24.300018 17.595076
0 588.155762 83.692932 20.202759 20.538788
0 517.807251 219.00116 140.500214 116.045471
0 354.507751 274.367004 50.969788 44.756424
0 278.990356 307.141724 93.171677 75.036255
0 259.75351 630.713257 35.871948 18.573547
0 203.443237 387.926056 35.378815 32.315308
0 7.341655 323.711731 14.646383 20.606567
0 102.285271 262.899292 106.4879 100.020935
