0 365.652435 91.663971 37.213135 33.622009
0 14.046854 116.561325 25.776085 25.99456
0 212.987015 352.515839 26.318329 24.391479
0 293.277649 554.075439 23.962402 23.892822
0 350.953674 122.131172 34.872192 32.545364
0 284.878723 92.97747 25.16864 21.693512
0 210.222504 336.579346 34.25116 30.637024
0 196.446045 284.17926 29.643829 27.767273
0 142.222412 302.545685 65.589111 56.59845
0 233.711273 220.684479 21.92514 20.111481
0 131.948425 513.875061 26.074982 22.225739
0 355.373108 128.532806 23.190918 21.911308
0 207.929733 267.755219 23.284088 18.632019
0 400.040558 164.592926 30.495911 26.553223
0 561.851868 420.095215 18.818726 17.036072
0 165.628983 268.061066 25.351685 22.667969
0 260.478302 555.75885 32.996033 26.203979
0 408.697693 183.577957 25.020081 23.424072
