0 448.299194 523.311584 223.58194 185.293793
0 222.702957 516.863037 29.486664 25.200195
0 191.016907 292.51651 73.137177 64.524597
0 294.995636 444.373871 29.059631 25.322815
0 99.379456 197.414764 93.153862 84.190796
0 287.29248 111.004715 246.609726 195.594208
0 531.846252 92.580688 21.258301 17.555878
0 77.610535 19.049284 68.082489 38.098568
0 626.945801 158.541077 20.303101 17.918884
0 587.958862 499.626221 104.082336 180.933807
0 571.65387 204.839005 19.720703 17.525299
0 598.53009 603.77533 73.970459 70.707031
0 155.707245 157.022675 28.612793 28.110443
0 279.261383 225.456757 21.169373 17.758514
0 563.451904 449.151276 101.578735 83.669861
0 109.187584 530.532166 22.394791 19.764038
0 241.290878 632.491211 26.81192 13.098755
0 580.141968 340.869934 25.396729 21.39624
