0 495.665314 93.610657 72.937683 61.834946
0 545.808838 517.003784 68.250946 53.91748
0 267.834778 526.534363 79.419846 62.755371
0 416.72464 91.609795 50.880676 43.684235
0 149.973145 229.543335 33.5495 29.725372
0 76.954803 611.832031 72.119934 56.044678
0 568.384094 388.840698 41.86853 33.113098
0 328.312866 230.722168 43.605896 36.689056
0 401.412842 196.500122 56.039795 47.567963
0 154.353821 264.058228 32.574524 27.264023
0 209.976715 360.448975 42.005798 37.343445
0 496.332275 13.354246 38.66333 26.708492
0 174.284683 197.213181 58.733185 50.991913
0 252.200989 413.235046 43.491348 37.639526
0 523.543518 597.267151 50.42041 45.028687
0 507.247894 144.280045 53.826843 43.426025
0 567.813782 18.195747 30.138184 23.732941
0 429.180756 58.500034 46.456482 38.547112
0 484.830566 291.708435 28.39447 23.957214
0 272.852112 252.580841 91.942322 86.615601
0 186.124481 568.445679 122.915955 98.312012
0 555.402771 227.360382 30.26001 26.479065
0 321.354309 508.802185 39.439575 31.641815
0 315.001923 486.187561 76.539612 67.158051
0 90.515778 69.469086 43.200363 42.4832
0 544.762085 331.132141 190.475769 216.291321
0 345.787109 316.142303 50.236633 41.771118
0 81.399628 318.08078 36.480423 30.280396
0 252.59549 185.413223 26.501633 23.364227
0 446.812622 35.554344 25.342041 23.173555
0 376.984161 370.466919 162.139343 156.246033
0 562.372314 591.503235 27.337158 25.176636
0 11.090294 371.185333 21.76947 85.228882
0 604.669922 526.453979 70.660156 174.428497
0 134.324203 50.434219 33.06134 28.602818
0 126.657494 313.277435 32.533585 29.801514
0 128.713211 21.905453 30.996735 27.111441
0 586.339844 137.462234 25.766479 21.870789
0 197.629379 196.060226 22.863251 22.453186
0 529.995667 477.513428 30.469116 29.268066
0 73.865181 361.75882 107.369202 92.954712
0 629.332764 171.50943 21.334412 37.660492
0 205.666214 460.113373 258.994354 176.156311
0 41.594261 262.160767 28.004089 25.385727
0 102.448776 14.96977 32.846298 28.138603
