0 323.243805 519.351685 56.633789 54.459381
0 512.889282 184.599442 53.764374 49.289185
0 102.742195 40.254837 37.359009 36.620941
0 588.528564 71.779099 38.084595 36.027157
0 128.37616 65.93425 27.674408 25.050838
0 627.512512 103.79216 24.974976 27.503662
0 14.84724 242.152344 29.694481 34.580582
0 58.418747 270.877747 22.724854 21.786682
0 465.284576 546.850525 23.296082 23.071899
0 302.236633 65.557358 18.071289 17.433498
0 231.508072 233.939636 20.710083 18.934204
0 65.564171 466.372894 20.578003 18.505249
0 236.522736 170.141403 20.129333 17.410706
0 243.81369 486.907043 20.591309 18.417236
0 370.677673 113.482094 295.463257 226.964188
0 187.545197 39.216805 16.866516 17.483141
0 241.941162 436.723297 90.524719 79.777954
