0 586.671753 127.00029 106.656433 153.744904
0 521.415649 122.499054 24.731323 23.725189
0 49.738914 332.684692 28.106537 24.65625
0 33.990658 512.41803 29.312439 28.215454
0 439.006744 115.281456 30.679321 28.484116
0 505.2771 149.144058 21.779449 21.585052
0 558.971252 228.995529 27.882202 25.228912
0 293.949768 273.378571 25.564758 22.269714
0 510.249847 251.710358 21.830139 20.5392
0 146.631653 478.570648 19.94046 18.564331
0 452.505249 361.532013 20.624512 19.598694
0 126.97966 445.108185 19.710304 18.881592
0 216.71019 269.250793 24.384369 21.655212
0 376.737854 628.747681 27.252686 22.504639
0 230.345703 474.228851 32.620117 26.359253
