0 171.551178 73.897446 89.140686 79.571594
0 440.824982 431.296692 68.803833 65.531128
0 122.749603 23.472324 66.090424 46.944649
0 296.380341 583.484802 62.719055 55.40332
0 291.52655 11.773069 35.793945 23.546139
0 182.478348 494.252167 30.262909 28.039368
0 258.515594 413.34549 102.397964 90.070618
0 532.287842 48.319668 29.553589 27.610565
0 246.464493 627.262329 28.987274 24.412231
0 565.842712 124.685577 56.860596 51.839424
0 403.502686 279.191315 60.293945 56.309982
0 377.507812 156.540009 67.703308 58.626129
0 32.454758 271.278992 64.909515 68.978821
0 425.521881 181.486954 54.454285 46.441895
0 535.353088 529.055969 48.01709 43.607819
0 243.918991 449.978668 47.270111 43.99823
0 284.201508 177.099213 44.652527 42.587891
0 472.967926 357.641113 54.750427 51.030762
0 192.398346 266.941223 106.480408 90.919861
0 353.259033 122.630753 42.840088 40.486267
0 250.44577 223.545044 87.663528 79.352905
0 250.273224 534.378418 31.930252 28.595459
0 346.899139 372.280334 46.416077 41.015869
0 353.558838 569.891235 25.024475 24.2229
0 411.234985 586.497437 64.341797 54.541016
0 339.485382 617.71283 63.742126 44.345093
0 118.468216 288.9263 46.740944 39.934998
0 633.969482 94.102303 12.061096 25.382751
0 607.667236 166.763504 64.665527 81.984947
0 502.184448 555.337463 65.140594 55.667969
0 511.063599 412.375946 76.383331 72.220276
0 393.500183 63.493484 39.624329 33.999119
0 539.137817 14.663477 52.441162 28.47974
0 396.537262 353.737762 45.6651 37.748535
0 621.776245 419.759125 36.447449 42.723755
0 609.949707 270.222961 60.100647 73.346741
0 268.144684 108.148552 47.036667 38.499069
0 302.234009 517.320923 56.401794 49.378632
0 375.477783 422.799835 44.374756 40.365112
0 549.756714 185.897049 60.181641 49.802521
0 563.507507 556.775391 55.136841 46.581909
0 102.257423 58.887924 49.981735 47.268311
0 528.920654 624.304688 74.861816 31.390564
0 309.397827 86.105583 38.130432 34.213272
0 535.57196 484.390991 36.514404 30.924316
0 408.351868 336.418488 46.003418 41.342896
0 347.796143 32.782578 104.10675 65.565155
0 354.127014 497.35675 37.686829 33.49472
0 265.965546 62.966213 55.91571 52.316338
0 542.442505 201.681198 44.185791 36.772034
0 594.410583 516.968201 63.273071 52.959351
0 415.365784 18.192881 33.081665 31.462238
0 621.382996 141.772598 35.054688 41.300293
0 602.581665 37.350769 37.930298 36.136513
0 178.212738 10.291599 54.897003 20.583199
0 175.060516 471.699036 19.248505 18.05603
0 453.160217 251.253784 43.652893 38.934341
0 157.562653 130.157303 80.901581 69.544456
0 500.553162 167.889648 45.161285 41.765747
0 234.217224 137.602325 79.323547 72.759399
0 26.132427 63.710388 51.994492 57.426926
0 386.536682 619.776062 36.866882 34.031128
0 430.056763 542.291382 55.990845 48.256104
0 396.664429 209.822632 32.051392 27.575745
0 544.325256 358.62027 39.585449 33.982605
0 435.290314 9.164274 46.444946 18.188442
0 544.797607 157.263077 42.065674 36.911011
0 178.997009 366.962067 20.638153 17.847412
0 206.848541 324.967041 37.322662 35.360901
0 585.883057 211.103607 49.024292 43.103088
0 240.120804 27.950119 36.696259 34.126305
