0 478.912903 163.62825 149.62912 129.177765
0 130.981064 238.84111 121.694336 102.07962
0 484.574402 496.578674 62.826324 59.424896
0 59.36718 305.69986 63.070175 59.016357
0 117.208824 452.064636 37.423172 39.277283
0 16.397549 33.68401 32.795097 37.157738
0 593.476074 330.955963 92.951294 89.061584
0 25.955647 527.563232 51.911293 59.133423
0 570.660278 415.84198 68.560303 62.174438
0 91.436523 519.93927 45.619675 40.611084
0 554.211975 277.361847 47.588745 42.40686
0 27.935505 11.864878 32.444221 23.729755
0 224.564941 317.653259 32.601135 29.077393
0 235.358139 457.106995 40.398071 38.879639
0 135.924835 496.420776 36.211426 31.817749
0 12.65944 304.674194 25.31888 30.877075
0 232.162811 49.068096 36.540436 33.240913
0 579.593994 251.683014 42.334229 35.635635
0 597.132141 452.335419 40.839844 35.467285
0 418.885193 343.96991 48.137573 41.423523
0 616.550842 175.974747 21.713623 21.528931
0 207.751129 594.537292 39.273224 34.560791
0 142.528427 37.68737 115.706238 75.374741
0 407.89093 238.849182 30.754517 28.866577
0 79.550156 613.50354 23.042816 22.098267
0 626.74939 152.001617 26.501282 35.853149
0 253.021088 196.808762 41.290894 36.273438
0 381.775269 141.950073 60.770264 50.684357
0 103.748642 384.162872 27.739807 25.820984
0 361.832825 414.770294 40.761292 36.475342
0 210.85022 362.296814 66.661926 62.749939
0 291.794006 296.590454 115.895996 99.801208
0 258.445374 98.219933 31.408691 27.517502
0 128.942841 348.221405 26.390472 27.003113
0 134.917801 134.953629 22.893188 20.549347
0 196.069397 310.127258 21.119446 18.605408
0 332.360901 312.789948 33.440063 30.427429
0 230.181137 614.884521 31.059509 28.146973
0 24.238766 72.596771 38.513283 34.802731
0 601.953003 614.564819 75.416504 50.8703
0 519.807007 336.965881 63.627197 61.384216
0 585.323242 99.066002 24.793213 23.9599
0 498.329468 9.909998 57.568939 19.600269
0 69.70929 557.748352 45.868378 42.439453
0 361.536835 293.111694 32.989075 30.995911
0 26.123693 586.364014 52.247387 47.507568
0 536.295471 502.802246 24.442383 22.486603
0 497.734772 626.152832 31.989685 25.608276
0 189.119019 113.928818 34.978455 31.542198
0 243.786865 221.583862 26.655396 23.24704
0 607.118713 200.467361 23.38916 21.075775
0 171.258759 41.386902 35.955688 32.229797
0 281.891907 5.654084 25.253235 11.308168
0 202.919769 627.44165 26.411682 21.575562
0 297.24472 426.793365 21.442993 19.034912
0 493.52832 334.953522 27.117249 24.17926
0 161.057953 350.298248 35.826172 31.362305
0 86.488129 174.489578 20.955429 19.023743
0 372.464478 78.77597 249.386414 157.551941
0 137.167511 616.152832 45.310463 38.706421
0 450.471954 330.681458 32.316528 28.808411
0 258.513794 376.31308 29.934509 25.987488
0 304.285645 237.051102 27.259033 25.939484
0 292.117462 156.488953 34.590759 30.494019
0 219.770889 281.965393 35.451813 32.283081
0 437.10675 604.825745 25.347107 23.677368
0 423.695221 281.380005 25.56073 24.135437
0 53.873726 552.541992 18.003387 16.684082
0 240.019836 629.199707 44.045776 21.600586
0 419.679565 308.671722 26.902954 25.165527
0 527.297424 340.367249 41.879425 37.985901
0 296.565826 521.893127 26.863892 23.857025
0 602.529724 232.86145 27.693481 25.43045
0 532.815979 27.0844 65.932251 49.471001
0 591.043518 113.291092 26.301758 22.264023
0 178.676865 91.393654 37.836334 32.528061
0 629.963196 462.119385 20.073608 38.436218
0 62.503147 603.240356 33.274803 31.250122
0 562.344299 84.691162 28.961304 23.527908
0 398.212524 563.695312 31.548828 27.395264
0 50.713196 633.440796 29.148495 12.342407
0 403.647766 74.646584 20.059937 17.434372
0 546.257874 390.173737 37.923706 33.808838
0 237.926147 585.71283 20.580688 19.766724
0 371.033447 253.778107 20.739929 17.46907
0 465.767517 567.890869 45.790527 39.317261
0 34.773914 567.92981 19.422098 17.270142
0 16.881092 625.061401 33.762184 29.877258
0 378.968719 376.748383 46.024536 38.296875
0 151.602463 115.131363 23.869598 20.651367
0 166.592606 611.538391 20.924225 19.151123
0 612.869995 190.129135 22.670288 25.752655
0 528.830566 344.534485 27.37793 24.468933
0 367.917999 186.281509 62.142029 55.002838
0 393.485687 308.262634 43.806152 37.819885
0 29.990891 571.717651 40.637222 38.239014
0 376.102173 136.355927 99.172607 80.540215
0 438.947693 632.990784 18.882874 13.910645
0 250.705688 602.166748 26.007248 21.894775
0 612.665649 391.838928 49.911743 50.07196
