0 23.378765 322.463104 43.034218 41.087769
0 150.446274 36.896404 31.323517 30.185083
0 582.306763 239.800888 30.068359 27.573517
0 23.755077 82.054535 37.910675 37.79866
0 523.62854 338.406372 24.610229 24.379456
0 472.097778 175.061478 24.044067 22.544983
0 110.251434 447.716156 22.735596 20.286377
0 368.938354 625.269348 19.709656 18.167847
0 64.165871 167.010742 21.402435 20.133148
0 303.061737 256.691284 19.662048 19.768311
0 298.805847 433.696869 18.235107 17.487732
0 52.419777 325.266266 18.851089 17.916809
0 356.881195 381.106415 19.640808 19.230469
0 253.814499 620.108948 59.755524 39.782104
0 165.001617 497.302582 19.929749 17.374634
0 578.040771 480.368256 16.139771 15.529785
0 634.67395 531.311401 10.6521 19.153809
0 85.697052 24.83197 20.510895 18.698158
0 41.826031 126.183022 18.028999 17.569931
0 416.251831 117.611031 28.0979 25.440201
0 70.740509 337.923767 141.481018 150.633362
0 131.422791 218.356445 52.813965 45.1026
