0 272.100037 27.235695 49.78595 39.996223
0 50.018311 541.779236 63.532425 54.358032
0 499.704285 356.160522 112.540619 92.103088
0 45.380363 313.512268 86.250046 78.84436
0 217.631409 626.837341 43.054382 24.734131
0 446.425079 44.897743 30.880798 25.274185
0 189.739365 320.822876 69.03479 60.92981
0 585.163635 148.865295 109.672729 101.923859
0 248.252655 67.736069 28.871216 27.185596
0 222.25621 40.616676 40.056427 36.255524
0 590.270386 417.955292 80.925659 70.712219
0 204.826111 14.23148 32.249207 27.101704
0 14.643525 342.08017 29.28705 48.921326
0 292.149719 618.646301 26.660767 23.824097
0 131.601273 365.508484 31.098389 27.411743
0 494.981628 226.538651 38.618134 33.237183
0 604.264404 317.289124 24.611938 22.470215
0 210.396576 68.602821 31.571167 30.77533
0 333.323608 278.411652 254.373474 194.641235
0 136.195786 417.917542 113.907959 92.037231
0 445.945099 387.443115 32.111694 28.729065
0 484.212433 413.989624 22.945435 19.275208
0 549.791321 523.763428 170.386078 148.397827
0 501.979218 286.696167 43.469177 41.419434
0 522.81073 195.741272 38.796356 34.557068
0 390.927612 168.875137 37.972473 32.565399
0 513.487244 611.622925 73.970123 56.75415
0 244.027435 285.08783 25.456253 23.21582
0 53.746765 142.05603 107.49353 143.885986
0 39.568375 256.434357 40.945709 37.539368
0 99.744286 488.653076 41.60054 31.564514
0 106.022324 165.639923 28.96405 25.867371
0 94.330353 596.313599 31.659271 25.536499
0 502.608826 302.565063 42.247223 34.937622
0 84.313721 561.020996 31.986771 27.439941
0 28.690994 384.036774 57.381989 57.808655
0 360.133179 100.298767 81.43811 70.842163
0 130.767899 465.994446 20.820465 18.919128
0 249.610016 124.771698 44.901871 41.008232
0 226.127884 152.984787 43.505066 38.385651
0 28.865391 5.880545 26.74386 11.76109
0 66.467262 65.835518 34.750366 35.095169
0 551.232056 95.900444 46.524048 39.199951
0 17.232677 506.51062 34.465355 49.730347
0 588.472961 619.274902 23.408081 22.094849
0 418.155579 590.263977 60.166077 54.90918
0 189.07753 480.833374 25.106842 20.652466
0 558.272766 452.555145 32.78833 30.28595
0 603.55719 600.54541 37.749756 34.44519
0 215.98967 28.417839 40.693604 44.953949
0 453.689026 88.272659 18.722168 17.095444
0 599.710449 336.3125 21.785645 18.89325
0 12.621725 579.562378 24.071041 27.450562
0 52.68335 518.889282 42.023758 32.670166
0 629.057251 584.262268 21.425903 26.689331
0 36.305088 27.095135 46.889183 44.107719
