0 540.254578 164.174011 33.340576 30.661682
0 131.281525 63.037331 68.972961 62.789783
0 187.924942 280.718109 34.066467 30.917236
0 613.679565 104.428139 36.720093 32.024948
0 41.628738 553.03363 23.997877 22.519531
0 111.344772 470.42804 18.576904 17.991638
0 525.416931 121.563034 35.373291 36.006805
0 172.983337 227.490234 43.034668 39.559418
0 168.350327 97.826515 27.942627 24.98349
0 314.482849 499.003479 23.124023 22.222656
0 136.853394 106.456085 30.403137 28.848343
0 594.538147 285.309143 18.685669 16.827698
0 580.64325 610.913025 25.542236 22.404907
0 161.159607 13.633738 56.336884 27.267475
0 83.423431 534.594604 21.05751 18.168701
0 551.552185 99.849922 23.743652 23.86171
0 543.012329 78.03582 21.693726 19.926208
0 64.929047 251.697571 125.458084 131.638443
0 393.26178 128.805542 18.761108 17.508507
0 4.627698 134.841599 8.331467 22.116913
