0 578.333923 533.521667 73.439209 63.344574
0 427.901215 202.224915 124.667114 107.739029
0 163.421341 475.99234 40.84668 36.782776
0 47.763756 202.474289 33.700054 30.385162
0 412.310333 426.281952 33.515686 31.608704
0 42.929314 519.412781 33.578156 30.086914
0 145.081177 79.299408 40.661072 31.589828
0 352.404388 405.566925 53.304321 45.251343
0 381.299133 279.045624 63.268372 57.021225
0 583.864746 51.786194 112.270447 102.896393
0 214.001251 56.240997 92.022751 77.44281
0 14.613445 272.907623 21.915436 20.161926
0 219.731232 448.494354 43.786346 39.194336
0 147.24353 10.641857 29.136597 19.123055
0 249.659012 6.235307 22.982086 12.470613
0 455.160675 368.776459 48.679749 42.764648
0 529.411926 272.170288 30.457642 27.873169
0 332.046051 33.763069 42.899536 38.556435
0 310.146545 247.343811 22.997803 19.501526
0 507.260437 15.006693 91.461823 28.620316
0 439.804565 87.501869 73.422668 62.21452
0 105.807358 411.108917 41.496185 38.520081
0 223.822388 483.595093 25.746307 24.053589
0 99.611946 353.419403 21.377426 18.334351
0 160.845734 330.451538 46.361328 40.49646
0 260.88147 623.637268 57.142273 32.289673
0 596.623596 337.763428 31.752808 29.204407
0 290.378571 520.574829 20.043457 19.200928
0 345.850464 241.773865 52.943787 49.744446
0 433.410767 286.304382 26.041992 22.681152
0 489.882202 44.849442 115.750122 86.829987
0 567.095703 393.919556 54.844971 49.01062
0 101.026428 633.649719 28.31813 11.380859
0 65.1492 505.863464 30.869812 26.964874
0 299.592194 337.199036 113.481384 92.966858
0 396.556061 401.279297 30.038879 27.796448
0 298.541199 454.879303 108.910767 86.718445
0 355.950012 400.324768 23.343628 22.851807
