0 210.576172 234.304901 246.59436 223.694275
0 58.916473 463.760468 33.457748 29.246521
0 55.032135 596.090393 33.099777 30.876953
0 201.205933 367.653778 28.682312 27.534485
0 226.62442 536.022583 23.317322 23.113037
0 103.444366 113.001625 204.16333 226.00325
0 11.780478 529.871887 23.560955 28.641479
0 450.908386 26.705984 30.187805 29.441547
0 193.435471 566.466309 29.288544 29.515015
0 358.856415 13.669304 54.073669 27.338608
0 176.181442 595.255127 25.25708 23.969849
0 407.329529 423.623413 23.509521 22.593079
0 72.087151 533.612366 24.131115 23.676392
0 77.663185 591.80719 19.623245 18.820312
0 161.550278 456.46463 26.690033 23.76709
0 450.505127 111.400307 20.776855 20.384079
0 23.906223 250.08931 47.812447 84.066254
0 18.240047 586.962891 20.409019 19.322998
0 166.623306 575.643555 24.268829 22.418335
0 505.583954 294.168823 45.682312 41.396362
0 34.066189 440.28244 24.28187 22.440552
0 42.948341 634.992432 23.133278 10.015198
0 258.091248 33.5452 29.501526 31.301506
0 78.639137 363.502655 98.551315 89.969849
0 140.651077 521.388733 22.393127 21.634766
0 123.280167 262.407288 18.78701 18.891129
0 67.270325 624.578491 36.244724 30.843079
0 116.165085 598.67511 47.028862 44.145142
0 204.570541 33.548351 91.044434 64.188087
0 102.416367 625.457275 69.866859 29.08551
0 414.38089 523.303528 58.951904 54.935822
0 33.651405 466.611206 19.776747 20.554749
0 355.53833 494.164001 62.841003 53.639404
0 486.683105 15.312998 52.677948 30.625996
0 162.075424 634.275085 20.992065 11.35498
0 282.902069 525.963684 17.030762 15.622925
0 122.874825 380.952515 21.645828 21.132812
0 255.437851 370.012848 24.024811 22.79071
0 470.088409 102.514771 34.670837 32.436676
0 98.42836 516.037292 18.258331 16.624359
0 125.448288 552.280457 24.440521 22.042236
0 65.586678 332.316681 127.040024 134.00293
