0 361.464417 109.580055 79.24823 73.095566
0 262.467499 286.302246 30.169174 26.895386
0 174.971313 460.260651 93.412354 83.708557
0 622.902893 579.860229 29.035034 27.551758
0 333.535126 249.666718 80.424622 73.174973
0 548.314148 130.497894 35.702637 34.766106
0 443.733978 108.089127 28.903076 26.380203
0 77.08548 369.223206 154.170959 218.839966
0 31.445007 208.671356 52.163498 50.634949
0 412.241272 166.294281 32.148865 28.253662
0 106.963593 71.146049 35.079376 34.726055
0 601.849609 563.837219 31.837646 30.104614
0 253.458252 422.256805 32.642838 29.61554
0 232.311691 18.653227 21.073547 20.152756
0 189.163589 81.300873 42.095856 37.833603
0 590.031128 522.693481 29.750122 27.62439
0 528.417114 508.301025 26.197876 24.574188
0 553.825928 459.121155 24.09082 23.444519
0 328.651062 55.654968 23.643066 22.804932
0 78.765923 225.836685 20.679611 20.757355
0 68.417297 92.813065 63.404205 53.638535
0 523.789246 430.022736 27.135498 24.696472
0 125.181671 278.816132 33.203522 31.079895
0 520.451538 456.372009 21.597534 19.989685
0 262.041473 8.081808 28.081909 16.163616
0 404.661652 622.509705 52.67395 33.838379
0 351.98291 315.365601 22.319458 22.251465
0 6.796561 149.075699 13.385626 21.171051
0 527.129761 536.344238 29.640869 26.441528
0 595.652832 62.501656 20.256348 18.897858
0 472.449829 13.459419 81.411133 26.486107
0 571.044373 12.261063 21.123413 18.64922
0 351.998596 225.781372 48.173096 43.570404
0 375.593475 18.430935 34.314331 30.711405
0 467.862274 625.71283 23.714478 19.702271
0 312.412079 218.863647 21.97821 19.977264
0 492.886353 629.903259 25.37854 19.507568
0 466.798096 210.51535 18.773926 17.066986
0 178.977127 97.617752 13.585663 11.837341
0 260.392181 141.841019 18.462158 16.942871
0 383.41864 71.642776 19.324707 19.015579
0 203.925201 408.010376 46.582886 42.435364
0 432.114471 454.77829 20.643982 19.75946
0 597.546753 622.015198 23.383423 22.323364
0 294.716797 627.307495 20.628357 18.267822
0 383.001495 287.220367 20.80072 19.347229
0 100.091751 202.211426 17.050034 15.785278
0 269.719482 102.114227 17.722473 17.212402
0 409.778992 456.970886 18.750305 18.674438
0 237.104065 539.292358 126.106247 87.400879
0 50.111168 282.437531 22.046539 21.281494
0 132.285614 11.080519 45.72406 21.058075
0 577.676331 311.754761 16.105103 15.447693
0 548.929993 546.036316 25.41626 23.595093
0 260.183044 537.99054 65.453979 57.276703
0 586.448914 614.703552 73.332153 50.592896
0 262.581268 121.013672 23.097046 20.851555
0 478.147034 464.535126 21.286865 19.112549
0 515.590271 472.551117 15.998322 14.217468
0 146.855835 297.353821 18.938232 16.874817
0 479.194214 52.540947 78.043701 63.843384
0 516.09668 577.137268 39.580292 35.773071
0 51.759228 170.011246 21.430412 19.064423
0 249.763412 351.828827 15.680328 15.396484
0 619.648743 209.950699 14.275757 13.666809
0 63.69857 73.079567 46.778858 38.355347
