0 293.275543 267.417114 70.756531 55.653397
0 355.677307 293.553375 28.823303 26.470886
0 245.959137 234.927765 70.78923 61.826172
0 600.09198 273.463684 55.234131 48.360229
0 548.519104 119.167931 27.033569 25.08989
0 502.100067 392.750916 107.660583 78.925659
0 374.612671 121.822006 36.275452 31.225883
0 123.294533 290.117065 80.660172 71.540649
0 598.059265 192.025314 27.43457 23.645264
0 132.605026 258.731689 29.073509 23.703537
0 571.66687 522.388428 54.157104 41.258057
0 584.841125 609.176514 28.15564 23.446411
0 565.231262 580.360657 37.861572 29.950562
0 397.564453 613.920471 38.363525 34.463135
0 83.264069 621.276306 56.017361 36.940796
0 152.098114 440.726685 50.055023 43.665283
0 321.56076 486.590698 30.63562 24.89209
0 210.048523 553.982178 28.66449 25.759521
0 179.329651 471.047333 29.747437 25.30603
0 359.422363 393.437592 91.314392 62.027832
0 578.493835 454.841583 21.078857 18.412659
0 539.8703 595.178528 26.802979 23.283569
0 208.319016 403.391083 34.182312 31.649536
0 202.071411 612.476318 51.812042 42.022827
0 458.516968 627.104553 23.37146 19.755493
0 562.38147 498.622406 22.060303 19.086609
0 179.01712 306.638947 36.001404 35.310791
0 521.029907 552.550049 38.358154 27.970093
0 296.313812 361.442169 39.441467 35.78241
0 199.344498 517.705505 33.020264 30.359344
0 319.437775 469.297394 28.651367 26.379883
0 422.391418 402.187897 22.981262 19.978699
0 596.332214 66.080063 23.207642 17.695087
0 104.40741 469.322754 32.81987 31.594177
0 130.089233 339.739105 31.88327 28.569458
0 633.017822 53.992111 13.964417 24.118
0 293.488708 531.140442 49.961304 46.033081
0 612.30127 58.464096 25.395752 21.245625
0 357.783844 579.888306 72.633484 64.983643
0 249.168823 206.515472 28.177994 21.549866
0 500.260071 392.059082 61.128296 61.932129
0 554.403015 7.980338 21.136108 15.656075
0 631.286133 202.112061 17.427673 34.926666
0 284.511536 48.766346 22.612549 19.33358
0 393.685425 503.735413 72.84375 69.650665
0 578.303162 226.368179 24.164551 20.054108
0 123.85849 169.010681 21.308846 18.897308
0 135.044678 490.572327 20.104042 17.782898
0 65.35659 294.516663 42.645245 35.050171
0 522.704163 144.205841 23.79184 19.609955
0 434.589478 148.978149 23.093079 17.587555
0 229.033112 451.700317 94.74646 78.03125
0 579.945496 209.441925 23.934326 19.21405
0 203.259537 447.473511 46.883545 42.195435
