0 66.608986 190.017166 43.136398 40.940369
0 42.940338 595.996643 44.859573 40.445068
0 595.159485 489.293427 40.873047 36.400208
0 560.912476 411.814392 38.443359 34.974487
0 153.644287 354.171692 36.081085 32.24469
0 433.07132 76.664246 230.619446 153.328491
0 390.516113 196.284454 149.12677 115.305908
0 599.162781 202.428238 27.962402 24.478943
0 117.666687 513.263916 36.387512 31.266998
0 296.162109 458.509216 26.518311 24.326477
0 332.779419 138.258499 96.064392 98.558472
0 431.959686 519.09021 78.41394 72.239868
0 571.519836 45.878719 34.271484 31.188622
0 198.860596 422.587769 28.892365 24.70282
0 539.541443 349.339386 39.989258 35.249023
0 544.064148 298.664734 30.664185 25.992371
0 87.230896 242.520172 28.951813 26.50119
0 75.892471 470.599365 24.688076 21.625671
0 34.228508 142.998138 21.963121 20.855927
0 25.73008 85.677277 36.830994 31.818634
0 551.865479 628.437866 32.570312 21.811768
0 33.208694 485.582336 22.138451 21.973267
0 583.555908 252.412811 22.378174 21.437057
0 549.357178 382.206635 24.15918 23.034973
0 40.183155 112.460175 22.453659 19.499863
0 632.901001 371.190155 14.198059 19.998779
0 412.449524 325.549683 22.208923 20.425476
0 538.612366 546.526978 21.300415 19.74292
0 301.681946 508.680847 29.955872 26.187775
0 186.006058 582.702942 25.523285 23.02356
0 78.933441 220.608261 20.959778 20.140991
0 601.918884 107.182945 21.244263 20.135666
0 10.666745 494.38446 21.33349 21.38031
0 146.592361 422.755859 19.666962 18.776001
0 198.001801 288.098785 24.027283 20.561279
0 39.846062 628.203003 36.805206 23.593933
0 4.844879 586.138245 9.689758 29.320435
0 615.950867 352.837555 34.155029 27.383484
0 542.696167 588.43042 75.946259 67.506714
0 604.603027 378.45163 32.169678 31.545959
0 287.933167 489.021698 24.15509 22.007629
0 349.832886 507.235962 33.097534 30.987946
0 574.853394 437.785583 17.988647 16.865784
0 239.210281 510.725952 26.842072 22.731201
0 104.544403 427.325287 27.059372 23.645386
0 39.767769 540.006897 28.485466 25.866455
0 73.201942 314.170807 21.204449 17.739075
0 633.02301 340.262695 13.250366 22.809937
0 307.632812 353.831116 37.035889 32.023376
0 201.861343 527.30304 18.632782 18.521606
0 313.941071 525.093628 21.165771 19.373413
0 139.877502 596.926331 20.733276 17.41687
0 475.458557 554.707947 39.306763 36.025391
0 523.442627 628.822815 17.762573 15.684448
0 427.03891 635.797607 19.530212 8.193359
0 279.829285 614.041626 31.067993 26.240845
0 281.707886 25.461704 104.426331 48.925819
0 456.087036 358.897522 97.502319 98.578003
0 217.737198 26.781246 21.652161 19.810465
0 64.111626 245.688263 20.912384 18.853271
0 281.584229 581.691101 33.276062 26.123901
0 353.797028 406.108887 20.021973 17.566162
