0 82.375084 359.47757 27.489944 24.828552
0 119.826782 365.107147 23.852852 23.684509
0 143.443344 370.953735 35.781403 37.766235
0 113.822952 326.342773 35.792664 30.463379
0 98.430916 337.552368 31.192001 27.074707
0 370.658386 450.088501 27.510254 27.835571
0 132.784378 341.558533 19.901733 16.27533
0 169.815414 627.423096 18.48465 16.546509
0 130.3022 421.65329 89.223083 70.155457
0 148.793304 205.505539 30.824066 26.021454
0 275.403748 526.935181 20.90094 18.894531
0 242.275986 469.060577 34.034821 32.698853
