0 183.296661 437.607727 44.633057 41.866577
0 580.772583 249.384247 23.945435 22.077988
0 403.719757 445.904724 28.05835 24.704895
0 404.788422 469.42749 25.364502 24.190002
0 287.312317 313.301971 24.284607 22.353577
0 37.235817 46.078896 66.441055 58.050995
0 345.76416 521.148071 23.989807 20.930298
0 64.100777 252.355347 29.966129 27.82579
0 307.592804 425.33902 17.085266 16.266418
0 84.473793 152.040222 18.012314 17.167511
0 41.131977 267.280151 29.890785 26.900269
0 10.369862 304.10788 20.697296 22.243774
0 167.016983 558.626404 189.995575 162.747192
0 348.879333 494.313202 17.639343 15.865051
0 96.61602 270.05011 20.182755 18.889709
0 589.070801 568.843079 21.54126 19.759033
0 522.53241 223.179642 67.58252 69.692657
0 251.017517 195.634003 99.768112 87.254852
0 635.222534 587.417542 9.554871 22.014771
0 375.491119 309.015717 20.14502 19.417542
0 333.122467 289.37854 16.345215 15.424133
0 615.68396 169.193069 41.805176 38.894043
0 55.18705 262.213043 35.584278 29.321045
0 59.645325 427.30838 111.065063 88.714661
0 387.1651 574.741455 17.150635 17.720093
0 43.658958 591.916016 87.317917 86.411255
0 344.138367 157.397659 15.390381 13.961029
0 14.153454 119.29628 28.306908 48.997498
0 104.834671 353.861969 187.10495 167.681946
0 272.915588 251.097031 42.034607 34.439911
0 495.197205 214.852142 111.641968 91.896286
0 121.714531 308.933899 17.051132 17.479919
0 204.697983 631.529724 32.528015 14.252686
0 542.77417 116.344879 18.600952 16.254211
