0 72.917473 346.105682 140.258743 125.411865
0 200.417679 541.490662 69.617126 61.873016
0 470.060883 451.640961 26.303589 24.36676
0 339.123444 387.910828 34.214172 25.902283
0 144.711624 551.181702 40.853394 36.596924
0 357.857269 501.71814 28.955505 24.280853
0 389.090912 486.627075 117.130432 107.571198
0 427.832794 562.713867 87.782532 71.738525
0 139.794342 456.321289 28.809479 25.884705
0 476.830688 235.141525 326.338623 273.373444
0 165.424515 578.087463 44.985352 37.407593
0 152.721222 612.810181 75.611237 54.379578
0 399.245117 439.531738 21.055664 18.766296
0 170.759064 618.661804 38.377594 37.694702
0 35.471954 400.933228 21.658287 18.58728
0 91.689026 410.41864 20.534454 18.273376
0 442.393951 157.483292 28.310547 23.948578
0 32.335114 503.454346 60.874443 103.033722
0 108.124893 633.494446 22.105194 11.772461
0 149.608032 564.322571 45.861 40.25647
0 625.43573 122.068192 18.495605 16.3106
0 437.534332 445.361938 34.260803 31.769836
0 117.542915 342.281555 18.737686 16.227722
0 303.570648 392.532654 136.169312 117.481262
0 561.282837 536.057007 78.605835 69.830444
0 312.381378 616.358398 74.085876 47.283264
0 459.053558 187.247818 19.73468 17.953827
0 9.430544 387.69635 17.653446 33.975708
0 21.076256 72.35022 18.370659 17.357712
0 302.842896 384.877441 18.895813 16.970032
0 549.934692 177.214478 180.130554 276.032837
0 286.369354 351.635162 29.390259 28.263489
0 307.620453 322.210724 17.926025 17.267212
0 288.957855 141.17804 132.162964 128.062988
