0 54.231628 159.846542 108.463257 102.354706
0 468.963593 129.890167 27.755249 25.554291
0 156.098434 175.909348 88.318481 73.353516
0 306.147095 532.679504 51.400879 42.90683
0 30.537567 619.346436 59.737869 41.307068
0 469.861847 539.754761 32.577515 28.824585
0 217.721649 113.378784 38.861664 39.201653
0 350.203613 350.976349 55.864441 48.380859
0 627.09613 155.728333 25.807739 34.926727
0 75.819702 594.950012 70.806671 58.916626
0 503.301086 331.995819 119.931549 101.927429
0 589.767944 414.972229 30.347656 27.770691
0 15.819594 262.099304 31.639189 42.331375
0 88.99839 415.170502 22.099625 18.760254
0 62.29882 302.11908 33.60907 26.525146
0 221.164902 226.54776 44.917206 43.389343
0 105.168137 627.517639 37.369232 24.408813
0 154.427292 50.83033 22.104401 22.733765
0 452.140503 395.237915 175.646271 152.139893
0 330.604431 473.949036 81.079224 69.807678
0 546.330627 169.793015 107.531525 83.375183
0 10.650631 8.827122 21.301262 16.791611
0 499.68573 627.878662 54.060791 23.02478
0 323.847931 507.378723 40.875854 34.803589
0 322.269135 626.542542 43.894165 24.810181
0 303.021423 418.99765 52.017761 48.428955
0 359.75766 499.365601 23.711731 21.523865
0 584.710266 244.257172 110.338867 135.766602
0 20.65456 568.42926 37.743385 35.737183
0 442.879669 212.605637 25.822327 23.33551
0 353.756348 583.060242 43.354736 37.269775
0 388.245636 505.859436 110.805359 99.507935
0 36.24987 480.798096 69.69162 174.340454
0 49.427315 52.78194 98.85463 101.00753
0 379.922668 620.994751 69.69574 38.010498
0 438.330658 256.813782 47.765198 41.279541
0 498.81778 205.616547 82.598938 72.163513
0 453.157227 116.76873 19.32959 20.509064
0 256.009766 503.370026 90.317505 89.488953
0 102.305733 242.668106 86.281998 80.183746
0 134.445068 543.115295 18.763908 17.098511
0 434.506256 74.058472 19.314148 16.916885
