0 464.134338 460.021179 161.844147 143.69931
0 596.753601 459.108612 77.153931 73.388794
0 500.107178 603.978455 30.289154 28.294067
0 112.845497 180.477264 39.055496 32.659149
0 523.248596 119.483383 25.102539 23.933868
0 33.053535 116.020523 24.062273 23.427612
0 95.434624 443.711151 32.809402 30.29718
0 396.42981 97.256432 28.487671 24.732925
0 614.620972 112.667862 24.077759 21.379364
0 138.393112 474.364258 24.988647 22.955078
0 454.601349 53.223522 23.169067 21.938469
0 367.027344 292.345337 22.313354 22.449646
0 620.915405 385.704071 23.77356 22.210571
0 558.90625 355.631622 26.475586 25.494934
0 458.228943 355.771149 25.314453 25.449707
0 322.292816 306.441925 23.61731 21.923584
0 437.608093 350.18515 22.86377 22.051636
0 195.38768 91.575172 23.764313 21.81633
0 419.931305 106.296494 24.180237 22.386154
0 538.958374 346.132294 22.09436 19.573364
0 500.707153 289.305725 122.662567 109.906128
0 523.137207 559.239685 32.720428 30.22522
0 618.003662 605.0448 42.000244 46.751221
0 377.96225 70.12249 20.309143 18.363327
0 559.631226 378.359192 28.528442 24.763306
0 360.856842 447.65918 20.310547 20.126831
0 477.916473 83.87365 19.009216 18.344208
0 359.540192 145.177963 19.291626 17.65097
0 512.476746 369.627289 79.536285 74.266968
0 287.907745 455.328369 19.907227 18.955078
0 47.484383 97.601524 27.03093 23.168762
0 136.610718 262.147339 25.09362 24.373337
