0 352.135773 129.817963 104.59491 86.21521
0 553.963928 278.809998 53.894775 42.653748
0 516.658936 540.601746 28.687988 24.542114
0 550.143738 47.808804 30.759888 27.782784
0 544.862122 460.285217 36.636963 29.773804
0 484.431885 352.003021 154.034088 105.367004
0 490.99234 535.658081 24.938599 21.077271
0 629.974609 126.761749 19.676025 22.477386
0 607.373718 198.203339 21.275391 18.058685
0 231.981598 74.464462 20.072357 16.894043
0 109.786423 618.556152 21.732574 16.827759
0 154.013229 442.520721 219.327728 185.554382
0 225.398209 448.435272 21.387726 21.670776
