0 379.198425 472.446655 69.556519 61.188599
0 274.592712 8.868343 41.725708 17.736687
0 91.212097 575.748291 21.809753 20.805542
0 84.569565 609.291687 53.353603 51.656128
0 601.221436 507.157867 27.500977 23.312805
0 143.486526 215.735764 25.799072 23.386719
0 133.595398 552.994141 24.732063 20.547119
0 153.336288 586.824707 31.056366 28.868042
0 179.684311 134.109177 66.145691 60.266876
0 533.30481 254.504395 186.114258 180.983032
0 53.046242 622.226196 21.384369 18.966919
0 203.841476 559.755554 45.693909 42.282593
0 19.125708 75.156807 25.971714 22.689709
0 527.73291 613.871216 21.407837 18.756958
0 487.041962 246.541763 23.964111 19.822723
