0 337.725647 238.835388 34.356018 28.786133
0 212.870071 625.431641 36.866547 28.610229
0 311.976196 222.251556 28.665649 27.604004
0 40.120968 81.417419 21.513245 20.109924
0 231.063766 399.658295 22.116028 22.030212
0 262.336823 199.606598 25.176437 26.28949
0 280.899872 223.639008 30.280151 27.116028
0 310.143799 193.624252 26.698181 23.667145
0 246.620682 570.989136 33.145966 25.760376
0 308.805115 201.955887 31.299927 25.970642
0 359.36734 215.010178 26.58667 23.455566
0 431.857819 35.414326 19.248169 17.893555
0 476.20163 6.287303 24.562744 12.574606
0 360.304413 317.459351 20.758667 18.60376
0 279.085999 572.012939 16.775085 17.234863
