0 429.967896 314.040466 61.27417 53.951416
0 451.858704 209.499329 58.594299 54.497192
0 47.743092 58.090225 30.117943 27.988552
0 153.647461 172.100128 105.249695 90.688118
0 525.950012 133.157211 64.233002 59.870705
0 552.251282 42.024471 55.167358 51.107002
0 460.453033 258.738464 26.722534 24.808578
0 414.108917 185.178574 36.240906 33.558746
0 99.823479 288.286499 38.430023 37.329285
0 376.349518 552.33844 38.884155 37.391113
0 10.947568 624.949219 18.813524 19.713013
0 560.630249 377.910797 158.739441 196.077087
0 591.279297 468.306213 23.716064 23.065002
0 629.823608 128.739487 20.352722 40.374023
0 422.458984 256.01651 22.117249 20.536148
0 136.780807 60.136658 22.739372 21.86412
0 380.771118 419.405151 86.303345 76.79248
0 494.688934 313.961212 35.908752 30.942627
0 437.769867 489.656952 26.242371 23.483765
0 436.033722 161.163788 51.999329 44.836548
0 167.112854 414.281677 22.598236 20.452454
0 48.418877 410.904816 23.072624 21.152405
0 507.291077 213.255783 20.064117 18.730957
0 567.070007 240.835144 21.276855 19.978821
0 132.533325 311.508057 41.691956 37.817627
0 346.803986 181.653259 35.228333 32.607239
0 574.237671 357.931152 20.071899 17.427917
0 302.045593 508.283325 39.231384 34.992188
0 493.332794 632.878052 24.873108 14.243958
0 493.315308 266.707336 25.64447 23.359375
0 532.395386 169.636703 41.096649 34.168365
0 401.186188 540.004944 22.106079 20.399048
0 418.967377 47.497696 127.243713 93.201416
0 341.438721 137.449066 24.997803 20.99189
0 503.919128 25.472397 32.48938 30.174484
0 402.374359 134.606796 20.229004 18.540161
0 348.737274 295.852661 20.098633 18.58252
0 368.748322 633.514648 22.015259 12.970764
0 225.334183 472.523651 39.391571 36.611816
0 4.675789 34.284908 9.351578 29.279587
0 568.546509 108.743172 19.154053 17.116867
0 632.18042 230.368774 15.639221 41.828583
0 504.118347 54.089653 35.2388 31.061508
0 476.498688 78.061928 26.030151 22.942902
0 391.440277 430.259583 17.962891 16.843628
0 171.082077 304.117004 48.221313 41.21991
0 430.519531 453.864075 42.340576 37.432678
0 436.512665 143.190536 16.380188 15.363342
0 72.420715 134.40213 25.453262 22.232857
0 624.422058 84.113663 19.390503 18.225769
0 313.209839 257.927643 18.329468 17.578369
0 301.035461 614.432434 22.536987 21.526489
0 505.04364 550.967896 120.88736 97.820068
0 439.573792 404.748138 38.427185 37.698059
0 574.708618 362.594543 50.2146 51.685364
0 560.651917 282.498657 19.369141 17.477051
