0 397.471161 275.993011 41.808777 41.034073
0 591.187134 170.170624 44.501221 41.415833
0 609.56311 388.103485 22.485474 22.558777
0 533.825684 89.844727 26.355957 24.33432
0 447.295135 17.364254 65.81488 34.728508
0 12.56936 10.403866 25.13872 20.807732
0 87.268753 266.29715 34.45166 32.30365
0 174.642929 47.229221 49.437683 47.376122
0 30.805473 29.728174 34.152618 32.678371
0 161.307251 331.87442 23.417084 23.565552
0 584.253174 108.099319 111.493591 183.5336
0 41.834232 252.463226 25.248343 20.843155
0 398.587372 327.497589 20.350586 18.623596
0 458.984222 101.277328 61.824768 49.50322
0 527.530945 34.476078 33.473022 31.243507
0 258.605621 494.093658 138.239136 124.536438
0 438.728699 380.829834 17.523499 19.004761
0 53.91613 64.356499 33.060974 29.504772
0 196.203613 571.25 19.916077 16.953125
