0 150.850601 433.959045 30.875061 30.490173
0 107.911758 190.603134 31.04776 28.975861
0 406.399536 178.027802 21.435364 20.810059
0 22.864172 194.151123 45.728344 46.187408
0 92.983582 397.17392 21.109879 21.178467
0 226.773682 606.944641 22.451508 21.388916
0 344.981201 135.989395 23.091675 22.623802
0 174.351089 568.289551 42.459381 36.747437
0 633.737183 606.09491 11.987183 25.709595
0 314.099579 459.880859 25.129333 22.72583
0 139.075333 365.172058 19.301239 17.282532
0 377.027924 195.282379 51.324585 46.546539
0 296.112213 346.932343 30.987549 30.974426
0 484.182404 436.637543 20.579773 19.894531
0 99.72831 600.490051 21.656723 20.254028
0 209.69252 464.046753 18.822296 20.527283
0 456.486725 349.787903 27.772583 25.273499
0 505.983459 58.52565 31.709106 29.297653
0 231.183914 451.064026 16.830994 16.203064
0 28.09602 273.732697 47.834496 45.365921
0 441.473236 434.126923 53.927246 49.903687
0 83.252129 313.788116 18.800705 19.524719
0 275.388184 393.377136 29.606079 28.924988
