0 507.377441 481.791077 202.106964 184.641357
0 231.20163 396.024567 82.6297 78.321472
0 115.932236 136.741089 228.900116 239.165955
0 220.354324 421.534576 33.103943 29.371704
0 439.636566 265.175354 125.453918 128.185364
0 382.217651 358.517151 75.452759 68.213013
0 168.911804 357.261414 56.469147 56.169006
0 576.608826 91.469284 108.205566 95.339996
0 300.856812 470.644958 53.357544 48.473389
0 523.756775 211.056641 41.96463 39.164948
0 624.025024 449.440918 31.949951 42.715515
0 580.657532 585.038757 70.557983 66.491699
0 549.428101 63.753471 170.604462 127.506943
0 587.945068 630.122314 56.036011 19.150146
0 514.501953 596.325806 117.217804 87.348389
0 436.362335 600.970703 210.611511 78.058533
0 366.931183 296.312256 49.622925 45.287903
0 427.875488 28.626759 23.332642 20.388016
0 159.188171 526.525391 318.376343 226.949158
0 468.373566 178.508362 20.512512 19.055817
0 580.431885 151.25264 30.341431 26.886993
0 359.445587 242.238464 42.269531 35.564011
0 253.552673 93.703354 77.218643 68.305023
0 630.746094 44.545483 18.507812 54.60601
0 359.031219 323.449493 47.173401 38.407532
0 76.744263 368.579742 145.947632 164.165894
0 610.893311 155.245438 33.872925 31.203186
0 373.113098 543.677551 102.847839 89.451447
0 265.927002 223.173889 108.674561 91.296265
0 310.89566 71.175232 38.036926 31.842926
