0 273.730072 377.703705 64.514267 60.208374
0 405.343842 451.932739 52.763489 45.333252
0 475.305298 506.291229 72.378174 65.300842
0 431.592773 551.135864 31.081238 29.64563
0 163.70694 586.630676 49.675201 44.840698
0 43.11821 343.357483 38.990829 38.522278
0 256.16095 145.534912 26.859909 24.998169
0 489.81601 356.431946 37.603943 34.254639
0 107.26683 471.454468 63.520836 62.229187
0 415.242615 117.609848 23.898071 24.120544
0 65.582687 419.655518 59.301498 60.724365
0 545.202393 623.070862 59.758057 32.376343
0 140.706863 507.644714 46.183861 45.461456
0 258.5914 21.582985 70.466187 43.16597
0 623.700989 153.023254 32.407349 36.805725
0 587.944031 330.718353 24.685913 22.868347
0 329.833435 123.772377 30.661072 29.214371
0 632.120422 239.641998 15.492676 40.764404
0 10.693154 390.335297 21.386309 23.000427
0 535.370422 299.433624 21.126709 21.896423
0 424.050079 8.798258 42.386047 17.596516
0 485.380585 9.644991 22.848083 17.658737
0 274.551575 633.945862 21.239807 12.108276
0 493.061188 323.671753 22.863892 22.839722
0 438.845398 323.097443 27.139771 26.23822
0 305.604004 142.490295 24.734192 23.49649
0 202.461533 328.62204 22.383118 20.744202
0 552.132996 499.87207 18.419067 17.614502
0 195.877274 23.142698 20.50354 18.801167
0 212.208359 395.18158 24.381805 21.084839
0 89.045815 559.227234 16.9552 15.950073
0 331.1633 103.272545 25.885132 23.250824
0 251.125702 236.644684 47.245117 42.326523
0 567.951416 201.383118 26.794067 24.409271
0 562.308411 482.522156 21.066162 19.432129
0 72.297295 397.039032 37.264359 33.806702
0 620.08905 218.188721 20.766113 19.896057
0 569.840088 219.75264 15.714722 15.18042
0 632.856628 46.709152 14.286743 63.058731
0 372.806793 485.606812 21.092957 18.888489
0 11.021164 257.795959 21.371773 22.643234
0 369.612335 347.22348 18.902771 18.020874
0 188.665558 307.716248 19.581635 19.332336
0 399.217529 476.305511 16.958374 16.624451
0 235.783203 507.249298 30.718018 28.662048
0 301.807495 500.707703 51.018616 44.379242
0 29.819717 198.278793 19.108427 19.276947
0 165.972855 435.307587 21.505402 21.989624
0 53.182941 513.534241 19.96804 18.112061
0 5.961164 629.796509 10.999336 20.406982
