0 524.859497 573.02301 132.403198 110.240601
0 373.393616 442.941193 58.292664 55.87677
0 308.808044 601.473816 133.807068 77.052368
0 592.579834 615.396973 94.840393 48.630249
0 527.090637 102.183319 225.818756 204.366638
0 169.371414 294.392395 22.273743 19.751709
0 606.539185 213.758438 51.25354 39.847076
0 403.965027 11.395494 48.978027 22.790989
0 463.94281 199.393478 25.198914 22.965302
0 81.620338 592.329102 45.830761 39.809326
0 58.280521 148.621597 33.119301 29.488525
0 304.994324 40.957886 43.766724 38.777084
0 109.034653 175.970795 20.545471 20.60434
0 39.997898 248.56015 42.787285 38.034744
0 503.546997 407.457275 63.832764 62.853333
0 625.124634 554.58075 29.750793 98.926727
0 324.530212 106.87973 59.967041 49.102631
0 403.702057 566.330261 109.895447 82.945068
0 445.316681 444.207031 20.485229 18.130188
0 48.358921 527.122498 19.580566 17.904053
0 32.454865 115.823349 64.909729 164.896942
0 207.136322 4.493024 29.332184 8.986048
0 14.856565 23.169048 29.713131 27.232367
0 416.675476 598.549561 20.894287 20.457153
