0 214.820908 421.22821 82.652252 73.788513
0 343.144867 369.904785 116.413086 102.333923
0 580.410706 379.114807 68.510864 60.612427
0 55.71019 594.041809 61.239254 54.491333
0 280.518158 491.785309 33.404236 31.792358
0 489.555542 353.458252 65.749359 58.395691
0 380.231049 446.789001 68.2854 63.751343
0 270.881104 376.873505 43.303833 39.312195
0 468.172455 264.134308 69.739929 62.692184
0 205.456787 590.09259 66.934418 62.801147
0 148.563004 462.18924 31.57309 27.552551
0 18.676268 519.15094 37.352535 54.64856
0 101.021667 264.412292 194.728699 263.647461
0 336.449066 475.863281 50.5401 45.269165
0 384.997314 191.202591 61.165894 56.137543
0 417.475098 271.985809 36.065796 34.843338
0 321.935669 586.243225 28.541138 26.461914
0 341.125183 536.717957 32.11145 31.116821
0 399.724457 327.365692 28.983032 26.952698
0 197.053329 479.291016 39.909393 33.184937
0 82.920853 545.355286 34.633881 32.970825
0 406.862427 43.889793 31.885132 27.166275
0 491.364258 51.944637 94.97168 73.238853
0 87.430603 19.065762 35.957794 33.262169
0 115.432976 56.069633 21.878906 20.5681
0 137.025421 392.756866 42.557259 36.819092
0 394.077728 20.986788 29.655334 27.228916
0 115.699936 532.136047 38.063271 33.680908
0 125.369186 627.74646 33.159729 24.391113
0 243.054993 138.017487 34.918198 32.959259
0 146.369888 604.02124 44.009521 41.282959
0 297.221741 602.947998 34.368103 31.451416
0 224.418152 39.992332 38.007111 34.631653
0 470.17395 150.447418 53.229248 46.267914
0 392.215271 538.750122 113.138855 115.758911
0 42.959991 81.894699 35.653038 32.215073
0 117.3536 30.862579 29.621048 26.174049
0 584.129883 558.60321 108.942871 87.301758
0 239.887817 552.906433 31.238525 25.526367
0 9.104767 576.845886 18.209534 22.690063
0 153.148911 14.692513 61.268585 29.385025
0 428.482544 343.481079 38.473206 33.314026
0 103.839752 612.765991 27.599106 25.028198
0 246.066162 108.269386 27.006424 24.011368
0 317.268738 57.546509 24.331238 22.972355
0 304.403107 209.162964 24.56781 23.059601
0 476.377075 551.951111 41.53064 37.151489
0 89.925461 626.299255 40.56366 26.879761
0 291.987274 578.844055 23.537903 20.799561
0 55.821339 630.299927 36.412193 19.400208
0 283.876526 11.605664 45.873352 23.211329
0 88.485161 472.383942 24.351654 21.437012
0 435.68161 603.424683 32.835449 29.46875
0 611.685425 284.019226 56.62915 77.007935
0 612.680115 615.448975 53.076416 47.291626
0 427.051025 376.183929 38.040894 31.476379
0 15.644289 60.459278 28.237705 27.638924
0 455.164551 437.918152 122.239838 110.569031
0 612.232422 560.053284 53.137085 55.657715
0 190.774445 21.31356 27.028381 25.165682
0 631.885132 374.361176 16.229736 51.249146
0 400.484863 35.231789 34.663025 30.280952
0 314.308502 506.455048 40.289917 37.833435
0 121.538574 461.804962 22.372154 19.244995
0 5.072864 438.959564 10.145727 28.557068
0 185.394501 323.47525 40.60144 36.790771
0 517.29126 470.583313 26.540375 22.863037
0 45.687424 14.655928 21.480484 20.996937
0 325.386444 184.680389 25.481323 23.66626
0 501.308136 618.688232 40.181458 37.192505
0 194.240265 172.193405 52.505737 45.607971
0 357.589294 633.205872 19.85199 13.568115
0 460.34494 233.724121 21.87561 21.954773
0 505.638916 60.625137 55.954193 45.308853
0 275.735077 135.277496 21.433411 18.718292
0 93.140869 603.991882 17.051483 17.93042
0 467.395874 628.255005 21.617371 17.780029
0 242.094589 494.897949 19.640045 17.617859
0 461.194794 403.210419 47.765503 41.61731
0 365.172791 596.322388 44.461914 39.954346
0 247.191498 629.139221 55.098328 21.721558
0 365.406525 132.413635 16.516357 16.04007
