0 485.422882 472.024994 30.501587 28.526062
0 561.061401 228.276749 157.877258 203.08609
0 254.21637 441.45929 34.986572 28.935608
0 99.812828 331.321503 30.574951 26.163879
0 275.657867 374.478516 25.635315 23.695007
0 360.849487 186.786621 31.15686 27.449097
0 319.904205 134.761993 38.778442 37.463867
0 183.833847 508.67041 21.802307 20.818848
0 342.0383 550.662415 29.813782 27.874634
0 349.903473 116.467346 32.393494 26.533195
0 247.853882 382.715698 24.412918 22.065308
0 280.194977 598.338257 32.756042 31.249512
0 524.040955 510.092987 31.268463 26.904846
0 361.024872 141.565918 28.89856 26.832947
0 175.288055 162.698654 29.657776 26.500824
0 536.297729 437.703613 35.389038 31.851074
0 78.561874 291.09613 25.646851 22.916016
0 61.72588 248.348846 27.756844 25.558594
0 367.985748 470.220795 36.487427 33.026367
0 302.896454 366.403015 22.620728 20.397278
0 379.945679 208.401901 25.210388 25.835266
0 341.328278 520.667786 25.818665 22.839722
0 330.213226 127.429169 62.906616 42.193626
0 542.199463 571.658752 35.55835 30.501221
0 256.879608 609.966675 20.185364 18.140015
0 564.912292 537.102173 29.643311 26.094482
