0 151.92659 472.128845 153.545685 122.113281
0 423.108856 201.523712 49.050964 44.922424
0 412.638397 261.319519 109.328369 86.281921
0 565.955444 281.155975 63.042969 49.245911
0 298.00824 424.662323 229.077164 189.447083
0 129.529068 224.905228 42.69278 38.181183
0 439.980408 117.25631 65.33551 62.911575
0 195.491791 274.41803 90.181702 78.902359
0 257.682312 162.177261 102.194946 92.892311
0 395.498627 132.597 79.50769 73.272308
0 457.520111 424.384125 49.382629 41.858398
0 331.227509 346.492157 32.949829 28.499817
0 323.217896 121.554031 52.659302 49.181732
0 346.193817 179.430801 82.314514 71.33963
0 327.082733 279.256897 46.949829 42.618225
0 620.973206 321.675262 31.691284 28.157166
0 479.875427 320.925568 27.629639 24.323181
0 141.095398 340.690552 55.631073 45.015625
0 123.688385 30.445663 38.650085 34.051834
0 624.97168 395.157471 30.056702 31.693665
0 581.252441 36.352715 117.495117 70.497116
0 239.204208 535.739502 28.504791 22.222778
0 502.558258 98.866119 28.425598 22.541
0 520.914551 57.725525 50.456543 40.713242
0 37.030312 32.520901 40.115608 36.597435
0 89.831444 269.256287 101.011154 93.556274
0 209.443634 324.023346 71.184998 60.841858
0 322.294556 584.771423 33.436035 30.790161
0 423.663971 492.918518 28.862122 25.769409
0 385.245789 212.41362 28.923157 26.332123
0 508.582031 309.784119 25.068634 19.649841
0 475.203918 509.426147 84.42569 65.203003
0 237.761826 110.952347 24.039703 23.149567
0 628.696167 455.711273 17.038574 16.440186
0 190.542816 60.159752 37.570068 34.421356
0 398.605286 624.568237 46.743286 29.552734
0 191.858337 173.170883 30.848999 30.856598
0 71.106598 55.516754 39.29126 35.474243
0 17.722317 292.794617 35.444633 51.365417
