0 425.026306 394.733276 88.944702 75.191101
0 76.231155 277.264893 32.848785 28.246277
0 595.279785 456.089233 79.979004 70.636169
0 554.585083 490.201111 47.198242 41.053833
0 591.878662 311.151581 62.124268 52.737122
0 363.745331 114.067184 77.662842 68.872162
0 404.185272 461.480621 63.28418 60.165161
0 297.105133 412.113495 72.941345 64.138123
0 599.014832 196.496368 34.06604 30.596375
0 541.715637 381.075439 42.562988 35.037964
0 480.456268 233.117355 31.15564 24.838501
0 433.164429 304.568207 110.387329 80.427795
0 569.811951 259.566162 36.111694 29.793335
0 464.846313 30.295849 104.232697 59.510887
0 323.018951 224.063629 58.361633 52.875122
0 466.111847 463.480988 72.673279 63.5625
0 43.285774 81.604134 30.683716 26.452194
0 326.600281 282.882874 39.985901 33.432373
0 209.754013 451.335266 70.280701 59.782227
0 155.629684 360.350677 31.315216 27.753784
0 63.753044 248.222626 41.13139 36.445267
0 521.997437 359.285645 26.18042 22.374451
0 193.55896 570.541321 71.81897 61.580933
0 580.983826 166.880661 26.35791 22.327484
0 212.393967 354.768799 27.938202 24.702637
0 515.272583 493.971313 26.837524 21.933289
0 236.652557 227.306732 37.294189 32.999481
0 525.040588 13.380138 30.071686 25.19389
0 79.632973 197.442673 52.483246 44.213043
0 484.542328 163.345795 22.733826 19.84549
0 413.423798 623.858887 25.481628 22.865845
0 469.825409 141.838867 21.421631 18.690582
0 88.944603 147.65274 58.817524 50.135712
0 122.6791 130.628815 36.388382 35.543457
0 287.60318 499.875641 124.744431 103.657532
0 194.430023 19.304159 25.694916 23.484451
0 609.975769 229.664474 23.321899 19.396088
0 356.625549 493.747528 22.278748 20.120667
0 488.986328 562.054626 23.309326 19.794189
0 411.837006 39.227623 20.078796 18.20999
0 251.204468 367.94455 71.681625 59.234985
0 624.549622 578.900452 30.900757 41.404297
0 196.252045 389.238617 29.265411 27.070984
0 575.50531 114.162476 29.330444 26.331406
0 624.610596 392.747528 22.447266 22.730591
0 373.742889 426.340118 49.895203 41.104736
0 445.25293 496.950043 56.342957 43.543152
0 486.117401 340.987488 50.248169 43.063293
0 112.672981 267.124054 61.968887 53.92865
0 37.601288 163.955246 72.055908 81.416931
0 6.866095 440.359772 13.732189 67.122559
0 274.918121 575.728821 24.864136 23.019165
0 355.075714 450.181763 35.669434 34.773682
0 510.188904 145.499863 20.57016 18.65683
0 625.895996 177.798401 28.207947 37.009674
0 388.056091 58.230629 22.509277 17.12677
0 358.082123 322.400299 34.692383 31.189575
0 305.899475 178.909119 51.363953 38.559296
0 322.64325 385.629669 47.795959 38.954224
0 365.884308 356.417145 79.880676 74.294006
0 211.946243 34.51194 21.433746 19.370003
0 90.517792 350.352539 27.619598 25.336792
0 587.135681 140.950638 21.776733 17.888519
0 15.335821 87.500908 29.203861 43.980209
0 276.894104 600.429932 42.081543 34.341919
0 595.210144 621.279114 27.986084 25.692017
0 530.68811 585.893372 20.205933 17.331909
0 267.776611 92.271561 180.590591 138.210358
0 493.460571 68.557884 52.053619 41.29126
0 260.738464 174.492035 30.518784 23.348328
0 94.479385 570.236389 110.367615 83.942261
0 115.293976 228.279694 59.191414 47.094238
0 459.868073 352.425476 77.691162 55.854431
0 151.894394 246.456635 32.516724 29.159607
0 627.763855 420.09613 21.967041 20.683289
0 105.863419 254.22998 92.699493 91.586548
0 325.180359 127.679161 20.399475 17.572311
0 214.077972 192.335266 25.065704 20.571716
0 265.929535 280.334351 26.251953 22.932068
0 612.645081 513.558838 36.17334 32.322784
0 361.17041 431.444794 21.149109 18.55011
0 253.189362 159.505539 40.197205 30.739563
0 395.139038 600.898254 48.544434 42.092163
0 622.750305 38.691887 20.307129 17.125519
