0 48.575348 184.336258 97.150696 97.752563
0 309.325684 274.337952 68.514038 62.570786
0 277.862274 445.94458 33.665222 30.778442
0 272.055908 545.490112 141.854309 119.52121
0 578.840271 102.192001 33.512329 30.15715
0 604.485107 340.734772 65.931763 62.676819
0 122.30883 36.225563 33.327408 31.592163
0 233.177704 320.398987 46.978317 43.685059
0 586.822876 379.668945 41.311768 37.069458
0 402.638214 414.033295 67.035339 62.649597
0 466.523438 11.525061 48.94574 23.050121
0 171.021317 329.404633 46.38736 38.624329
0 437.409607 39.670044 67.149536 57.913605
0 559.013306 549.463989 53.220825 49.501953
0 596.370789 47.167362 31.011108 30.114029
0 604.771545 178.192032 48.555176 44.392578
0 367.452515 231.647125 75.848816 77.76355
0 240.8508 382.97052 100.025879 86.008667
0 613.706604 86.394608 37.484253 32.810364
0 93.779938 504.017395 79.525787 70.477905
0 551.709229 338.078918 58.666382 57.145203
0 483.707153 141.163071 76.256866 71.246544
0 260.102203 291.218109 34.074936 31.346497
0 142.645035 160.701172 71.254295 63.040955
0 366.739227 29.039494 146.953674 58.078987
0 221.563843 598.517273 143.699097 82.965454
0 611.221313 291.882538 42.293945 36.384766
0 314.182556 81.928635 58.409851 52.218781
0 95.16169 350.101807 24.496521 23.286926
0 486.210052 342.842773 41.964417 36.91571
0 181.01445 283.194031 64.166382 55.318176
0 544.232788 488.77948 29.883423 26.871521
0 256.9711 102.07122 25.35321 23.158371
0 564.101013 41.31023 28.652344 27.168055
0 367.766388 320.983673 109.374939 94.8479
0 142.074402 263.972839 27.952637 24.291992
0 352.252289 361.217377 33.174561 29.434998
0 435.170013 248.206329 35.515015 33.858582
0 42.615616 367.971893 26.044739 21.58313
0 292.750885 318.558624 39.390564 38.06543
0 126.62915 194.472794 24.415062 20.876648
0 271.93924 214.406235 81.280334 76.750061
0 234.841064 593.475769 18.197327 18.364136
0 113.756424 375.655396 23.007492 20.954468
0 537.209595 597.893555 108.384521 82.622437
0 381.695221 291.288116 73.238342 60.267883
0 622.632507 57.259743 21.742554 20.108582
0 501.624207 534.800598 74.400513 71.601349
0 346.483337 189.954453 70.692139 57.799194
0 490.654633 292.035706 19.285278 17.364441
0 410.628235 611.171509 39.8573 40.318115
0 378.058167 451.266052 37.313721 34.193542
0 198.910034 216.297363 81.73587 80.579041
0 105.289169 298.587891 78.992035 67.023865
0 631.119812 22.52515 17.725952 24.337753
0 90.2351 136.097595 53.917187 47.830292
0 73.803589 563.596252 65.710968 61.126587
0 376.358246 112.337067 43.615906 39.49295
0 497.223145 108.617683 40.122345 34.86377
0 133.035156 237.904572 60.726471 51.649582
0 175.596695 313.447052 53.39389 64.1875
0 12.104294 331.776093 21.946358 20.285278
0 476.815002 72.104782 68.949829 63.1586
0 465.271637 112.730881 22.203979 19.14447
0 78.838837 601.645386 79.461182 76.70929
0 135.257843 625.623535 43.83844 27.845947
0 466.620361 492.260712 42.584351 39.36908
0 232.147308 599.37854 17.376373 20.794922
0 257.776276 270.385437 23.256485 19.882812
0 265.15094 472.16156 38.669617 36.479614
0 299.767487 293.891541 55.328369 78.478836
0 197.440399 85.953346 26.882202 24.133301
0 24.509911 583.275635 46.758194 72.080078
0 634.277222 459.059021 11.445618 19.982849
0 523.088379 12.838499 68.497803 22.97147
0 524.842407 297.491364 35.627563 33.272949
0 610.060364 541.623657 59.879272 75.622528
0 324.060333 618.138489 86.93512 43.457397
0 281.767761 66.285324 47.625244 38.547134
0 511.400177 326.984375 29.119934 29.275513
0 467.844849 503.265259 32.003296 28.947418
0 505.86319 156.425476 24.999939 25.114594
0 416.703369 70.496506 35.278625 31.72913
0 207.963043 161.492615 61.328064 49.674133
0 256.190826 55.810043 46.456421 39.586456
0 54.585373 107.500267 52.929245 51.110336
0 509.062744 20.890331 42.275879 32.758232
