0 341.358948 526.351562 84.893494 78.539551
0 395.519318 337.195618 36.28009 32.327087
0 47.360619 291.731873 26.747086 25.592346
0 97.97673 307.906769 27.729126 26.170166
0 466.692719 307.314789 23.44104 22.318176
0 143.651749 546.255188 19.595306 18.922607
0 459.641571 545.640137 61.735291 55.712158
0 5.463672 173.616364 10.324316 32.281342
0 110.862595 24.89151 85.972443 49.096939
0 509.939423 444.716736 45.242859 45.533081
0 69.444397 146.169022 23.328537 21.239685
0 465.531891 212.34996 21.104065 19.420868
0 139.057693 528.253845 20.263489 18.33252
0 286.681946 460.999939 64.568665 60.115662
0 158.133942 121.078583 20.486511 18.608459
0 490.452484 492.594177 22.453308 21.810974
0 257.88382 102.318703 19.857544 18.335999
0 21.243477 88.581955 41.117744 92.520599
0 347.699402 179.908325 20.115417 19.258179
0 462.012268 407.974121 33.164795 29.481873
0 618.032654 80.562454 19.533691 19.38623
0 444.165619 300.700531 21.541504 19.555176
0 427.125702 117.707001 19.020325 20.852303
0 374.190216 24.575443 90.684204 49.150887
0 440.399353 375.323792 58.82251 58.016541
0 197.858139 58.329941 20.911072 20.13826
0 581.241455 495.95047 117.517151 288.09906
0 593.670044 630.540833 41.046021 18.918335
0 281.215149 537.701904 20.096802 19.694092
0 220.535706 589.412415 18.749359 16.049072
