0 316.333527 259.701721 90.176392 87.259933
0 511.344299 185.091492 27.394562 25.689728
0 76.820374 226.039993 30.023926 26.71698
0 403.979553 344.949646 35.029297 32.204468
0 437.046967 244.099762 30.318237 27.568344
0 575.938477 320.11322 43.041138 39.007751
0 482.030121 277.576843 32.484558 27.99884
0 507.144073 521.552856 123.188049 112.731567
0 571.218689 268.880463 24.000732 23.555237
0 536.26239 404.895477 25.018677 24.002686
0 506.168335 602.23175 25.173676 23.357788
0 545.036926 472.644989 33.407227 30.604126
0 506.634888 50.564671 137.625244 101.129341
0 565.545288 240.344955 33.258301 30.22821
0 142.537399 457.708313 24.10788 24.760376
0 127.469009 517.015442 21.26989 21.138214
0 510.076141 326.838165 24.420837 22.604675
0 20.163639 18.106468 23.496441 21.023857
0 294.188446 210.141342 25.976257 23.0896
0 170.098755 100.166336 22.611481 21.029175
0 377.96814 566.245789 145.989807 144.753784
0 131.546036 344.248993 25.794617 25.283203
0 596.97583 146.967422 42.073608 40.666443
0 423.084778 294.001923 33.607178 32.173218
0 264.141602 373.84845 21.865967 21.056641
0 128.500732 479.515625 19.385468 19.224731
0 433.385529 152.62851 19.180054 17.435425
0 54.387661 265.013641 24.611778 22.600708
0 592.008972 424.097717 95.982056 164.199036
0 123.4086 119.670746 129.628326 116.32962
0 91.364746 471.239044 30.705475 23.713013
0 391.084259 97.871048 39.010803 34.353088
0 534.765015 28.82966 23.432739 21.217472
0 554.00531 334.31189 20.069336 20.059021
0 299.330139 127.923119 28.179016 26.543045
0 464.313965 293.235168 21.645142 19.971619
0 171.691589 586.69812 20.561462 19.08313
0 55.279289 219.031067 20.776566 20.861176
0 188.763443 35.826496 38.520691 32.914024
0 471.173615 54.20285 17.558777 16.989151
0 610.235901 46.134415 25.127319 22.39296
0 568.758057 354.646484 27.048584 25.191223
0 245.151886 466.409943 33.39299 31.07782
0 271.135773 273.434845 28.908936 28.072815
0 178.56665 121.914413 22.775696 20.43399
0 467.320923 174.156372 19.592224 17.893677
0 428.607147 76.371552 20.552185 18.192703
0 59.414871 200.029922 19.156815 18.076416
0 29.470898 539.201782 45.716515 46.435547
0 311.939117 8.605289 21.076477 17.210579
0 538.607727 11.212063 67.441254 21.4566
0 620.167542 101.962494 32.803589 31.531097
0 36.647026 141.687607 58.145721 52.258118
0 214.266373 182.968903 22.833618 20.385315
0 491.518066 321.672363 20.476807 17.137695
0 132.379044 248.534988 28.605835 24.662262
0 504.778687 630.446716 22.935028 19.106567
0 565.784302 25.541424 20.907593 18.092705
