0 606.098816 336.693665 67.802368 66.793213
0 541.331116 430.967133 28.086548 25.049377
0 623.740479 260.097443 32.519043 38.643417
0 126.137505 501.954712 59.378159 54.871613
0 371.072357 310.553589 20.23822 19.362976
0 73.413422 515.526611 29.72908 28.16037
0 44.497375 19.97596 18.92823 18.602478
0 147.368912 123.010109 35.432526 32.774857
0 197.287857 355.967133 31.785675 30.726868
0 38.666962 361.444092 29.189583 28.709106
0 270.634918 397.558716 17.808411 16.843628
0 553.944031 560.912048 21.84314 19.847534
0 180.607117 149.651642 47.465637 45.121773
