0 291.005737 26.6026 32.472046 30.713173
0 111.699661 269.810394 79.249176 74.301331
0 68.804054 85.582855 137.608109 170.991028
0 238.474091 447.670105 49.422806 47.338745
0 178.451309 386.353973 25.035461 22.982666
0 444.838654 366.033569 190.496521 171.084961
0 341.286743 138.819565 108.790161 91.682709
0 291.624573 248.35437 38.319214 36.549637
0 302.824036 212.240097 24.119019 23.800385
0 625.271545 630.33667 25.926514 19.326599
0 520.151306 414.447174 28.876953 27.110046
0 580.84967 27.647007 30.588501 25.829491
0 213.62796 535.943665 34.343842 31.4021
0 106.9347 346.915497 50.629959 42.940125
0 241.748291 581.762695 112.20874 97.513306
0 39.762508 258.286713 25.99762 24.943359
0 133.086151 193.246613 46.446869 44.375
0 565.74292 12.890234 66.177246 25.317013
0 430.17511 80.711906 26.76947 24.868958
0 558.087036 470.538879 111.205688 96.527496
0 579.838257 316.250763 31.902222 27.57135
0 233.067078 62.257278 30.215668 26.007961
0 63.897659 494.676941 26.370056 24.710022
0 197.395386 506.534393 24.069489 21.882019
0 160.707977 431.154755 26.735107 24.538452
0 455.033447 556.163818 291.908569 167.672302
0 572.911499 130.973175 26.786377 25.052216
0 219.341431 209.548477 35.925262 31.595398
0 628.831665 486.425659 21.224243 21.107422
0 144.064133 59.570473 23.145416 21.805267
0 50.486015 432.12796 61.130463 59.12439
0 474.205566 286.091248 27.264099 27.067993
0 632.838806 257.76944 14.322388 21.996521
0 504.905396 60.8694 24.214996 23.168518
0 287.894989 106.715332 20.22052 17.964584
0 48.336769 329.154938 96.673538 111.999512
0 569.680786 350.930267 24.234009 22.667297
0 173.486145 620.150208 20.609039 20.931152
0 67.760139 418.015472 89.851852 75.434326
0 73.119331 226.50737 17.153152 17.00061
0 388.12973 76.063972 27.145325 24.17815
0 267.221924 634.86731 20.107544 9.934937
0 620.911499 170.154785 21.3927 19.012909
0 126.557373 509.026001 22.022591 20.734497
0 51.376312 447.151642 46.569138 38.731201
0 124.995766 562.219849 18.223801 19.436279
0 459.144958 228.015137 18.558655 16.386444
0 145.106445 97.077721 22.978119 21.044296
