0 548.475281 188.311157 42.45752 38.495331
0 137.664551 184.006516 59.785515 59.100159
0 49.203758 154.9207 53.655964 48.417755
0 622.36731 402.402069 34.263672 32.9823
0 466.176819 85.931374 36.659912 32.996292
0 84.564674 225.037811 36.738144 37.067596
0 206.889709 354.943726 26.282166 25.101379
0 552.122009 288.919739 36.438599 33.748169
0 415.805023 85.670341 20.850159 20.791473
0 17.57357 20.851055 35.147141 38.025993
0 160.082581 467.279907 31.772003 29.459778
0 66.433311 435.140747 32.96941 31.104248
0 212.487 443.666443 39.153229 37.277222
0 35.231129 626.614258 38.943016 26.771423
0 102.682266 345.873016 24.83078 24.387939
0 53.438263 115.517479 33.763168 29.280716
0 482.981537 215.0047 35.698364 34.989441
0 411.739838 332.519867 30.167053 32.84021
0 232.043961 141.728073 22.537567 22.037903
0 31.314018 71.720345 22.390409 21.147457
0 200.239655 498.618469 33.708435 33.035034
0 430.776367 13.636749 40.57019 25.421646
0 24.261242 234.615906 27.282156 25.815521
0 311.48053 626.051086 104.39917 27.380127
0 333.09726 64.733025 32.493408 30.456467
0 253.094574 68.102493 52.760498 49.460159
0 431.648468 443.006836 42.129333 37.620728
0 292.405518 320.579254 23.880859 24.636414
0 155.892334 458.172333 30.002655 32.38623
0 388.55957 155.824432 26.449158 25.653564
0 204.882889 12.562938 31.994507 25.125875
0 607.589905 537.558533 29.300903 27.682007
0 58.175678 521.043823 44.489128 39.373138
0 453.442139 59.604378 22.559509 23.079285
0 71.275124 40.372154 80.553864 72.509109
0 267.439667 476.281097 18.816895 19.187927
0 562.944885 403.023132 44.984009 41.685669
0 618.565308 599.330811 30.014038 28.491455
0 229.753311 475.256836 32.864471 29.824158
0 410.519867 383.710571 34.535461 33.971375
0 622.3927 570.494812 28.588013 28.061279
0 449.378906 613.989807 38.263245 35.699219
