0 52.055187 45.628685 37.841179 35.081772
0 217.651566 287.235291 46.04306 44.40448
0 137.022583 36.211201 49.851189 45.330788
0 195.213425 145.549576 48.908844 46.143028
0 248.780945 605.284973 33.033279 32.945801
0 279.627625 475.299652 28.379639 26.499695
0 348.55661 589.238525 36.50238 32.916992
0 156.894714 485.436401 57.259766 54.813568
0 492.803497 337.022705 21.001404 19.981018
0 138.414246 140.241608 80.097626 74.032196
0 141.236023 424.789825 22.028381 20.455505
0 324.873627 570.100464 23.593445 21.27002
0 330.788818 519.406982 23.971436 22.429443
0 281.628632 626.804016 61.968857 25.369995
0 537.017151 228.380859 33.197266 31.2034
0 55.041206 415.38092 105.506088 90.060791
0 354.685944 474.272247 23.762085 21.745911
0 426.76355 449.035522 56.88324 51.718811
0 209.493408 516.326355 63.585571 57.189362
0 137.601456 335.284119 125.287392 134.293884
0 136.210175 117.599075 23.764008 23.170105
0 360.493378 372.9534 54.150146 48.328735
0 220.653564 101.650757 66.831604 59.498055
0 356.741211 113.67588 29.664246 27.397141
0 282.911377 134.096054 32.007019 28.547142
0 296.24231 590.984375 19.512329 18.837524
0 139.191864 9.616503 53.945305 18.414822
0 296.138214 106.037643 21.882446 19.46402
0 531.192017 13.646044 77.277618 26.918247
0 8.626451 270.685242 17.013042 22.000671
0 185.894272 106.405472 28.037109 26.436066
0 272.564728 10.397701 65.927368 20.158432
0 409.274597 45.469307 27.703613 26.003769
0 367.968628 357.407318 28.925781 25.8078
0 100.626488 8.326103 33.567673 16.652206
0 67.938263 531.66333 47.766083 42.743286
0 78.524818 200.864883 21.102188 19.169952
0 434.836151 41.258202 136.244446 80.37294
0 578.813477 364.474854 122.373047 206.963196
0 13.251637 508.23175 26.503273 50.07785
0 435.582001 635.324951 21.212402 9.350098
0 354.71405 627.887634 67.271729 23.332031
0 153.685242 350.095398 19.886353 19.617737
0 180.583847 57.947868 18.235168 16.488571
0 273.694946 418.341736 18.047729 15.740173
0 193.912506 592.979736 179.979431 94.040588
0 243.356354 152.623123 20.279816 18.660858
0 134.529419 352.945648 17.854187 17.299377
0 135.68605 122.153976 38.246223 33.985802
0 281.954254 149.444519 31.055664 29.013916
0 73.530502 461.835144 58.515152 49.210266
0 310.230988 346.085358 28.753784 29.073914
0 70.667641 573.953979 39.09462 33.782593
