0 283.909088 212.303329 33.210266 31.431427
0 620.974731 390.952454 37.469482 32.689148
0 317.187256 423.210419 67.01886 64.406311
0 174.485748 400.846924 49.299225 45.698975
0 236.861435 519.03772 28.726562 25.548981
0 261.929749 403.885406 73.604675 64.924194
0 175.891434 59.55896 28.598053 26.728947
0 449.620789 213.291458 37.244995 35.782349
0 568.998535 295.431732 23.183105 22.148621
0 219.710266 381.560608 39.057678 35.168274
0 42.890362 309.329498 23.369425 22.754761
0 192.203201 203.516052 44.228882 37.448059
0 188.929092 84.032715 39.9328 37.85582
0 207.246521 559.009888 24.756775 23.947632
0 218.348892 491.717194 31.689178 29.34082
0 182.65625 342.380737 45.57428 42.653015
0 16.141365 380.186371 32.28273 42.402161
0 144.914673 508.141907 23.199768 23.083618
0 460.825165 502.427917 56.3349 52.544403
0 244.494293 603.622681 24.75502 22.867432
0 274.165161 137.500763 40.532639 37.770271
0 375.972839 503.783936 22.240662 21.801788
0 66.309464 574.492493 37.713898 35.285767
0 130.564133 351.823456 39.281036 36.173767
0 34.861195 593.012817 19.680161 19.395874
0 476.942322 550.492798 29.014038 24.112427
0 115.626595 583.203552 20.703888 19.999878
0 457.728607 587.883179 68.234253 61.322266
0 97.194901 344.539673 29.615143 28.293396
0 12.340094 291.137451 22.411491 21.940002
0 339.646118 180.440735 38.41803 33.849609
0 52.932884 182.673889 32.230785 29.658142
0 367.044647 597.566589 42.993835 37.789795
0 172.517731 158.439728 21.481415 19.188751
0 53.074539 558.54657 19.65728 18.581421
0 106.144226 195.317551 31.839798 29.347168
0 165.620758 178.706696 29.765381 27.852417
0 405.749298 256.257141 19.299866 18.147766
0 82.362923 543.817993 24.610245 22.859985
0 82.215981 390.256012 20.861481 20.285889
0 30.581261 24.58876 59.621819 48.137054
0 76.126755 410.650513 149.076385 135.826599
0 403.090302 398.795135 19.485779 19.303711
0 49.678814 554.93866 32.798439 26.491577
0 31.393681 90.746948 52.917603 48.969543
0 561.469299 603.340942 155.978668 73.318115
0 395.824646 613.559204 23.976135 20.702515
0 429.550446 476.23822 17.514221 18.526611
0 191.679825 491.895752 25.323059 22.600708
0 395.094421 470.819031 26.092773 23.185425
0 6.184048 200.305084 12.310001 23.095886
0 380.204285 631.421753 25.868713 17.156494
0 65.398193 148.56752 19.8046 17.416565
0 320.692993 583.721252 20.621765 19.213379
0 342.589355 295.415527 31.628784 27.557434
0 290.836578 397.466309 31.284485 31.082642
0 510.753357 307.575806 28.263062 26.522339
0 111.845055 473.520203 23.391556 18.740356
0 95.142853 569.674805 17.419983 17.026123
0 167.846985 168.156647 27.707184 32.168915
0 291.491119 96.500275 34.48291 31.313782
0 8.328909 463.225739 16.626392 23.632935
0 287.246399 70.684555 30.397705 26.586639
0 146.134964 316.040955 55.311378 51.145752
0 291.200043 355.769745 31.307861 30.616577
0 353.804016 510.038513 19.645081 18.677612
