0 164.517532 395.063995 49.457733 41.639832
0 468.988373 125.613937 54.502625 49.653656
0 200.269409 301.82843 40.944122 37.185486
0 426.780884 431.583282 29.598755 25.118103
0 529.824646 164.746429 93.119843 78.463013
0 369.746979 483.669952 23.916077 22.93335
0 554.845825 252.555756 34.13623 30.600296
0 529.003174 517.652527 32.859375 29.982422
0 573.008057 543.747681 21.764648 20.868042
0 550.852356 37.936512 24.027222 23.227448
0 428.159546 214.136932 121.051819 100.210281
0 396.560638 425.206635 28.36499 25.914307
0 134.257187 21.285892 25.964439 24.015709
0 326.592438 376.109253 26.695679 22.883484
0 64.705177 139.619858 24.135853 24.107483
0 144.6008 97.917915 25.323761 24.575882
0 123.047592 480.544922 17.976921 17.38092
0 277.39209 476.910339 20.848938 19.709473
0 594.609924 607.935059 29.57959 24.759033
0 48.264751 158.721909 24.447456 23.228424
0 263.618652 583.439453 185.205673 113.121094
0 13.317854 518.14624 26.635708 46.916504
0 618.119324 474.592804 33.410156 31.69928
0 408.822815 617.935669 126.415344 43.4552
0 141.482758 474.695038 31.146393 27.408997
0 474.150909 66.409363 26.215271 22.898087
0 590.825256 205.297943 80.168701 71.705322
0 117.251923 296.282379 21.813995 19.269287
0 92.071243 489.566406 57.39003 50.537476
0 71.794128 524.380005 25.588074 24.586304
0 601.34082 328.691589 77.318298 193.185562
0 69.355331 443.208618 29.195068 25.537964
0 15.930305 329.594757 31.860611 51.354553
0 242.90274 631.718079 26.857544 16.563843
0 86.065453 282.694641 24.128891 22.84668
0 12.653961 397.121918 25.307922 38.628662
0 538.597839 471.462646 38.422363 33.364929
0 172.408142 433.336304 25.607239 22.941345
0 576.775513 447.229645 20.80603 19.672058
0 256.705261 442.140045 18.290787 16.338379
0 420.033539 388.512146 55.853638 49.220581
0 87.897614 341.267578 42.714554 37.839844
0 450.850952 217.790909 51.865906 39.878662
0 34.675034 483.007477 18.961058 17.31604
0 129.725449 277.833069 16.93148 16.189575
0 152.354004 453.874878 24.039764 22.814331
0 627.940918 541.072571 20.239014 17.622192
0 227.465027 367.250458 20.088501 17.950073
0 475.70224 293.760773 169.447815 137.651123
0 446.542145 42.659233 21.204285 19.531151
0 613.185181 18.285379 26.542725 22.336842
0 297.150238 161.123322 18.505676 16.933044
0 475.664764 344.79071 41.872131 40.118774
0 120.579376 33.378632 20.932068 20.233292
0 444.76181 217.182846 32.097778 28.707916
0 313.916229 183.699768 20.426514 20.012238
0 302.397675 255.325027 158.688599 127.831024
0 11.875511 592.401978 18.755203 17.898071
0 440.321716 217.518814 79.725647 63.825714
0 182.441116 52.035805 22.789551 21.529892
0 409.154083 603.09259 36.35144 27.00415
0 45.766907 554.315491 66.645264 62.286499
0 167.767532 68.370064 22.555786 21.862377
0 446.074615 442.331818 19.402527 19.129028
0 193.682831 37.442421 24.370514 20.725676
