0 315.964386 509.696472 45.422302 36.919067
0 100.873413 535.832092 47.719589 40.184448
0 220.752136 207.116821 40.766022 32.842529
0 55.812374 341.780304 57.739647 50.945374
0 180.923889 487.18515 33.330261 28.535034
0 88.598701 203.32962 47.841888 42.706207
0 292.504059 445.288391 40.009705 37.002747
0 416.467651 434.748016 37.215698 34.105835
0 103.803474 265.262817 36.421768 32.064682
0 144.495804 156.327972 41.32309 38.138519
0 434.170593 104.464149 31.504028 28.158508
0 330.681305 209.220688 69.411926 62.413727
0 264.158661 450.547607 27.503342 25.450623
0 50.129372 12.636122 31.105114 25.272243
0 464.815247 250.917603 31.74231 28.046387
0 36.519119 41.222145 27.546371 24.082624
0 71.110977 307.906403 59.381161 51.347717
0 178.663269 628.306152 28.340149 23.387695
0 528.910095 601.623413 27.46814 24.382935
0 314.495941 155.850479 21.967407 18.771057
0 149.424713 468.055389 26.265656 24.164734
0 258.567352 427.344269 25.519043 23.343567
0 369.925293 48.346489 23.285645 20.828674
0 476.156464 13.305721 38.945312 26.611443
0 233.429642 182.171432 26.485382 24.167389
0 317.00592 615.390381 28.718628 27.239502
0 573.587891 146.096466 19.499512 19.477692
0 587.947815 482.863708 42.737549 35.06366
0 529.564514 332.25827 47.853394 40.223999
0 568.459961 363.106628 46.52356 38.117493
0 15.750275 109.455887 31.500549 34.592194
0 168.683563 70.087265 173.174377 136.971039
0 343.992249 330.649292 64.048096 57.049255
0 451.653076 274.517334 43.796814 39.995911
0 399.848511 320.169678 39.996582 37.560181
0 627.778748 213.198288 21.204956 20.68335
0 497.982239 359.785156 51.738525 46.440613
0 152.916611 305.565552 24.146484 21.64978
0 377.973938 191.127747 23.657593 21.74408
0 566.610291 542.429077 48.872681 43.491455
0 557.461609 513.443481 20.884766 19.280273
0 583.757385 509.993225 25.731567 22.791229
0 595.697998 453.705048 20.125122 19.02771
0 462.581604 581.653625 288.968994 116.692749
0 74.246391 7.88716 18.828888 15.774321
