0 534.499756 36.973442 87.709106 73.946884
0 605.619141 501.281555 44.993652 35.978516
0 405.346832 55.320995 69.779846 58.449623
0 38.287849 410.887299 76.575699 108.042114
0 101.105774 84.919464 34.421219 32.899872
0 49.872734 614.689819 59.679951 50.6203
0 424.415466 169.662903 45.426941 42.027466
0 308.598907 479.828674 31.792725 27.759094
0 154.727921 392.720886 28.059387 25.587036
0 460.273315 161.624039 28.038086 26.27002
0 584.554321 471.870117 28.26062 25.389709
0 363.793396 303.262268 28.218262 25.505615
0 104.67437 53.009178 27.289124 24.604748
0 481.964935 554.891174 32.438843 29.754395
0 123.246681 29.168159 27.642075 24.258669
0 450.531372 364.741821 24.55188 23.133667
0 155.34288 148.982666 27.79776 24.562408
0 8.919146 171.498337 17.838291 32.274811
0 46.7015 45.538826 31.063339 27.727425
0 195.281418 397.415192 27.688965 23.104919
0 583.997131 290.75293 39.634766 38.116516
0 97.824165 38.554409 25.227036 22.420572
0 41.860905 163.749237 21.844473 21.356995
0 222.848694 606.182312 24.653259 22.242432
0 492.878357 604.64978 23.201965 21.863037
0 144.172302 264.17984 25.128815 22.032898
0 603.522888 209.103882 72.954224 86.366364
0 182.277206 618.766663 25.556122 20.9646
0 333.335083 135.239685 21.259338 20.547241
0 406.942261 141.698792 30.280273 26.292877
0 44.654675 281.848419 18.744667 17.609619
0 404.058685 261.068207 41.1026 36.84993
0 336.145477 439.930634 22.503174 20.158752
0 401.503113 16.485035 21.566895 18.883457
0 73.176254 46.675148 23.005657 21.946678
0 392.11792 364.633759 49.284363 41.873352
0 140.348969 439.107391 37.962822 32.675049
0 137.930908 514.884644 48.103455 40.015411
0 596.974976 631.044006 41.35376 17.359985
0 113.613892 533.897156 22.522507 20.380981
0 508.276459 406.677185 41.651062 42.205444
0 361.062103 38.052078 22.490479 21.759321
0 443.179413 320.771515 26.06488 22.330933
0 395.203125 226.284363 34.478516 33.571747
0 41.115295 16.638287 70.908569 32.598381
0 226.274124 469.487152 22.258087 20.361572
0 455.774292 13.722964 97.587463 27.445929
0 393.389587 63.377899 42.557617 40.569431
0 296.331635 323.452423 28.897034 27.324951
0 471.533997 451.067932 35.619202 31.216736
0 529.103577 193.372787 20.594849 19.096069
