0 391.329315 72.561859 30.239075 28.700565
0 228.436768 324.449585 26.096191 25.295288
0 220.778061 20.775681 17.889862 17.125862
0 285.644775 574.593872 21.10968 21.186646
0 103.27124 290.414734 21.380707 21.756897
0 338.114868 430.151367 22.760559 19.976013
0 79.996231 59.854614 19.755707 19.642075
0 417.833771 82.777771 19.376953 17.193176
0 563.847839 7.884645 19.799805 15.10387
0 620.405945 82.611435 38.354248 67.105591
0 114.543915 272.738464 20.401764 19.023071
0 94.806992 274.345337 20.874039 18.639282
