0 121.509529 48.492222 81.378586 80.56115
0 191.323746 507.368988 30.451782 28.803284
0 82.305847 209.820984 41.215366 39.262634
0 23.3696 552.559692 25.100315 24.202637
0 139.273758 382.539093 23.386047 21.228577
0 477.545319 215.049103 23.624695 22.004761
0 567.366699 557.731018 19.688843 19.78479
0 140.365845 620.081543 23.716797 21.925781
0 545.550659 203.700867 26.879028 23.78418
0 101.534271 384.071228 22.396011 20.808533
0 192.868835 164.001404 62.190552 58.070251
0 600.230896 395.28125 19.397827 19.352173
0 218.323624 40.367001 22.08844 20.881767
0 136.254242 193.761017 74.435555 82.206879
0 52.280354 510.369019 21.105972 18.884277
0 487.591278 423.516083 21.699158 19.999451
0 379.072388 429.743439 20.383301 20.081055
0 77.235336 106.193008 40.870804 35.552505
0 630.313721 323.118195 19.372559 30.603943
0 299.567108 351.609741 19.731934 19.387268
0 532.334229 385.846863 19.227295 16.870178
0 425.231995 21.537882 54.462708 39.832745
0 418.668854 50.664013 43.037415 38.60714
0 557.830627 292.28891 19.021118 17.703064
0 178.303802 635.182495 21.02475 9.634949
0 113.867691 334.626617 20.577332 19.361206
0 170.805191 297.818817 21.928589 19.680847
0 164.872955 362.279968 28.725098 27.813721
0 270.704498 129.061005 108.348495 80.407135
0 591.807983 489.157227 43.241699 39.147949
0 537.817261 65.105659 19.932861 17.73106
0 39.497635 244.496964 19.509392 18.276306
0 176.616318 96.976715 26.597595 23.852402
