0 463.595459 494.315186 143.887817 114.980988
0 428.308411 100.188728 30.699646 26.96492
0 604.532471 423.383179 69.912231 66.693054
0 290.830963 626.983826 33.548645 26.032349
0 575.749634 477.24942 85.959473 69.797302
0 294.064667 242.147766 33.60968 28.554489
0 365.626465 372.180206 67.880554 60.665588
0 370.033783 28.929802 30.644592 27.730003
0 461.757019 390.032196 59.424072 56.340698
0 218.691956 291.327972 24.567017 23.065674
0 595.906433 576.61438 25.43689 23.790039
0 428.219849 223.089767 25.117065 23.530853
0 448.044067 596.32605 40.040222 35.269165
0 347.949463 544.717957 32.099365 27.741943
0 434.84436 372.120728 29.912842 28.55072
0 549.887268 151.557144 25.144165 22.296112
0 352.017822 438.827454 22.906006 20.82605
0 117.684937 232.663406 27.448174 23.89978
0 164.422684 143.448364 21.071106 19.122711
0 248.470703 587.77063 26.110107 23.286987
0 154.827393 263.538635 38.3396 29.659546
0 629.362427 609.968201 20.349976 26.177612
0 606.742615 168.363388 20.287476 17.255646
0 202.913559 490.489532 30.651978 26.601379
0 506.475464 206.980377 33.080719 33.394226
0 617.620178 514.968872 39.822998 40.5177
0 192.673553 601.204224 20.47995 18.799072
0 555.225647 424.382935 29.412354 26.628967
0 376.503174 503.677856 45.301819 40.237549
