0 312.90509 538.534607 126.282913 111.553558
0 565.556091 471.842773 55.580078 51.68158
0 502.398987 564.19104 211.761932 151.617981
0 546.439575 340.795135 179.42923 185.088455
0 43.438965 573.454407 41.818424 35.104126
0 263.379944 233.935669 119.424011 112.238998
0 439.953247 263.430176 94.924866 83.37262
0 259.145386 597.703064 34.144028 32.247437
0 364.545959 614.782227 43.338745 39.525391
0 322.674805 366.418701 31.567749 28.489258
0 614.075684 157.821472 27.66333 24.870453
0 271.204102 404.735565 88.175964 82.615479
0 509.328003 50.766273 33.314362 29.449284
0 81.903 560.384705 32.544876 28.487915
0 227.868408 533.156067 54.230865 50.542725
0 625.91095 546.941956 26.132935 27.012451
0 392.417511 264.220154 23.037903 21.918777
0 129.730164 267.808075 26.512978 26.602905
0 230.113647 163.109802 31.274811 27.599182
0 104.908646 495.985657 22.303894 21.194336
0 255.172012 503.940918 25.108734 23.411621
0 175.766342 515.537048 65.687836 57.434906
0 38.751038 490.197601 33.164352 31.360535
0 149.451965 629.34198 27.181213 21.001343
0 507.453125 251.640717 22.978119 20.935104
0 373.547424 425.608124 51.528259 47.463074
0 365.341217 200.545929 100.006714 92.806335
0 327.313324 82.71743 83.985901 81.416
0 141.106857 189.425919 22.632843 20.892334
0 390.900238 631.720215 36.246887 14.505737
0 448.747437 317.599335 25.227478 22.224243
0 627.211426 456.801392 20.582764 22.433289
0 473.437561 398.13559 25.131775 20.961182
0 36.152344 146.324066 53.671204 50.123077
0 513.46936 7.444402 23.030396 14.888804
0 630.066284 424.582611 19.867493 34.118958
0 95.394325 135.240463 19.164825 18.088348
0 75.158249 325.843262 25.353424 22.91333
0 124.925201 34.298729 152.341125 67.967636
0 77.707413 195.08699 28.723728 24.511902
0 91.540588 58.513454 22.051117 19.721886
0 166.729614 225.050018 103.537476 87.267838
0 116.767563 545.376404 22.263367 19.667358
0 176.808029 595.498657 134.634674 89.002686
0 559.45929 74.359619 110.977203 97.138672
0 175.060196 418.038208 26.166595 21.766296
0 8.225523 282.699249 16.006855 27.733704
0 436.153381 462.517059 21.961365 19.466003
