0 537.729553 175.65004 82.995728 71.064545
0 517.223206 259.303497 32.377289 29.082443
0 376.701202 89.371033 43.201172 39.433456
0 335.411407 352.378235 42.39325 37.942139
0 316.619537 51.782112 57.481323 47.566879
0 412.794373 40.769958 29.580627 25.130157
0 322.61792 68.153564 88.742676 74.890717
0 241.404724 291.516998 66.548813 63.343323
0 469.600342 457.743469 144.317169 131.267487
0 234.917587 195.759003 19.721771 19.797302
0 355.032684 170.12767 71.112366 53.159729
0 322.630127 459.182587 48.552185 43.404846
0 49.993092 23.34557 47.065697 38.885254
0 320.742615 409.49234 44.90332 44.388611
