0 235.975006 221.668213 77.30542 68.517487
0 522.027832 331.839203 37.472809 36.915161
0 463.145203 541.574585 31.901123 27.713257
0 546.137939 432.380737 43.656006 37.661804
0 200.958328 108.901703 32.984924 29.693451
0 303.746643 129.678101 47.880615 39.382721
0 84.444664 248.020416 31.692368 28.421936
0 59.335129 316.911163 27.144993 23.722839
0 598.763184 70.147926 26.290894 23.171188
0 454.780182 111.590294 24.879639 23.031097
0 161.420746 630.592163 24.300262 18.732544
0 493.392975 31.974859 27.83667 24.316906
0 123.429314 517.245483 71.253281 74.782715
0 400.801605 578.986572 195.03009 122.026917
