0 268.406372 288.54361 228.053162 146.134445
0 297.887878 402.294739 32.346985 27.734192
0 478.081787 294.654327 41.090637 31.227173
0 12.260265 472.27951 23.829281 23.830811
0 219.149216 408.225555 35.853058 29.119446
0 32.579903 509.264282 32.566422 28.340179
0 71.973022 595.37262 25.240387 24.262207
0 288.813721 47.09602 53.368896 49.735893
0 114.499481 462.685211 33.374596 27.896118
0 553.546143 94.878387 35.177368 28.931396
0 240.801971 39.528076 35.948669 32.389549
0 83.232567 158.488846 115.432541 86.91452
0 114.628403 299.213531 21.162552 18.622742
0 72.085915 613.734314 20.76421 19.088013
0 18.403416 362.42981 23.522743 20.614868
0 380.391022 602.761292 49.329712 42.335693
0 388.153473 389.415344 26.509705 21.242615
0 224.235306 357.38092 20.112671 19.239929
0 29.789867 422.854553 26.480499 24.137878
0 224.780182 534.563599 23.126221 20.172974
0 412.319733 331.057587 66.394226 52.195801
0 238.231155 10.955921 49.056244 18.945137
0 437.231384 392.671631 50.319641 43.02063
0 371.127472 178.173782 37.819641 35.916748
0 572.682007 194.409653 33.509399 28.539368
0 629.87146 167.157471 20.25708 25.104218
0 82.5578 324.783325 165.115601 158.124939
0 139.09671 508.712799 52.496162 43.522034
0 504.634979 122.3629 27.774719 24.908325
0 205.465927 136.943893 29.721954 27.230377
0 85.175514 607.605652 83.446548 64.382446
0 38.527397 278.384247 21.964647 19.306885
0 318.444855 350.935699 32.82782 27.724731
0 236.7173 5.626016 43.913361 11.252031
0 252.27597 204.80925 43.026566 34.761169
0 192.650803 257.241028 20.978363 18.751282
0 341.670715 380.986572 21.53302 17.937622
0 509.113464 569.171753 32.121674 27.880127
0 204.672531 424.938019 20.754547 16.787048
0 381.906799 619.687744 50.288208 40.624451
0 230.795013 631.751648 48.815399 15.372925
0 496.269714 192.580002 20.487854 16.675232
0 471.147064 370.22998 19.463562 15.386719
0 233.908051 17.400013 28.057648 22.315022
0 116.462936 20.297009 18.733093 16.999512
0 382.814484 54.934067 18.905884 16.423462
0 324.391113 554.128723 100.046204 90.346588
0 531.178711 371.945953 28.252197 26.020386
0 77.893944 523.499817 21.045532 17.999878
0 461.108765 510.73645 21.128906 19.707245
0 605.476379 315.892883 63.041138 51.869385
0 187.313629 369.014435 18.39389 16.386292
