0 316.161133 316.40271 30.465576 26.961548
0 598.923279 26.742516 35.559937 35.703278
0 89.483612 552.340637 31.806976 29.008545
0 50.458393 449.32312 26.484306 25.408264
0 193.638351 441.723389 22.977142 21.532349
0 63.943752 388.997894 23.120567 22.078674
0 338.338409 614.410095 27.158264 26.858643
0 385.608734 335.210785 24.150879 21.565308
0 513.849854 555.676453 43.304443 38.022705
0 29.371895 80.990822 20.018282 18.768173
0 345.397766 383.703064 20.844482 20.408081
0 283.106934 67.303978 21.19397 19.461594
0 386.077087 440.813293 21.066162 19.337463
0 69.479324 315.382751 21.660095 17.480286
0 319.070862 619.383423 32.468567 33.914917
0 191.299667 221.154114 19.05722 17.905731
0 256.836304 600.602661 22.76239 22.14856
0 16.497261 108.198883 20.744392 20.942245
0 486.880524 228.341965 21.818237 21.803345
0 185.156219 600.94104 19.934052 18.238403
0 633.868408 147.451218 12.263123 22.755554
0 372.127197 137.450424 19.818726 19.089417
