0 516.720032 423.48175 27.737671 26.166809
0 421.031494 203.971527 23.621399 23.520599
0 516.052246 537.59845 33.324249 28.474121
0 599.526367 228.559723 23.199585 22.127838
0 11.507561 335.624939 23.015121 33.239319
0 342.733063 247.680542 20.742554 19.630295
0 478.919495 318.512726 21.87677 20.742432
0 77.158791 162.255188 47.178329 41.3172
0 590.332336 8.097376 25.671631 15.878532
0 46.842712 613.549927 25.186844 23.303955
0 92.759041 611.189575 24.847198 24.18689
0 278.043732 8.133167 23.596863 16.266335
0 590.497498 460.912659 28.990356 26.992249
0 463.162903 554.734924 21.878784 21.975586
0 622.852051 142.610855 18.907349 20.950989
0 478.418304 382.215485 21.300415 19.878906
0 628.874878 74.937256 22.250305 38.93663
0 87.04763 169.813934 33.683685 29.413818
0 599.150452 37.812653 19.905273 19.432951
0 45.039295 632.762817 27.210867 14.474426
0 450.503937 480.582916 20.594116 17.957825
0 393.085815 102.967422 20.282715 19.253387
0 294.428131 59.390999 21.083435 21.92569
0 301.116943 359.514221 20.280334 19.242798
0 98.933975 339.033997 20.89624 18.212708
0 579.797974 199.278961 28.731201 26.275635
0 506.737274 78.921707 20.134583 18.899948
