0 61.227081 348.736572 38.631069 31.364807
0 220.31398 501.905273 57.253632 48.862762
0 572.43219 600.970154 27.210815 23.373535
0 539.801758 516.288086 39.824219 33.456879
0 238.380737 626.952759 54.987854 26.094543
0 291.647736 479.186768 34.290405 29.790771
0 622.945923 329.063507 34.108154 41.075317
0 62.438313 189.779358 36.861275 32.125397
0 579.262756 525.011108 39.462646 34.541016
0 127.148163 301.01413 26.16626 22.929932
0 514.061584 300.056549 32.080475 29.020813
0 174.973587 266.587006 24.348206 21.405762
0 88.988472 121.632751 24.075653 20.074806
0 395.652527 519.279846 24.707275 23.005493
0 471.116272 429.808624 24.098022 20.417053
0 117.154205 353.872009 25.468384 21.082336
0 390.722656 497.429352 22.273315 19.736633
0 476.283539 350.024872 43.178528 34.964478
0 234.240616 621.90033 34.766693 23.190186
0 369.963196 257.916565 27.052612 23.874023
0 583.939331 125.612411 112.121338 136.166351
0 606.232849 612.37439 38.282593 33.615967
0 181.606369 530.695007 28.60376 25.260254
0 13.364392 541.121277 26.728785 51.034424
0 541.832153 281.18042 72.834717 73.563904
0 607.16217 278.13504 63.201782 61.498947
0 143.36586 23.916901 20.573547 18.25087
0 235.519485 617.075439 19.353668 16.244507
0 469.251251 9.204496 23.501587 18.408993
0 499.683411 526.652893 25.122162 22.556641
0 573.922241 322.944336 19.546143 19.239258
0 573.173706 213.106003 45.399902 36.769104
0 433.494141 601.646057 29.868713 27.66626
0 481.631622 80.226234 22.984619 20.68042
0 55.116299 125.412964 21.48185 16.319054
