0 57.708698 378.830444 115.417397 99.32782
0 352.607178 70.615204 31.07373 28.326447
0 257.380035 339.541473 157.919312 157.845276
0 565.595581 266.087158 148.808807 172.330444
0 314.581665 542.1521 38.682434 32.842041
0 577.64624 48.781296 124.707581 95.078094
0 557.312622 541.961182 165.374786 196.077698
0 53.833817 233.563934 33.468685 29.985565
0 232.646805 157.16803 175.167999 177.096222
0 347.407166 332.941803 60.335571 54.202087
0 54.939751 455.168365 24.730743 22.526184
0 280.474701 569.358643 33.012146 29.988037
0 328.676849 315.336548 29.156494 26.553955
0 64.756187 316.862549 25.172405 22.179626
0 131.311646 264.524139 21.810448 20.12384
0 433.628448 121.912376 68.479675 63.379288
0 132.519669 110.270119 22.45874 19.435913
0 241.523895 597.554932 21.690979 18.786377
0 355.848358 228.12236 21.057922 19.147491
0 345.375854 145.155334 87.516968 78.149719
0 92.213326 409.498657 19.926041 17.994629
0 166.045654 271.761963 103.761627 96.769943
0 588.160461 450.29245 21.11145 18.810303
0 176.805511 45.859104 293.182312 91.718208
0 328.94101 193.954453 37.794861 33.131165
0 155.822327 491.302063 129.695679 123.969208
0 325.8974 245.571289 94.162537 83.487122
0 210.020599 417.200562 77.824341 72.634216
0 469.481812 344.312439 132.802094 113.025146
0 318.604462 630.017761 49.036926 19.120972
0 12.708424 557.177002 19.120918 16.763184
0 628.993591 198.085327 19.145386 19.649994
0 338.626862 624.673096 82.472534 30.653748
0 314.646851 147.691055 31.667847 30.441071
