0 577.657043 473.818573 35.795898 31.650024
0 326.754303 71.213127 44.858032 36.232605
0 543.84082 185.08728 25.536987 23.014679
0 589.583252 505.334015 28.682739 25.820496
0 298.369812 201.037231 25.266846 22.891327
0 169.295532 18.714088 102.710907 37.040222
0 520.769775 291.463257 100.89978 82.603333
0 458.663971 334.375458 43.097961 39.878906
0 37.603855 479.859558 22.954292 20.027649
0 431.557953 169.181946 19.779297 17.076202
0 190.670166 530.72406 19.855011 17.935425
0 52.049446 567.949768 21.918381 17.802002
0 207.676697 453.42868 25.176819 24.237732
0 287.581818 443.692749 38.376526 35.539185
