0 198.93837 55.739822 56.860626 56.783081
0 103.176308 182.426559 49.830643 42.901672
0 35.678444 69.430534 30.309004 27.72234
0 134.89032 135.289871 33.221375 29.10247
0 42.763542 529.147644 22.79196 21.61145
0 176.347961 116.950806 34.487701 31.067329
0 69.525314 489.461884 27.57988 21.687134
0 620.061951 8.605701 21.119141 17.211403
0 359.717529 146.843414 57.060181 57.176239
0 194.656662 531.039185 19.904907 18.483032
0 201.459579 545.484802 21.999359 19.452759
0 62.199173 424.675446 23.622726 21.871887
0 125.93206 48.585575 26.366196 24.19767
0 436.459167 416.501129 37.755554 34.205505
0 131.860138 108.072647 35.717529 30.108292
0 314.957214 620.396057 64.070435 39.207886
0 520.518005 355.909882 21.066528 20.875244
0 553.675476 448.171753 18.97583 18.993774
0 42.546089 277.10614 22.750038 22.423218
0 258.78476 172.167435 29.088623 25.404938
0 620.592163 464.166779 30.770752 24.760132
0 306.181549 75.938873 38.974243 39.978062
0 14.436205 303.400452 24.531338 21.928894
0 586.844055 452.47522 43.04248 40.169495
0 258.585999 148.271271 33.160049 30.591553
