0 474.673462 182.975647 99.144409 88.024475
0 458.647552 57.34906 35.680786 33.466003
0 452.458954 401.499878 24.935364 23.466187
0 439.439056 484.864227 32.580383 26.660339
0 548.558716 151.844666 59.201294 53.726318
0 91.316368 307.38797 26.033005 23.941467
0 483.647003 296.886139 58.027161 55.288391
0 264.400757 119.589691 20.466187 20.589691
0 513.652405 131.540192 24.359467 23.515045
0 219.299072 74.154358 19.458862 19.166565
0 433.186859 341.9599 38.495667 33.508606
0 33.553471 403.81665 26.609818 23.120239
0 62.061424 393.296448 29.87981 29.330383
0 135.236923 268.326508 21.147285 20.687988
0 599.472351 111.016586 19.952026 19.190231
0 354.994232 342.268799 46.362915 43.13269
