0 589.260681 216.838013 75.841797 71.090637
0 607.319763 293.488159 65.360474 61.637512
0 458.671448 293.790771 57.987061 52.459106
0 355.449707 516.998901 109.614258 92.015472
0 223.763809 412.924133 48.210632 44.354553
0 598.585144 330.894592 30.544189 27.794556
0 360.154755 187.991165 30.378357 28.761749
0 120.916992 148.742767 48.239258 43.239052
0 524.839783 415.402985 148.801422 125.170715
0 52.024338 26.072954 38.84 34.70013
0 523.813477 80.198799 32.843018 28.692047
0 187.269104 106.16848 31.654755 28.761459
0 130.513809 86.00399 31.190033 28.268341
0 316.628357 293.019379 123.829086 99.599533
0 103.326576 320.718872 42.302597 39.187622
0 342.415161 460.860748 39.715637 37.163025
0 131.262451 49.075905 34.305634 32.566666
0 242.589645 247.079361 64.976471 55.58786
0 105.90033 11.473886 49.184319 22.947773
0 456.470123 478.903503 75.445801 67.964508
0 217.190308 216.517807 36.23819 33.957184
0 603.503601 455.938049 72.992798 85.977112
0 578.490417 566.40625 30.940674 26.610107
0 572.363098 522.309082 45.863525 42.188721
0 234.833771 128.875656 26.103333 24.352379
0 367.079407 607.200317 160.371704 65.599365
0 522.803162 326.475769 102.404694 79.172913
0 76.560974 162.446716 32.952682 29.214111
0 308.779327 102.994606 27.825439 23.551163
0 197.822205 146.059525 29.629852 25.396545
0 427.80423 258.789062 70.461304 58.996338
0 453.415466 106.417526 30.222717 29.539841
0 590.485291 628.815857 30.47876 21.61499
0 100.066696 488.600433 25.307846 22.875977
0 241.707047 273.549072 27.429596 25.381958
0 295.300079 18.320023 39.487061 34.686157
0 14.784669 314.705536 27.2055 26.031067
0 500.493591 498.936554 25.307861 23.135376
0 500.725922 551.399597 25.407532 22.348999
0 543.619995 277.543701 35.58374 32.954285
0 430.805054 593.68866 32.326599 29.030518
0 58.035645 7.946022 42.596451 15.223873
0 202.625916 295.574768 82.326965 73.904907
0 341.1492 76.272896 43.555542 38.562347
0 113.232399 124.637978 22.171097 22.779831
0 54.079098 236.140488 22.030357 21.16864
0 468.067505 628.040039 49.139343 22.659912
0 267.395691 489.003174 49.399109 43.97406
0 520.759521 624.965332 57.571289 30.069397
0 620.328979 381.035858 39.342041 82.085144
0 256.101288 364.862305 24.874069 22.71521
0 504.199463 17.867882 39.452515 34.269173
0 218.483459 355.832794 53.317902 49.50592
0 594.737854 615.027649 34.661133 32.378906
0 229.549774 607.52179 107.09404 64.956421
0 164.412521 23.668114 34.360535 29.972275
0 372.112793 143.909729 57.263062 50.550018
0 37.30204 256.7677 28.317614 25.466614
0 450.830322 536.129089 29.183167 26.77478
0 173.032257 610.025085 28.995087 28.276733
0 204.726379 456.912628 23.553802 20.811707
0 184.588501 267.479156 27.024933 22.497437
0 72.681946 52.47147 26.426678 24.418007
0 176.642166 248.438812 25.302734 23.623596
0 208.915588 313.608002 48.87619 40.370239
0 121.477684 298.114716 73.137589 62.854065
0 72.645065 308.513489 21.056046 19.261414
0 163.893372 380.5578 34.145477 30.985535
0 66.770264 118.746986 21.495422 19.721573
0 50.84523 147.311005 20.018372 20.449768
0 132.93277 218.345398 90.847565 74.404327
0 518.361084 119.153908 61.060303 54.520035
0 82.270844 130.375977 27.440125 21.124443
0 8.140569 253.797943 16.281137 21.95575
0 403.192078 288.265869 19.525208 17.525757
0 89.083588 110.588287 25.141785 21.689438
0 397.083771 105.380013 50.968079 44.467575
0 376.150085 56.672897 47.037231 40.994503
0 499.330231 201.605499 39.931458 37.736084
0 28.979214 413.016907 57.958427 97.302551
0 486.292206 622.683105 98.739807 32.887329
0 198.922318 73.857544 47.486053 41.714676
0 38.317062 223.8396 20.889137 18.589996
0 477.497498 567.817627 29.938782 25.453857
0 419.688873 356.769104 37.98645 34.992676
0 396.749359 473.565857 55.564636 47.812744
0 287.844788 517.680603 30.992126 29.824127
