0 407.016327 572.288574 33.827026 32.990601
0 54.816402 216.897903 53.096458 52.286407
0 547.551086 92.843826 180.710327 176.701172
0 271.623444 132.768707 32.30986 31.044243
0 506.805115 453.546753 28.495117 26.132629
0 610.140503 604.005859 23.673828 23.890259
0 248.972321 343.585083 35.632217 32.499512
0 251.551727 242.56041 23.456039 23.126862
0 625.206299 520.660583 29.587463 32.96582
0 463.332336 296.151978 98.735443 80.43927
0 557.173584 310.512238 104.307251 89.205566
0 407.68219 421.650574 21.221436 20.332092
0 32.348755 316.30246 64.69751 63.460815
0 13.48634 162.006821 25.872437 24.747772
0 342.611603 101.580566 24.072083 23.008545
0 243.458328 492.662659 22.363068 21.32782
0 304.746796 427.457306 30.893372 28.193726
0 541.095642 553.658447 18.915405 17.449463
0 356.842407 527.335266 23.122009 20.736206
0 101.158806 577.827271 22.576141 20.407349
0 535.216125 536.817322 23.071655 21.464844
0 261.25174 11.909492 27.392838 23.244263
0 50.821045 511.43399 34.990574 32.319885
0 374.901093 387.437164 21.359497 19.173828
0 549.799744 214.647552 29.537476 25.544983
0 200.398682 179.757797 30.654419 24.713837
0 257.75647 380.463593 32.459717 30.46344
0 503.105652 197.048721 66.687164 59.595184
0 553.213806 360.337311 24.944946 22.887573
0 457.767578 38.582108 19.259277 18.797676
0 96.680046 110.203461 21.746017 20.094559
0 276.526367 518.816833 42.595642 36.730133
0 29.38003 55.595978 26.272091 22.743107
0 30.676243 221.098083 61.352486 102.836731
0 525.980408 467.115723 20.534912 18.403564
0 119.890213 101.897278 216.211639 201.155823
0 66.900604 110.276489 35.464981 32.418121
0 623.247131 318.709808 33.388794 33.477661
0 486.948547 549.576111 18.326538 16.800537
0 37.046928 86.419662 26.696808 24.585373
0 368.881897 100.091385 181.830933 143.880829
0 551.759155 381.809357 18.728638 18.40509
0 590.155518 210.393951 28.605225 26.500519
0 498.211243 242.300613 59.389038 52.75351
0 457.57547 227.959747 24.693542 22.537872
0 137.924957 178.851257 33.73951 31.877258
0 261.857086 372.94281 25.400818 21.639587
0 364.962585 69.706505 31.830811 28.94492
0 338.612671 171.512634 19.240112 18.41687
0 625.951782 6.625628 28.096375 12.623789
0 303.311523 27.091385 20.437805 18.781906
