0 278.309021 289.914307 48.001205 44.27533
0 101.844505 179.325073 41.190308 39.052979
0 228.915482 130.049942 33.54184 31.148537
0 400.327301 552.311279 29.137024 26.160034
0 27.469677 211.550613 25.685707 24.286041
0 321.319122 408.238953 24.87677 23.413269
0 178.454056 145.232864 27.929138 25.737152
0 442.986328 580.291931 39.313965 38.218018
0 321.944855 464.510712 25.684998 23.71051
0 274.766235 130.469162 37.527893 37.954437
0 115.568489 73.157097 107.18541 90.633957
0 354.031158 379.193573 25.158264 21.993469
0 304.570953 142.263474 18.234009 17.138428
0 153.248489 340.01593 19.195709 18.919617
0 363.072662 33.36034 19.722229 18.896408
0 528.577698 530.885315 56.809113 52.168854
0 26.819359 246.180649 21.325424 19.158142
0 121.719574 541.11084 243.439148 197.778381
0 52.268383 34.470505 19.620682 19.249712
0 299.746368 193.890366 73.123291 65.940186
0 382.482178 568.591797 22.374939 21.169189
0 194.239456 84.025299 21.899689 19.7827
0 87.087051 50.06739 22.257629 20.357925
0 188.761536 116.307617 59.371735 50.888184
0 375.839172 492.39447 52.100647 46.176636
0 135.12207 171.52301 28.117004 26.934021
0 84.877968 157.843842 18.731796 18.077637
0 394.627075 313.427399 23.72406 21.431335
0 322.308838 108.989578 18.685364 19.48584
