0 595.122559 249.94574 89.754883 95.253845
0 242.010162 27.459057 54.3927 47.567184
0 277.12616 72.789223 29.873474 27.908615
0 425.538849 622.162354 91.191101 35.675293
0 391.924408 151.278809 25.811035 23.478638
0 392.620422 21.686245 25.973633 23.304581
0 284.80658 130.773346 29.84967 26.503662
0 99.720139 126.832565 29.299408 24.483269
0 18.885216 145.848282 36.777412 71.740692
0 236.467712 67.405533 25.707092 24.296124
0 13.652819 522.225647 27.186298 23.873169
0 159.508804 522.868591 22.277557 20.650391
0 380.861847 588.255249 75.354126 71.863159
0 414.702759 9.604303 21.718628 17.932152
0 378.736023 50.403305 25.015198 21.080292
0 372.054626 7.577591 24.674744 15.155182
0 98.539108 356.639282 20.88855 19.200928
0 326.755188 179.679001 131.065796 99.320282
0 151.412048 373.910095 302.824097 324.844238
0 115.930984 379.745514 28.510651 28.961365
0 487.354218 63.982101 93.615662 71.136292
0 75.370827 38.814476 21.565735 20.429466
0 107.055534 56.618752 21.765549 18.35754
0 497.504578 284.721558 17.834961 17.608276
0 505.026367 210.359711 22.045776 19.987976
0 15.132389 474.265686 30.264778 29.117188
0 118.269028 377.350708 60.695068 78.087463
0 445.644135 45.593109 19.375916 17.671959
0 423.257538 268.681152 322.551086 249.703064
0 460.920319 18.589817 57.303589 36.311615
