0 375.868896 467.136902 71.174377 70.875122
0 141.789276 346.365662 68.652161 59.803467
0 188.257187 229.756897 44.779816 43.851562
0 449.345734 602.420349 107.825378 75.159302
0 268.580963 442.044373 103.684143 97.824158
0 180.756073 602.157898 33.082214 30.143677
0 138.241165 299.090729 37.089577 34.764526
0 347.31604 8.96093 38.0625 17.710068
0 416.457886 278.165649 23.868286 22.257568
0 92.439232 600.308594 41.39241 35.124146
0 438.461823 317.435913 18.968323 18.026672
0 414.492462 50.700169 29.404907 26.906776
0 133.293625 29.299496 32.259972 31.795586
0 458.299042 289.204102 22.620911 20.234131
0 114.155037 447.103241 20.335938 17.405884
0 124.86377 416.999878 21.11087 19.628052
0 127.10025 587.551392 36.310783 33.562866
0 14.668369 437.031403 29.336739 99.408325
0 319.523071 621.225342 137.010193 37.549377
0 566.868835 156.773895 18.570312 18.094666
0 498.325623 251.857117 19.85791 19.723892
0 206.131332 8.06531 22.020386 15.82576
0 211.823578 465.984222 16.312042 16.257629
0 493.782837 429.516663 17.114075 16.895935
0 620.519653 618.385742 38.255127 43.228577
0 531.549927 632.07074 69.561249 14.975708
0 306.369476 26.698921 62.273376 53.397842
