0 204.379776 69.571251 34.437317 33.465027
0 396.195862 370.787811 39.399414 38.814697
0 26.253775 249.820618 51.368168 69.471252
0 216.89978 305.299988 27.800385 26.90564
0 621.819641 600.726562 23.483032 21.216309
0 367.674255 543.317322 23.327759 22.571045
0 476.491211 12.955832 27.730347 25.911663
0 10.672015 570.969727 21.34403 32.917725
0 119.647919 608.971375 19.830872 19.124512
0 432.455414 515.478943 34.10498 28.488556
0 583.980225 221.818634 21.57019 20.982422
0 506.713257 508.792297 40.62442 37.133057
0 520.96344 414.161774 18.405365 18.079651
0 254.623322 43.682938 55.254639 50.610001
0 426.483032 540.199158 40.26593 31.498047
0 357.843536 40.699959 68.562988 64.629349
0 474.158325 535.361267 26.279663 25.19458
0 547.167786 586.179382 61.8302 58.56665
