0 21.655499 295.520752 34.207855 30.240234
0 624.753906 124.998474 26.796143 26.602669
0 310.235992 150.30986 38.291077 35.75531
0 10.64234 334.207977 21.284679 20.72467
0 359.967072 184.71402 29.411743 26.819458
0 31.374062 387.779541 21.945601 21.462708
0 371.861298 158.369751 64.336121 57.854401
0 27.125587 154.711807 31.527956 28.295197
0 30.689724 363.608612 18.102682 17.854919
0 292.130707 295.718323 43.91156 39.312561
0 97.49762 164.079742 38.286819 35.12204
0 49.029102 158.646698 16.149773 16.73111
0 276.297485 421.950867 142.833069 118.675476
0 295.331146 202.251434 64.926331 59.22702
0 376.679901 434.806793 67.889343 63.917908
0 332.805023 132.535065 26.914795 25.880402
0 379.057983 261.891327 141.206299 124.512161
0 11.838717 70.17392 23.677433 28.474304
0 565.269409 451.364014 21.217651 19.437378
0 153.574173 510.345123 24.380798 21.157654
0 191.799728 4.669889 18.219147 9.339779
0 325.22702 89.349106 57.080078 59.894009
0 362.978241 175.626617 47.754456 43.863251
