0 121.473373 100.580109 50.225616 46.775894
0 501.6073 444.354309 270.554565 219.335968
0 148.058182 408.235779 29.357574 26.060791
0 474.741394 128.035461 31.603394 27.859528
0 102.883308 276.553253 24.597366 22.278931
0 532.983887 59.956093 30.290649 24.60107
0 39.403008 153.823532 22.553688 20.447906
0 15.996246 453.388672 26.71003 22.911377
0 54.401146 500.883698 27.123554 22.780457
0 200.218216 284.077057 39.329773 37.61853
0 204.068069 444.313812 26.471741 19.868103
0 98.529549 226.920441 23.58493 20.921265
0 163.132019 595.421692 25.295715 21.196289
0 167.500992 167.053055 21.104248 20.610626
0 346.482147 301.287109 22.648621 19.230286
0 60.894196 575.863037 22.35527 20.132202
0 83.129227 12.931494 52.512009 25.862988
0 268.271851 625.973938 31.347336 24.949463
0 283.489929 135.297485 20.684509 20.419777
0 440.055664 272.832886 23.064819 19.363647
0 133.802811 340.803314 51.20327 42.919617
0 146.444687 306.893768 30.127472 27.875366
0 115.866951 315.258392 27.659195 25.40033
0 127.843536 46.7607 27.61087 24.897476
0 13.733915 6.732107 22.179356 13.464214
0 308.317841 129.259888 149.812943 123.474518
0 195.088882 331.10379 58.442688 51.521484
0 222.300369 69.648857 20.382385 19.477551
