0 356.572662 479.406189 158.837036 138.911865
0 505.651245 443.063446 24.006989 24.023254
0 236.437195 357.366211 24.439423 24.107483
0 317.640503 311.493774 24.674866 22.531555
0 275.836121 248.894714 37.25354 31.114334
0 150.994171 7.914924 29.720032 15.829848
0 135.104507 362.767609 24.77652 20.576721
0 635.598633 77.046631 8.802795 23.410812
0 412.97995 121.200226 22.231323 18.234993
0 562.067871 33.980042 25.473999 22.22776
0 582.106934 550.150818 59.881104 52.374756
0 595.65686 300.617584 47.908569 47.926636
0 227.365707 568.110779 17.870209 16.244751
