0 238.844971 153.562103 42.664261 39.552856
0 574.858582 428.412445 24.447388 24.419617
0 16.384577 171.982773 26.488506 23.954926
0 44.486008 554.994995 34.51236 32.483398
0 171.955322 276.936005 25.475739 24.970459
0 453.74942 607.057739 34.920898 31.359131
0 63.426758 306.474762 23.10257 23.738586
0 200.73381 450.03717 19.81839 19.05896
0 162.053146 119.668625 23.193787 22.716553
0 172.285645 187.756607 26.06076 25.649353
0 159.21434 143.320877 26.495514 24.44101
0 117.446915 592.422852 233.494202 95.154297
0 363.627106 616.52771 26.207153 24.175781
0 180.549271 386.046051 25.875397 23.283508
0 159.673035 168.968552 22.236053 21.472076
0 200.156082 205.452667 21.752716 18.675293
0 550.057434 345.144775 29.798828 27.510925
0 517.665833 400.679932 138.966675 129.764648
0 265.432495 621.740295 40.67218 33.597778
0 109.497025 486.904541 28.882278 27.766785
0 313.907837 568.588196 242.442749 142.823608
0 212.575226 562.796021 46.061188 43.00061
0 293.015076 289.690125 19.247131 18.303589
0 341.101654 461.434845 47.502625 43.338074
0 355.18869 303.862915 18.896973 16.86438
