0 406.29129 200.994339 69.169739 67.635132
0 329.806732 533.181946 38.93573 37.049683
0 548.463196 156.144608 42.772583 37.715607
0 29.368923 410.8078 30.042381 27.16748
0 120.868828 188.888977 51.923508 48.525452
0 606.030579 508.75238 30.409668 27.428802
0 81.459518 224.531113 88.315018 82.868256
0 425.633026 433.761414 106.145569 82.498108
0 88.971436 281.198944 42.936768 41.336975
0 330.954742 303.397369 33.717041 31.767883
0 623.494629 173.961044 33.010681 41.188477
0 340.745422 269.291199 34.234497 32.190002
0 40.241493 273.296509 45.619431 42.440872
0 39.474709 534.182861 36.108932 32.230591
0 400.60257 150.438141 22.238159 22.170319
0 187.27832 285.67099 23.534607 22.488037
0 230.422058 528.741516 22.627289 20.901123
0 617.200439 99.052101 37.34436 37.099396
0 628.661743 28.798435 22.676575 25.416845
0 579.949097 605.196899 22.556396 22.064209
0 331.751221 349.632629 46.634338 42.165283
0 465.547546 82.270111 258.629242 164.540222
0 305.225067 365.601227 20.842468 19.869812
0 282.485168 430.80072 34.299011 30.520264
0 226.403275 320.043518 30.867462 27.232971
0 588.407715 380.371368 23.577026 22.585022
0 11.001966 449.362671 20.728405 22.346741
0 156.334503 241.362656 20.901398 19.845245
0 272.040588 300.731415 41.72821 37.336853
0 591.452026 55.049946 40.425903 36.942314
0 517.268555 437.379272 23.001953 20.2547
0 603.661987 617.719727 36.272217 34.907715
0 581.745972 633.538208 28.002075 12.923645
0 82.919556 423.113525 17.467896 15.878357
0 286.022614 105.882301 117.823685 99.785507
0 227.413727 52.197174 47.974091 43.388699
0 189.62912 24.278728 92.5271 48.557457
0 546.260437 6.575725 38.309937 12.214071
0 88.64476 331.906677 35.31543 32.236206
0 631.982666 135.606689 15.547363 24.085579
0 621.860901 532.168152 34.231812 36.677612
0 462.412567 556.128418 185.267029 162.009552
0 585.220825 534.552429 39.455078 33.958984
0 441.812408 293.850494 24.940247 22.787903
0 135.90715 66.522003 89.090721 68.604645
0 381.423523 356.668152 16.912598 17.108215
0 157.566544 186.363373 21.009705 19.704651
0 62.376457 489.914398 117.887604 89.059875
0 12.828344 427.926666 17.781094 16.685242
0 154.459656 112.556412 99.950615 87.599091
0 333.082031 82.268883 29.084595 26.013748
0 37.984459 168.252197 74.212234 84.268219
0 578.272644 447.046143 53.397217 48.721375
0 302.029388 300.733276 26.754211 25.791321
0 467.625854 260.483582 51.492737 52.825943
0 620.720581 625.559814 38.558777 28.880371
0 300.403442 69.407257 35.41156 33.401108
