0 197.036255 72.517387 34.818573 30.034027
0 159.585892 324.873383 31.623383 28.728149
0 75.080582 566.695251 46.595108 39.512085
0 469.035645 123.497574 34.75354 31.191986
0 238.869263 397.306335 28.008179 25.572144
0 152.344788 527.271851 41.486023 38.560455
0 373.713654 300.76355 29.816223 26.088989
0 601.015503 316.694427 31.105225 27.879089
0 448.827576 463.730438 98.559021 72.810974
0 125.350433 579.440369 52.909248 44.037354
0 478.592346 269.221222 32.81842 27.523941
0 163.122421 356.589325 24.014954 21.801086
0 129.531799 477.660431 26.730377 23.146973
0 464.301544 312.811554 29.183533 25.655945
0 493.686371 218.188187 24.989197 22.480194
0 315.565216 360.515625 27.737244 24.266785
0 393.63266 591.811584 27.354004 24.324951
0 441.141754 365.664307 28.579895 24.078796
0 568.741882 561.702637 26.410156 23.049072
0 622.846252 482.312531 22.934082 21.797485
0 472.384857 597.174622 26.847839 23.663818
0 249.079834 203.836075 25.966003 21.972351
0 106.647095 598.272827 28.545944 22.494385
0 211.086456 274.246094 24.957184 21.361694
0 32.935944 366.362213 65.871887 108.710144
0 39.272232 307.780609 28.514526 25.132385
0 384.928833 552.882141 53.794067 49.680298
0 615.863159 6.759146 31.771851 12.736078
0 467.589722 370.947876 25.791321 21.886536
0 250.314484 632.353394 28.379761 15.293213
0 170.868179 278.501953 22.459991 21.176086
0 564.420044 66.902855 25.532227 24.017151
0 336.533905 409.631317 21.734009 18.53363
0 10.494527 599.549744 20.989054 23.62439
0 75.930611 428.753204 21.929733 19.607056
0 278.63031 238.135452 21.289795 17.569366
0 231.795074 267.26767 26.002655 21.203735
0 7.163078 114.712784 14.326157 20.61348
0 600.251587 210.899384 79.496887 152.102585
0 426.161743 122.334763 22.643555 15.961601
0 366.933441 504.957153 18.215088 17.314209
0 16.136787 442.445038 32.273575 61.159302
0 430.615967 550.940125 24.942749 22.044556
0 13.555452 273.578735 27.067204 47.721069
0 138.546631 376.075714 19.696625 17.15625
0 366.885315 99.038628 35.934998 32.846329
0 554.162598 248.624084 52.170288 47.287827
0 273.175598 154.782074 23.330383 23.031158
0 633.664917 550.030701 12.670166 34.889526
0 502.858948 374.226105 25.515778 23.000122
0 570.808655 321.078827 23.286133 22.090393
0 237.015533 188.302551 20.101959 17.927185
0 499.519165 206.730087 146.214264 121.307648
0 186.049591 293.845093 26.315948 23.154846
0 492.841675 40.299294 104.62854 78.932205
0 233.406693 377.034668 21.516968 19.664429
0 594.555542 33.263779 20.869385 17.324684
0 412.169281 146.0 28.020264 25.90509
0 426.055023 124.414162 34.022034 25.58165
0 542.559692 498.998779 20.243164 17.822693
0 446.78952 412.264771 32.672058 29.993774
0 310.345551 282.989929 24.049377 23.353882
