0 570.399902 255.308929 139.200256 137.990845
0 69.301018 171.272964 30.244213 27.220795
0 432.180817 520.357666 39.205017 34.552856
0 225.235504 606.651917 55.373138 52.25647
0 318.567169 497.490143 81.51593 73.489197
0 161.287048 72.991302 25.629852 23.136539
0 247.71254 25.661037 23.831696 22.299768
0 95.363113 464.722412 51.955872 47.171692
0 11.75819 356.275726 21.568893 20.740662
0 530.460327 566.281189 40.957031 42.279053
0 246.768951 167.920135 44.5 36.85144
0 60.168777 518.177429 115.129303 115.618805
0 171.991516 451.371155 20.706177 18.928223
0 362.207642 408.914337 96.291504 96.332642
0 355.994019 258.680542 21.749695 19.126831
0 239.731079 88.917618 22.36911 20.934387
0 455.186188 31.215534 20.056824 18.229788
0 272.31543 611.67749 20.000488 19.574463
0 292.303101 408.98114 66.89624 62.991211
0 140.917206 410.680206 26.306404 22.733826
0 254.650452 579.414246 30.452209 28.735474
0 197.842331 523.344421 20.441925 17.286255
0 348.521484 326.872864 98.450928 80.053162
0 403.455231 181.337753 80.157043 78.227264
0 139.400146 599.560852 23.590919 21.531738
0 567.209167 93.423828 58.416992 51.968369
0 86.176437 19.292244 61.252701 36.992317
0 28.26144 613.957764 55.530403 49.658691
0 234.099258 177.620972 124.385773 99.965508
0 515.411255 374.255402 50.568237 42.021362
0 81.367325 631.535034 19.098969 14.834717
0 243.165695 410.231415 36.053741 33.787354
0 186.976852 410.811676 84.838928 79.141785
