0 192.135086 445.455933 46.336212 41.79187
0 259.876068 532.723267 35.032791 33.144531
0 345.115692 279.871033 35.459595 31.987732
0 191.493454 126.978363 27.84903 27.087944
0 20.57526 502.12738 26.238276 23.71228
0 629.795959 267.207947 20.174194 23.558243
0 244.66861 373.993469 22.109894 20.487732
0 340.445953 633.726379 25.025818 12.203247
0 300.945404 321.027557 31.296021 27.483032
0 454.974548 203.220032 31.853943 30.205627
0 311.275818 36.66396 25.919067 25.229912
0 371.128113 13.437231 32.4729 26.874462
0 117.372917 31.843336 20.549316 20.652035
0 583.40625 267.187317 31.400879 30.010391
0 613.212402 577.965271 24.21582 22.400635
0 299.824158 25.41737 27.169189 23.70443
0 75.598572 452.017151 21.431534 20.943481
0 422.053772 232.584503 19.11438 18.400848
0 201.27858 237.538574 17.434937 18.18399
0 612.582397 445.459381 54.83313 63.785522
