0 167.972977 366.310272 85.623207 71.487976
0 469.497742 361.947235 121.582642 104.948425
0 465.340668 562.389832 49.335083 42.947632
0 339.150391 311.44931 178.154785 155.313416
0 540.587585 435.521881 94.123016 80.221191
0 573.042725 586.921326 46.941772 41.296997
0 352.123993 441.980103 141.944885 133.524414
0 450.262329 460.830505 45.857117 37.916626
0 86.37442 23.921181 50.862869 41.987312
0 208.169312 534.885071 36.662903 31.085205
0 58.059776 584.40155 26.023968 24.062134
0 154.277512 302.107941 26.577759 24.618835
0 238.431595 363.430115 36.634979 33.68042
0 22.130993 319.38327 25.315117 23.276123
0 390.282867 220.592468 44.918762 40.621704
0 91.328735 376.414581 36.962967 32.928162
0 522.872803 390.003998 40.908081 37.213074
0 251.277527 231.099335 32.199646 29.204895
0 555.464722 475.119446 116.515869 97.588837
0 166.351974 151.379028 27.383881 22.726837
0 286.627441 133.417999 179.170959 151.8526
0 572.871399 197.084976 126.65271 107.230316
0 397.087769 574.134399 42.687256 31.0979
0 147.761566 82.069061 27.575073 24.037704
0 487.356262 422.526306 35.721741 33.708252
0 612.989014 435.162231 54.022034 54.318909
0 376.464172 98.609406 32.862427 30.238052
0 96.106117 434.791229 24.456619 21.571899
0 58.859173 76.815819 19.348427 18.479523
0 408.559143 569.436584 33.849915 27.785767
0 557.176453 548.892761 38.930054 36.056274
0 460.716614 600.406372 33.232117 28.958984
0 350.530243 85.732727 27.29303 22.459259
0 190.923721 573.41394 48.442169 42.900391
0 226.125076 446.541138 123.839569 113.030212
0 58.821075 501.66861 117.642151 138.489929
0 202.939667 326.439331 21.202393 19.017761
0 261.215729 634.119812 20.525681 11.760376
0 398.110809 246.007263 29.464905 23.0952
0 161.628784 94.626526 26.489349 24.465546
0 591.110168 406.108276 23.762329 22.217957
0 401.958679 500.147339 40.530823 35.276825
0 547.661377 293.372559 110.213409 97.026611
0 392.219543 104.498573 73.090759 65.821274
0 599.617981 145.436783 36.368164 30.04422
0 302.374359 30.85173 151.82428 61.703461
0 607.496216 536.457336 65.007568 86.709595
0 217.76181 340.062988 24.754242 21.995178
0 351.639771 133.480331 22.060181 20.013466
0 17.641045 424.465424 35.282089 48.476318
0 603.722046 628.707397 40.090454 22.585144
0 16.816231 165.198196 33.632462 38.30896
0 271.868103 134.779846 21.633057 20.229485
0 441.650635 239.066269 51.916748 39.784698
0 248.63031 537.99939 47.203323 43.954956
0 101.553513 87.417419 46.396545 41.461182
0 23.611668 629.354431 47.223335 20.074219
0 269.432343 136.690445 32.733276 30.274658
0 96.839951 524.002869 41.024841 36.561371
0 123.728485 201.648438 168.0896 144.096741
0 338.95462 547.049011 47.339417 41.671875
0 123.106461 607.947144 160.964447 64.105774
0 70.277695 179.550888 27.962112 24.915131
0 276.751801 138.739044 76.871658 60.194031
0 587.595215 365.415375 104.809509 108.008362
0 611.918091 397.81662 20.242798 17.660156
0 492.280029 534.812622 41.516388 37.921021
0 153.110855 583.682434 20.904388 16.545044
0 436.622375 613.170349 21.191711 19.613525
0 512.809692 359.168304 37.715424 35.130188
