0 202.818634 453.587708 35.372253 33.952759
0 318.621307 58.948223 35.839233 35.92762
0 447.373108 60.774719 31.128723 28.774887
0 544.247375 594.955811 80.573975 80.010742
0 82.530273 385.365631 57.440933 57.432495
0 183.225449 602.411987 25.014465 23.07605
0 527.249573 423.422272 26.751587 25.71936
0 116.82946 110.90744 30.053116 26.128479
0 556.003418 429.064728 25.373047 23.059021
0 565.430176 402.429291 24.996826 23.665833
0 511.967041 61.50071 20.743134 18.41576
0 15.551523 449.807007 24.393673 22.514648
0 220.451294 343.07724 22.502258 20.862488
0 377.975006 573.862732 19.148743 18.800293
0 450.711517 600.939148 63.187622 54.54834
0 372.732819 278.849915 21.360352 20.249451
0 297.586975 391.527679 19.632629 18.599976
0 333.486633 22.016766 116.763489 44.033531
0 383.004028 261.196503 21.465881 19.902359
0 8.638313 614.960327 16.131119 17.410522
0 595.019104 178.353668 45.151245 39.383484
0 344.710114 184.963089 51.09082 46.62558
0 75.16349 49.036797 35.290756 32.116425
0 566.760742 171.276947 18.87439 14.880005
0 410.809784 39.485664 50.535278 46.028244
