0 174.427063 489.756989 128.866364 111.443054
0 380.983704 393.914734 82.705383 76.262207
0 478.621368 596.967224 64.606323 60.00061
0 28.948936 211.19458 57.897873 67.855316
0 489.84137 377.705902 78.358246 74.372742
0 196.445679 247.767944 220.712662 232.508072
0 349.829498 444.346497 62.395325 56.344299
0 566.942078 343.523529 39.219482 36.056702
0 302.347198 448.63266 25.464539 23.861023
0 533.739502 354.052429 37.916138 37.123291
0 123.363342 413.954346 26.138084 23.789307
0 414.298431 448.716888 32.894653 28.562012
0 293.744629 554.705261 26.635193 24.709473
0 412.053101 358.991882 45.605347 38.505554
0 527.814697 312.719971 52.041748 49.156738
0 595.866638 366.760895 50.520386 48.196533
0 544.903564 417.883331 46.752441 40.738892
0 172.235962 392.945862 32.442047 28.975281
0 246.903687 524.08728 22.46698 20.25
0 281.399811 624.78302 34.052673 29.092407
0 144.17305 586.210938 22.729248 21.959106
0 469.016754 102.618866 38.890076 34.303772
0 602.424255 526.400146 29.567139 28.877899
0 46.117111 475.68689 49.3992 43.828613
0 573.729675 431.743591 24.287231 23.915649
0 550.069885 443.674469 32.017578 28.086792
0 130.816925 633.63678 24.281311 12.72644
0 588.382874 109.823357 19.734009 18.459351
0 33.687382 554.722717 21.195826 18.298218
0 347.569458 121.140015 36.570679 30.492828
0 360.598206 569.162048 38.939941 35.171631
0 90.398468 557.443176 16.322968 14.859375
0 22.733463 402.323242 19.105713 18.369507
0 171.369171 552.77832 20.255463 17.803711
0 14.330153 93.535149 19.687252 20.562576
0 393.51709 571.43042 35.217773 34.464844
0 30.467834 546.978699 26.843147 24.345825
0 450.424652 171.273575 47.277161 39.443939
0 105.59864 318.94931 18.756424 18.212158
0 504.626312 290.521667 23.940613 22.127747
0 293.509247 577.911987 17.799133 16.359009
0 144.700638 429.683685 23.340881 22.494629
0 267.257141 339.193604 47.409729 45.663818
0 554.444641 46.555412 53.822876 49.516937
0 236.568665 399.009918 78.952133 78.996094
0 14.56793 473.039459 29.13586 36.02417
0 52.2798 270.419678 101.561188 121.052368
0 86.976044 505.853424 48.448624 42.095032
0 152.774612 569.156921 30.240784 24.880493
0 105.704514 565.76825 153.898285 129.210449
0 611.916565 417.522949 56.16687 85.418762
0 367.987457 346.818268 45.494873 40.664795
0 588.503113 604.99585 102.993774 70.008301
0 295.796478 23.303543 20.698425 19.501219
0 74.232269 392.540802 141.89978 168.426514
