0 189.832993 135.141434 29.51004 27.253899
0 71.329437 281.977753 26.253113 24.540833
0 266.904388 599.374695 22.168411 19.936279
0 503.523987 415.714142 22.442627 19.99115
0 387.84964 259.690369 24.738403 23.742233
0 233.450897 134.007751 19.035461 19.728371
0 611.244873 39.417381 22.300781 21.608307
0 209.532196 477.536621 24.887268 22.927246
0 78.405434 305.907104 28.992657 28.764832
0 226.057541 23.047472 22.088562 20.118931
0 569.020996 559.16864 21.077759 19.087524
0 361.076202 123.073853 22.848145 22.086662
0 567.241272 457.483185 24.049927 21.780579
0 99.930168 458.578491 21.557953 18.620056
0 391.855682 407.887268 19.353027 17.704529
