0 591.207275 67.217934 27.154175 27.330982
0 396.462402 57.099449 62.180481 56.839371
0 621.431824 431.634735 25.4021 22.886169
0 43.446621 391.362213 22.360764 20.798218
0 293.446136 147.006104 24.012695 21.310181
0 604.301331 130.881424 29.79834 28.161064
0 603.270813 93.322716 38.442505 33.09111
0 254.500656 622.781433 24.538239 24.737427
0 9.917944 634.207214 17.750713 10.94519
0 602.685852 115.064529 37.106812 38.209015
0 562.336121 313.02829 57.780762 53.729919
0 586.710327 604.675232 41.704468 35.917236
