0 252.831924 383.506714 34.381134 31.855225
0 89.249763 154.027878 31.281448 29.288422
0 197.738297 409.552338 25.22226 22.925293
0 126.398895 228.396622 26.370544 25.781403
0 574.596985 362.112885 18.592773 17.394409
0 141.961594 320.232605 20.604523 20.749817
0 107.667351 220.723282 20.700333 19.356171
0 203.438858 163.124542 24.418243 24.092041
0 234.595062 114.493355 35.35321 35.447159
0 378.917358 357.430908 17.918579 17.740479
0 174.416763 232.064926 19.972626 18.437744
0 166.629028 281.778595 62.055023 62.501785
0 4.971611 101.999123 9.909628 29.12149
0 613.912292 491.256165 17.516968 16.617859
0 261.374451 461.388306 22.362061 17.675415
0 63.460426 292.715454 16.579224 16.024048
0 569.29718 402.513 38.951538 39.279602
