0 416.063568 265.110901 52.406311 45.049057
0 545.12561 300.649475 101.961304 84.116028
0 607.856873 472.716644 29.021118 26.108521
0 411.173431 565.957703 49.191895 41.877075
0 317.400665 603.562378 117.000549 72.875305
0 349.997833 565.589966 53.990906 44.621948
0 81.710587 566.532654 46.914291 40.769531
0 169.416809 606.969116 46.08963 39.479004
0 339.265869 429.327515 32.352905 26.723022
0 620.5177 603.789368 38.964661 48.197632
0 18.794842 50.807644 37.589684 37.399055
0 522.766052 624.792969 103.580841 30.414062
0 198.28717 451.05542 37.767029 32.38269
0 154.072693 218.14888 37.789581 38.816711
0 412.402557 54.391361 27.571472 23.620399
0 327.496796 348.571777 35.25415 30.977356
0 111.676437 214.906586 43.068733 35.410034
0 465.736664 347.506927 28.735046 26.332092
0 315.164642 147.316193 27.42572 26.002502
0 225.861847 599.636292 23.311676 21.744263
0 91.264221 129.278412 181.092712 176.92215
0 157.404343 408.706055 27.035706 23.56897
0 456.665558 86.649124 42.711609 35.9711
0 529.899536 99.620094 24.893311 22.852432
0 40.86322 566.522766 26.488396 24.092163
0 344.420288 330.916443 21.951355 18.584106
0 337.641876 46.24754 31.919861 29.042892
0 364.747314 160.176758 24.769348 22.208557
0 162.830032 284.31073 58.303558 51.883179
0 389.791565 220.028198 29.300354 26.018005
0 406.752563 35.970718 33.810913 28.778198
0 132.73732 555.749512 20.56012 19.880249
0 443.390656 244.60614 23.025269 22.025513
0 547.998413 479.240967 21.906982 18.80957
0 621.52124 434.527924 36.447144 44.596191
0 200.675461 83.276985 32.654755 27.710464
0 451.017059 147.480438 56.943604 51.321999
0 210.847046 122.428574 33.00769 29.547516
0 202.057587 598.158325 20.858093 18.010498
0 329.211517 589.257202 27.006958 24.19165
0 339.429565 64.708633 26.240967 23.467758
0 362.650848 306.587769 30.364441 25.397583
0 115.021912 467.990845 25.222 23.999084
0 168.328598 378.704956 34.094482 32.26532
0 26.145401 539.802551 32.286774 30.888306
0 595.369202 412.034149 41.241699 40.055725
0 62.43074 493.974609 26.18462 23.855652
0 334.480408 340.850311 32.054443 33.639771
0 14.132895 556.407715 24.893398 22.281006
