0 83.330589 203.065186 50.870499 45.070038
0 248.883881 123.287079 30.109543 26.225777
0 40.04409 379.800629 53.69223 49.658569
0 43.66061 79.193802 38.851692 36.571442
0 26.584499 174.317291 53.168999 53.294495
0 434.169739 56.310577 26.210205 23.875149
0 172.007385 81.492317 33.529663 31.197937
0 321.375244 192.206314 45.19635 39.696899
0 271.391449 482.230957 58.345215 53.479431
0 18.370214 272.514984 36.740429 39.309219
0 256.302216 595.652649 21.759476 21.744995
0 147.535553 319.959564 24.773956 22.317749
0 554.601379 480.83255 23.303467 21.02301
0 11.522673 103.582733 22.592304 24.749405
0 124.297882 97.944878 37.839783 35.510712
0 16.656116 14.733185 25.354729 22.336128
0 250.139114 165.43898 21.54599 20.851685
0 611.130798 568.189575 45.546997 40.546753
0 447.634247 301.571991 80.334534 71.913696
0 93.880554 122.198563 42.841736 39.438179
0 45.500275 526.102295 19.978157 19.503296
0 13.702488 439.986237 27.404976 34.81134
0 396.038239 272.9888 21.978394 20.898682
0 582.305847 589.857422 37.209229 29.904175
0 494.607819 545.836304 27.91571 26.010498
0 67.904144 306.101257 27.094326 22.144165
0 288.364532 208.213364 23.499451 21.163727
0 520.665527 172.347778 33.317383 26.615326
0 9.286634 214.986115 18.099506 22.956665
0 355.709442 220.351913 55.104065 50.295197
0 30.230652 98.384743 21.360395 18.59726
0 424.067413 212.477112 49.221558 40.175201
0 259.178619 621.923279 22.520996 21.04541
0 222.592636 404.055969 72.957916 63.584534
0 45.589958 491.611908 61.269299 54.007141
0 92.110916 482.969849 46.099747 41.561951
0 39.539814 229.53125 35.35244 31.162323
0 369.222595 632.988708 31.015259 14.022583
0 590.43927 622.619507 42.726929 34.760986
0 186.912827 601.646973 31.37088 27.522705
0 196.335007 360.816864 49.176117 42.609253
0 545.558716 389.425903 20.708374 20.490173
0 283.306763 260.966644 52.619995 42.541428
0 534.542053 222.017395 21.331665 19.660736
0 28.445705 5.204817 20.051748 10.409635
0 60.479843 327.008667 25.083416 22.112366
0 75.999725 383.401428 25.665588 25.993469
0 501.945557 252.375732 20.2836 19.425369
0 15.802434 411.056366 31.604868 36.830017
