0 69.718628 598.592041 55.814606 52.120728
0 603.017517 268.636841 73.964966 71.510742
0 363.981659 560.694519 43.233582 38.641846
0 460.56662 599.664856 49.587769 43.407959
0 180.910568 602.342529 72.293396 65.452637
0 21.452545 527.150818 42.246208 38.983917
0 205.721863 40.917309 46.258026 41.090157
0 533.601196 174.37941 28.830078 25.984314
0 99.04023 516.375366 39.961716 38.368164
0 367.636688 309.417206 28.15387 25.369873
0 450.61557 150.091324 32.862183 28.834351
0 585.481812 593.062622 32.3302 29.213257
0 304.305695 389.115509 29.84845 27.460327
0 69.192329 98.611206 57.817596 53.640808
0 23.850727 258.870361 47.701454 72.372253
0 117.181152 18.626545 37.065247 33.407402
0 394.662811 623.517639 65.915039 32.964722
0 271.443176 622.755127 72.50415 32.610107
0 520.622314 108.445038 30.495697 28.351944
0 379.067261 55.438751 32.717163 29.607357
0 522.467712 604.075134 64.678833 60.540771
0 45.193382 407.682312 24.831947 22.537964
0 434.779755 577.997437 31.942383 28.157715
0 228.577469 100.292816 45.317627 37.370102
0 462.059998 10.878314 30.024841 21.756628
0 9.186562 561.049744 18.373123 33.435791
0 300.818787 122.989136 27.310669 25.119171
0 627.086487 314.40274 25.827026 62.94043
0 547.936462 228.977951 27.977661 25.019592
0 5.589535 449.712708 11.17907 35.033325
0 503.29364 240.845184 27.13205 25.653992
0 577.526672 45.222137 63.865356 58.242615
0 6.436195 38.862137 12.872391 45.644302
0 359.57486 14.2878 36.564392 25.083565
0 473.074554 235.837601 28.333496 26.991547
0 169.597107 480.278046 75.936584 69.097351
0 590.14624 359.759735 88.657104 76.119446
0 523.177795 508.339722 22.211914 20.693512
0 484.045441 465.906403 54.371216 49.465759
0 612.492676 98.85038 55.014648 60.007492
0 414.6203 563.188477 21.986023 19.806885
0 487.412689 567.843811 24.093323 21.726562
0 494.587982 316.558075 39.818665 34.387512
0 483.744049 281.064758 22.752747 20.261169
0 370.778717 287.539551 24.59314 20.935791
0 164.923111 397.64386 21.604462 20.244812
0 183.0233 191.609833 51.686371 51.253296
0 551.918518 193.24292 22.01416 20.395172
0 540.5401 534.329712 20.066895 19.502441
0 120.42099 90.432159 28.683128 26.674225
0 200.913742 254.293945 89.349182 83.190918
0 127.358658 449.702484 48.160255 43.468384
0 393.936584 125.549843 25.132996 24.560196
0 348.553986 616.310547 22.728027 20.865356
0 633.857178 421.540283 12.285583 22.8396
0 604.351501 552.381042 61.480225 53.109863
0 554.696838 55.451561 110.990631 85.307938
0 296.974792 305.709473 40.336914 35.175537
0 362.558136 349.716583 31.711792 25.228516
0 241.891876 479.17276 27.808533 26.730286
0 367.135773 195.948746 74.78894 64.923615
0 163.486908 630.838684 36.613953 16.739624
0 336.746399 297.06189 38.474243 38.386536
0 523.628174 442.300903 34.186279 31.770142
0 624.721252 397.328674 29.118774 29.848389
0 420.983307 494.179901 31.286621 28.024353
0 582.111206 407.706512 37.373291 32.782593
0 14.756767 415.931641 29.513535 57.751587
0 220.338165 630.03717 33.608856 19.225708
0 442.220856 550.57312 18.58905 17.327148
