0 552.985352 613.418457 39.972046 37.914551
0 79.504906 196.833267 33.10371 28.947784
0 602.024231 364.746155 36.748779 33.934265
0 350.025085 587.518311 29.407104 27.890991
0 610.216492 144.592438 35.109009 32.843384
0 615.461487 429.912109 24.873291 23.714539
0 298.824707 404.82901 27.578918 26.26123
0 137.194794 363.43219 30.184196 29.749573
0 163.023041 480.794525 26.93457 25.894531
0 416.737335 47.342407 34.428589 31.225571
0 144.620575 324.888824 22.873108 22.203918
0 48.475471 450.561035 27.281769 25.875671
0 18.462152 254.47879 20.80891 18.96405
0 516.442627 71.89151 29.70163 28.44812
0 144.955399 84.190117 18.479797 18.37381
0 75.681396 434.553711 21.674179 20.94165
0 105.350967 550.443115 25.961594 24.13623
0 595.61853 629.258484 28.14978 20.92688
0 563.185974 266.79129 62.829712 55.753464
0 635.896606 324.172729 8.159912 21.044678
0 195.039536 111.054688 34.647034 35.753357
0 5.428132 306.404175 10.595398 70.214111
0 129.729034 391.630096 23.145164 23.145508
0 36.612225 633.099915 17.679283 13.433716
0 388.21637 592.232178 28.36792 26.006592
0 239.811264 105.2145 27.304291 27.904129
0 569.999695 231.480377 40.873657 40.242737
0 392.822876 620.622742 20.489258 21.381714
0 94.95507 447.00769 18.771149 19.977661
0 384.354462 529.739868 23.898132 22.980835
0 139.552704 588.599915 18.820465 21.566284
0 325.739044 386.958832 47.816956 42.693481
0 9.657598 375.114655 19.315197 23.658081
0 567.09436 351.869446 32.285889 29.499817
