0 526.606079 311.556915 46.037842 42.626404
0 450.706573 365.185486 35.390015 32.740906
0 27.162464 310.27536 30.241348 26.201782
0 12.011629 25.839411 24.023258 27.091602
0 616.690186 19.389214 32.88562 28.834984
0 169.859146 339.012909 28.480713 25.334534
0 371.204468 460.829773 36.767456 35.447144
0 200.522354 196.289673 22.576324 21.243591
0 488.469666 480.302155 66.277679 65.016907
0 261.346893 313.42691 73.18634 67.617676
0 36.638107 612.107727 35.808006 29.89209
0 305.722229 5.293136 27.25177 10.341995
0 430.576233 301.916534 18.704224 18.315674
0 530.934204 152.594757 22.643677 19.53775
0 405.592987 170.384521 26.495117 22.066254
0 323.544373 514.804749 34.721497 33.037109
0 368.819397 185.882721 42.887268 42.268311
0 235.772812 405.139771 134.862335 126.084351
0 514.923828 357.417206 25.990082 24.79364
0 167.834167 199.028244 20.802246 19.656006
