0 71.686523 82.10994 143.373047 157.709137
0 389.621033 553.108643 218.732117 173.782776
0 214.925613 115.472214 39.318481 37.788269
0 412.711365 464.347015 30.221191 27.05072
0 353.776337 276.540558 63.692383 53.337448
0 584.037476 604.652344 79.817383 70.695374
0 57.4184 173.290512 35.478203 30.884369
0 430.852386 413.520233 30.811584 27.876587
0 175.157089 162.278748 23.437073 23.308289
0 174.244476 382.80072 23.050476 21.805359
0 484.569092 418.060242 23.200012 20.818726
0 343.934906 173.524353 25.480652 22.387543
0 581.795166 25.405418 116.409668 50.810837
0 38.060917 264.421143 76.121834 135.689438
0 495.015991 629.791504 22.169678 19.142456
0 538.253784 105.217911 203.492371 210.435822
0 139.556534 322.825806 118.1698 102.57196
0 130.966888 203.468399 39.778435 33.530609
0 628.395386 511.915955 21.139893 20.159668
0 149.22261 176.840302 42.089569 35.582825
0 536.986511 506.129211 77.636108 66.281616
0 290.762085 185.151169 22.482178 19.291351
0 381.154083 175.069855 25.725708 24.258881
0 188.881256 554.11084 25.818848 23.36084
0 422.500885 393.692505 22.954468 19.072815
0 523.827576 562.026367 65.311188 50.718994
0 558.271729 461.869232 23.507568 21.865234
0 158.88028 518.791992 36.965149 34.011475
0 39.359959 328.869934 78.719917 98.726624
0 265.898773 159.399078 17.793274 16.362671
0 305.726807 177.169495 22.664429 22.169098
0 239.750671 569.174622 17.6633 16.862549
0 516.223755 155.579697 19.281036 17.14621
0 482.63562 385.968353 31.474304 26.782715
