0 394.460754 265.508942 34.360718 29.076721
0 551.481323 170.440887 30.37793 25.420074
0 370.352112 627.68689 33.012817 24.050659
0 460.350403 618.946289 32.769287 28.605103
0 48.167873 275.477936 96.335747 136.194458
0 131.735703 117.581665 106.56076 92.609749
0 535.301514 47.733978 209.397034 90.767136
0 115.94902 581.096191 182.806549 117.807556
0 315.704651 115.436676 24.455811 21.469574
0 243.902496 540.445801 59.083847 51.347656
0 240.15213 128.884171 32.331833 27.37262
0 306.415436 556.94342 71.735779 67.244141
0 473.746918 495.459259 279.179626 245.576111
0 619.763062 249.27533 40.473877 54.988724
0 392.397034 92.408829 30.97229 26.407974
0 335.250122 333.132812 20.486694 19.284546
0 139.094543 393.298035 31.758873 29.743103
0 242.913544 5.635514 25.338776 10.343842
0 69.696434 230.041428 46.836926 48.503082
0 422.221436 331.254059 21.906799 19.321167
0 115.273178 394.617889 27.120819 24.640015
0 158.311539 18.151613 19.66153 20.984932
0 27.821144 228.49472 52.000572 51.351257
