0 516.090576 134.31459 71.577637 71.361206
0 415.14856 59.376297 126.778442 109.238068
0 292.312958 189.463257 28.958435 24.113861
0 52.621475 361.926483 105.24295 136.694397
0 451.947327 490.067139 56.622192 53.392303
0 212.731018 496.369446 31.675659 28.626221
0 596.664307 193.776367 20.925659 19.356598
0 503.697266 174.350189 26.54129 22.371307
0 160.712173 58.573078 26.597351 24.574318
0 107.127007 19.249989 24.172195 23.680435
0 153.841019 43.323837 22.266815 19.949059
0 519.818481 600.74408 194.742676 76.427856
0 591.538818 562.592346 95.623657 102.170288
0 383.596252 517.43103 22.697998 21.657684
0 14.211947 149.002594 28.423895 53.311218
0 51.758659 22.535883 29.693512 23.627666
0 341.556519 126.992645 19.423157 17.199821
0 152.490677 226.170593 33.947418 32.327759
0 250.787781 182.803528 18.96814 18.207458
0 61.765667 104.436653 48.594398 44.750885
0 95.539787 238.867432 20.711899 18.564453
0 97.895317 533.776306 19.313126 18.23938
0 144.721893 199.95163 23.611877 21.595825
0 269.203156 88.664139 18.369141 16.929932
0 312.048645 576.829773 39.593445 31.754761
0 236.365021 299.604095 24.626892 21.470642
0 455.630798 566.624573 72.312744 63.88208
0 416.547516 619.308716 20.429382 19.090942
0 48.038979 193.961914 28.862083 27.261261
0 254.446472 429.67572 31.664795 28.996338
0 312.638916 483.58847 34.323486 32.878418
0 133.332306 187.112534 18.491638 15.956512
0 389.089478 633.792542 19.172668 10.526733
0 604.644043 20.680565 70.711853 38.406845
0 308.138916 237.014313 31.547241 29.068634
0 223.885834 481.625366 17.312988 16.078918
0 406.706482 27.397991 96.641235 53.733101
0 409.837738 278.728027 16.763611 15.812012
0 226.431549 507.747803 17.470001 14.922882
0 608.349731 595.529602 63.300476 88.603027
0 424.803314 526.437012 47.916809 44.474274
