0 154.439896 132.79628 73.591644 65.91803
0 155.811066 80.392807 79.725945 76.933533
0 309.422943 628.788818 40.88739 22.422363
0 98.428215 153.790955 38.909119 33.721893
0 329.695343 420.600494 55.404175 50.106873
0 90.373268 120.179657 62.859314 58.707848
0 374.217987 410.508362 30.549988 27.805969
0 248.900482 512.570251 70.835327 67.958618
0 148.252106 10.886517 42.775604 21.409912
0 190.309296 476.475464 69.471741 58.869751
0 320.272095 305.358704 37.241577 37.076599
0 519.240845 58.904137 241.518311 112.174164
0 349.024048 629.47229 37.779541 20.287598
0 51.259346 419.012115 102.518692 115.609985
0 77.151207 530.289795 35.789032 33.383179
0 522.316772 220.384476 38.286591 32.807587
0 391.04538 583.60553 37.343933 33.019897
0 46.159164 33.366116 89.491959 66.021935
0 605.969604 265.859161 21.947754 17.934753
0 216.354019 544.355652 40.737122 33.853882
0 533.960266 164.705261 57.184662 48.368774
0 412.991669 330.239014 70.789856 67.743042
0 237.221405 467.790894 42.515335 35.047607
0 199.075729 571.521423 56.021667 48.834717
0 491.980011 189.211395 64.607727 60.350891
0 147.744156 303.029297 28.547516 24.092712
0 320.636383 165.210587 87.957275 74.46228
0 6.648402 346.047821 13.296804 58.735352
0 332.71637 557.173279 26.995605 25.443726
0 598.719604 598.366699 19.420654 17.330811
0 178.702988 109.146637 27.257996 22.508713
0 582.108093 164.18718 29.229614 25.386688
0 530.904968 272.2117 29.537598 23.671814
0 201.748505 371.274597 244.502487 220.890564
0 34.109291 95.023407 64.885483 67.169098
0 536.519348 573.961182 48.845825 42.249878
0 289.13736 123.245209 189.436829 183.36438
0 602.243286 294.588043 69.938965 65.255981
0 362.733643 268.086792 40.558411 34.914368
0 452.295929 210.145676 25.253174 20.471985
0 105.051132 209.738297 194.090851 172.963959
