0 458.869843 214.45311 96.307861 83.289215
0 279.968842 324.11319 49.18309 43.360779
0 475.69931 423.590546 28.405884 25.677307
0 216.649445 420.921967 37.099701 33.236572
0 121.06842 391.145599 34.429596 27.42395
0 459.192291 107.905647 107.723694 83.573502
0 623.938232 604.788879 32.123474 42.942505
0 20.506756 521.936707 28.732307 24.854584
0 336.371735 79.314262 51.890808 41.905563
0 98.182373 139.510666 22.524429 18.91629
0 382.672516 16.828814 35.502563 26.872456
0 21.558395 324.909607 20.409328 19.920593
0 552.698486 220.981064 25.927979 24.503387
0 82.782562 391.806824 24.524185 20.484741
0 203.663452 480.220154 22.736786 19.968872
0 178.394867 552.774963 32.270691 28.253052
0 635.196045 230.990112 8.686035 20.922302
0 206.065002 157.59964 56.743042 53.888794
0 129.866623 84.913811 56.133636 47.076458
0 161.601486 48.744621 23.148529 20.957146
0 134.815826 463.18988 22.830391 20.555359
0 359.325928 7.358771 29.623657 14.717543
0 239.436066 308.560791 35.972855 29.975159
0 431.039825 268.528564 28.57019 24.988708
0 429.019318 42.305126 81.985046 76.385094
