0 93.30928 267.994873 183.755646 172.03241
0 500.654297 121.916336 42.63974 42.044716
0 192.968903 68.267662 95.496277 90.426453
0 104.433372 32.538059 41.496262 39.317062
0 241.644394 421.068665 43.210175 39.44928
0 203.357788 375.24765 37.965057 32.845947
0 142.348969 185.804138 33.144753 29.811401
0 554.788025 252.925629 34.924438 31.77533
0 326.861328 523.221313 31.876831 27.695923
0 323.806152 359.980774 87.795349 84.827698
0 452.636017 316.973297 27.082581 24.61615
0 580.954834 353.316589 31.651978 27.377319
0 51.173172 577.295349 102.346344 119.96521
0 623.395325 75.002922 27.789551 25.668041
0 67.058105 445.365814 36.690826 36.145142
0 233.290329 155.076157 34.775024 33.203339
0 46.664547 545.05835 25.348663 24.053223
0 578.603943 294.80365 22.562622 20.740784
0 66.813385 477.868408 33.081207 30.409363
0 207.525269 235.149948 35.319489 30.48056
0 400.711517 525.927979 43.229492 37.468048
0 32.972206 152.610855 35.555954 31.647552
0 233.663391 543.497498 23.539917 22.057251
0 263.98114 600.242004 49.06604 44.338379
0 336.419922 401.04126 81.549194 69.000549
0 584.690735 161.312241 71.521484 68.242737
0 103.097282 156.145798 28.29892 26.266876
0 151.049225 369.574829 54.768867 50.226196
0 393.009308 9.037916 41.521301 18.075832
0 14.96907 406.087311 23.014198 23.35083
0 132.757416 8.382408 36.917938 16.764816
0 401.521851 105.790146 176.347595 165.800323
0 208.02327 135.131317 27.044464 23.642822
0 399.662262 385.697845 20.790344 18.685059
0 518.327148 52.625378 124.263794 104.455101
0 632.92688 576.533997 14.146301 22.493652
0 319.960541 463.33371 25.921509 24.046509
0 35.762482 403.087891 71.524963 113.156433
0 238.539032 587.250793 43.467087 41.67395
0 623.93927 503.476257 22.759521 21.52951
0 475.342407 81.138435 20.162415 20.072174
0 227.760239 266.993439 20.766144 19.400146
0 543.227722 126.691551 24.936401 24.879959
0 81.665138 121.701843 19.980911 18.599617
0 516.387146 467.235718 27.564819 25.782654
0 188.154037 433.503754 26.649292 22.463318
0 624.518921 206.037277 20.548218 20.325165
0 270.923218 345.333923 23.590576 21.975952
0 512.558472 365.969452 30.344238 23.122253
0 411.037964 371.362701 19.876953 19.244568
0 446.019043 16.087982 56.650269 32.175064
0 551.532959 352.205231 23.304077 20.673279
0 506.835144 231.332581 23.59314 21.982574
0 39.837124 130.960541 30.447731 25.317192
0 180.036713 412.229889 55.467468 48.528137
0 283.070953 307.875946 20.046753 16.842712
0 627.575439 11.365557 24.849121 22.731113
0 105.37085 614.01886 24.757629 22.571167
0 381.944061 457.849792 20.854065 19.918152
0 149.486374 577.958313 19.481018 18.129639
0 262.291199 297.779785 25.736694 21.065063
0 112.265457 107.612656 20.030945 17.447372
0 438.16803 173.693832 193.103912 159.395416
0 631.114746 183.045944 17.770569 34.432861
0 569.418213 424.60553 47.674316 39.838745
0 75.059647 422.931549 18.814453 17.859375
0 47.640068 509.866699 29.641312 27.956665
0 292.712128 463.624634 24.94928 22.300415
0 451.932251 337.232391 19.374817 18.002869
0 287.98587 88.539825 39.866455 35.560181
0 91.44828 487.816162 19.188232 17.585205
0 338.214722 571.752441 24.690918 22.726074
0 284.304138 36.753704 121.67067 73.417183
0 10.10988 31.968555 20.219761 50.542
0 402.260193 506.070129 21.411743 16.977051
0 479.866486 349.233856 21.333679 18.052124
0 23.578045 447.915924 47.15609 51.504517
0 454.060059 265.166718 123.547089 101.874878
0 537.536865 164.031586 22.310181 20.921112
0 517.554688 242.830307 20.819702 17.627563
0 533.777527 215.211731 19.339722 16.991638
0 106.809158 635.16272 16.309631 9.674622
0 142.808716 408.702057 21.138489 19.822388
0 15.573629 373.351379 20.134998 20.570557
0 343.907593 193.317429 40.553589 33.461884
0 18.00737 105.588806 36.01474 71.594788
0 183.387146 425.036957 39.707733 35.35376
0 617.331055 419.684052 20.035645 16.273865
0 411.896484 558.912598 36.384338 33.395264
0 21.727463 407.248383 43.454926 43.184692
0 141.134735 140.449768 30.71933 26.776123
0 199.357086 312.890137 18.743683 16.365723
0 104.480904 402.126984 68.800369 62.694458
0 615.082397 247.870331 48.374878 55.268845
0 456.844055 594.977234 159.508667 89.486694
0 353.615997 254.292786 81.815002 74.178711
0 123.776367 611.943542 15.811646 15.629761
0 621.994385 332.852753 19.984253 17.292236
0 167.186874 581.740417 18.729767 16.724731
