0 412.617371 38.490685 121.594666 76.230606
0 588.477478 199.430099 28.948975 25.215271
0 406.05719 498.154022 29.516541 26.566406
0 23.865036 556.157593 33.687775 25.75769
0 191.127502 203.246597 26.363251 23.8367
0 361.003632 319.663086 36.976624 34.003784
0 587.651367 468.60791 90.581055 79.174133
0 629.827087 582.036011 20.345825 23.965942
0 337.832031 621.943359 80.513794 35.769409
0 178.775818 572.955688 22.463104 18.860229
0 238.246887 468.301056 34.998169 30.67865
0 374.098541 134.129456 29.957275 24.831299
0 372.929321 278.883423 24.171204 20.874451
0 51.289375 318.036133 21.440628 17.856689
0 154.631866 43.294109 120.839348 84.26667
0 118.544586 264.782837 22.625298 20.16481
0 196.53241 629.075195 63.129395 20.147461
0 570.399048 335.738708 101.956299 82.891602
0 26.150436 20.530838 27.841904 23.46743
0 548.048645 438.368011 21.494385 17.950439
0 298.035858 525.494385 22.733459 18.717285
0 597.445435 279.235077 22.90686 19.440491
0 150.780914 398.421631 22.746094 20.619202
0 74.321793 573.096985 21.742283 18.604736
0 415.874542 163.792038 19.760071 18.614288
0 234.411102 48.954563 20.927124 18.627869
0 56.235394 474.969543 21.528313 21.137939
0 365.133514 130.859924 28.20166 23.930389
0 261.599335 515.245483 20.125549 17.529755
