0 407.499756 237.324188 122.251892 104.13855
0 579.718506 53.288704 30.748657 25.463577
0 519.84967 152.759796 23.451782 22.346191
0 616.531616 308.63678 22.644653 23.018799
0 490.687622 411.551422 105.27832 94.740784
0 507.859253 240.846024 42.622284 38.777985
0 434.369629 292.916351 22.94635 23.939209
0 425.595062 108.717331 29.41748 26.775589
0 325.753113 457.237061 30.629761 28.283569
0 228.630722 156.347015 27.480042 24.497284
0 629.04126 83.373573 20.818848 20.248917
0 534.305847 403.260651 25.029663 24.270386
0 583.168335 93.811287 24.435669 22.740585
0 594.348328 592.41272 91.303345 86.684204
0 564.513062 6.115795 25.241821 12.23159
0 566.351501 612.093079 32.810913 28.822998
0 350.948761 145.46991 30.998413 28.351837
0 611.335876 172.657501 22.430298 19.13501
0 606.08136 345.544647 28.868042 24.300293
