0 607.49884 469.780975 21.388184 22.019836
0 326.83609 519.737854 30.330139 29.340546
0 96.619614 369.098572 24.63327 25.01709
0 184.32428 270.175446 17.570251 17.322815
0 304.473907 552.936279 26.137207 25.264282
0 89.581932 266.972626 18.842255 19.584839
0 196.524796 138.795288 20.807251 20.302338
0 444.121124 10.726254 46.62262 21.452509
0 280.151825 590.849854 19.584412 19.241943
0 44.086487 553.584656 27.927567 24.348877
0 535.553772 32.885925 18.18457 17.148079
0 5.607418 313.809113 11.126839 22.520508
