0 357.311218 483.796295 33.355774 29.695862
0 477.631836 33.837215 34.146179 30.572784
0 492.526672 519.281555 49.820404 43.493866
0 224.593826 423.128174 66.76651 60.914673
0 543.18335 57.724335 24.515381 24.169983
0 155.824173 458.539154 23.471741 21.731079
0 46.016365 292.606018 21.687401 21.464294
0 421.022308 53.532295 22.856567 20.464066
0 459.531952 124.546036 22.672241 21.541298
0 465.625 89.845795 21.418884 18.984146
0 622.442078 170.599274 19.311279 17.210754
0 522.634644 48.113918 21.616577 19.676392
0 610.63446 427.080505 29.941162 28.122009
0 24.702919 550.536438 19.973221 19.236206
0 79.800301 64.131409 19.618607 18.033081
0 13.056986 249.335526 21.066879 18.123383
0 7.70097 536.705078 14.932552 39.149414
0 308.13797 400.554077 22.543396 19.631836
0 243.928299 178.154694 23.606262 22.666809
0 431.059601 17.033983 40.006165 34.067966
0 376.735107 111.656906 23.990234 25.02713
0 301.789917 165.425888 17.796021 18.973114
