0 390.706238 462.64093 29.803711 27.839417
0 603.409668 475.25058 22.561523 21.375854
0 132.524368 72.318459 20.459175 18.614029
0 459.279694 166.298096 21.39917 19.655731
0 232.973236 184.741989 91.242004 78.2547
0 174.646683 307.556091 28.296173 27.862244
0 194.067017 141.397141 117.049957 103.017601
0 387.9151 380.900146 23.301636 21.61438
0 597.513977 274.978302 20.671997 19.53186
0 415.169525 422.198608 19.011719 18.598511
0 224.992767 34.981102 18.300812 17.556425
0 455.851654 608.932129 118.974426 62.135681
0 134.061874 83.985901 84.600983 70.882767
0 333.160706 581.392883 19.216553 18.533325
0 393.426453 537.928162 21.445618 18.178467
0 269.217316 354.085236 38.624878 34.782043
0 229.706467 432.483978 17.295197 16.816956
0 490.972656 62.240826 284.628448 124.481651
0 567.268188 253.039658 17.502075 16.534943
0 580.821167 618.774902 50.525391 42.450195
0 573.543457 389.296814 17.510864 15.812805
0 393.946564 422.85022 48.564514 44.988708
0 530.29834 599.492981 52.551117 43.760986
0 587.640442 245.490082 21.716797 19.440796
0 416.136353 503.155029 20.379883 19.305084
0 156.032166 65.002335 17.33316 15.583111
0 180.548264 573.640869 90.82251 74.798828
0 80.592445 200.831268 40.858459 39.962769
0 97.639572 374.075378 85.766212 75.123596
0 82.489395 491.474823 57.815521 52.009949
0 110.635223 613.502197 83.841095 52.995667
0 462.489044 293.360168 22.362732 19.806396
0 189.31514 485.683411 60.168884 51.944702
0 270.576599 508.569336 95.510498 75.60498
