0 70.03125 568.943237 135.138214 123.887177
0 386.526917 410.895935 37.599365 32.495605
0 263.605042 573.470215 226.790298 133.059631
0 596.563354 112.383179 27.974976 25.216156
0 456.186584 248.290375 173.329559 134.45874
0 235.58725 416.404541 71.675949 67.182617
0 140.008514 606.587463 33.387726 31.251343
0 482.118622 448.896332 36.615051 33.655884
0 484.90332 505.851379 30.625549 27.747894
0 192.930099 392.367676 29.65744 29.299561
0 559.326965 130.088058 57.85144 50.928894
0 633.687744 270.454376 12.624512 29.845688
0 633.133545 212.858902 13.732849 30.802277
0 352.421326 306.317902 65.300598 61.188965
0 99.262711 307.035431 43.886642 42.693665
0 8.451544 603.69104 16.849819 27.468384
0 102.641457 337.143616 29.934174 26.33252
0 50.427025 107.579544 92.023132 69.748108
0 622.681396 120.786812 31.484863 44.856216
0 243.43045 190.220123 23.698181 19.0578
0 609.191589 285.70105 30.893188 26.927979
0 634.472534 355.470306 11.054871 29.129028
