0 486.490326 278.418701 160.015564 149.512756
0 582.278137 505.365295 54.114624 49.967041
0 93.475937 358.269196 29.862534 27.634766
0 484.388 580.810791 34.615051 32.993774
0 210.141602 569.445435 34.257904 34.456055
0 555.727112 40.742134 86.747559 78.55304
0 624.506836 585.373596 30.986389 30.522095
0 498.891571 358.738953 31.512878 28.153381
0 275.719086 501.910889 31.094482 28.45047
0 472.774841 545.771973 24.442749 23.97168
0 622.942261 360.350128 34.11554 36.040222
0 151.286011 386.634277 27.487854 24.868896
0 381.345978 113.594391 25.940491 23.360626
0 575.714172 395.564178 23.224121 21.863586
0 237.475922 614.512634 32.207428 30.256348
0 149.889999 550.949402 23.653412 22.405518
0 56.605568 386.571442 19.819752 19.444458
0 483.976715 444.268982 31.590759 28.331421
0 450.926575 62.828743 28.241699 25.457432
0 549.348022 457.422943 34.326538 31.881714
0 32.684029 489.728729 24.56085 23.443359
0 506.779205 510.909363 34.622131 28.445435
0 106.858437 489.959625 20.45755 19.716248
0 466.470551 44.833744 30.788086 26.538
0 233.597794 346.866394 21.101868 18.377502
0 37.410217 468.76297 23.604675 21.164795
0 374.144501 286.868347 24.019043 20.973694
0 97.640778 600.65979 195.281555 74.226196
0 341.947357 378.575623 21.025818 17.582397
0 26.103945 158.309799 19.129757 17.604767
0 361.576324 401.961182 39.432556 37.356384
0 536.869751 13.203933 48.187378 26.407866
0 519.789246 198.528656 21.675537 21.494812
0 326.165802 73.559227 30.177551 26.613369
0 246.015106 293.760895 18.854919 18.035522
0 30.773268 442.098999 27.974941 25.607239
0 313.009399 144.264999 27.3349 24.616486
0 170.453079 410.043091 15.562256 14.976013
0 365.451721 622.337952 16.034973 15.535889
0 291.418884 617.657043 99.033447 44.685913
0 606.815918 81.594894 19.444458 17.910522
0 260.959656 65.397728 20.151291 16.813446
0 499.523224 614.649414 21.207764 20.440063
0 586.900391 174.960526 29.103149 26.796753
0 59.534348 13.006824 53.593597 26.013647
