0 475.465759 296.431335 33.322693 30.398682
0 267.721954 224.854645 76.345764 70.182983
0 313.801147 386.49649 36.741882 35.483765
0 182.50502 346.360901 33.947968 32.719727
0 230.30159 612.147095 32.026855 28.973022
0 343.576263 11.602962 26.066223 23.205925
0 101.547928 268.179993 30.356598 27.101196
0 85.814491 248.569092 30.689301 26.656799
0 283.796295 532.696777 36.816467 32.369263
0 155.836945 364.183319 36.021484 31.413391
0 80.065369 395.784363 24.993652 22.802429
0 142.003601 134.120987 124.812469 107.438751
0 378.542206 369.034088 37.659912 31.114014
0 36.850365 367.897827 23.407457 22.5802
0 63.163307 194.526031 26.71175 23.791962
0 451.201477 594.80957 118.878906 89.837158
0 237.952209 571.903931 17.923706 16.557251
0 526.037537 603.204651 28.901123 27.634033
0 142.445267 606.067993 29.332672 25.593994
0 193.883301 396.290833 26.630341 24.412048
0 66.534424 213.623001 25.607449 22.496429
0 78.702721 539.619324 33.071182 29.474854
0 454.080292 529.485901 100.814392 88.437622
0 198.438644 294.972839 178.346771 146.044434
0 631.435913 114.824867 17.128235 21.55452
0 22.458725 237.924072 19.934944 17.57785
0 396.396973 139.449402 36.109131 34.134613
0 157.979004 189.660843 18.381378 17.839874
0 26.798557 299.216644 25.877403 23.794067
0 256.437836 543.57489 20.809525 19.316162
0 372.607452 581.788208 44.684509 40.24585
0 105.706314 96.56102 208.960419 193.12204
0 371.201294 346.996246 24.103699 21.304626
0 24.929895 114.788483 27.926022 26.464325
0 462.786438 499.601929 128.041016 112.463837
0 48.387981 350.135406 20.064507 18.165649
0 182.23851 381.376587 36.351288 30.235352
0 399.653015 214.248535 241.502075 176.160645
0 267.41452 519.009827 22.443787 21.650604
0 573.636353 396.588379 28.96814 27.048767
0 392.022369 608.776978 20.178894 18.01062
0 592.734253 265.329956 19.964844 17.74939
0 632.197388 403.56723 15.605286 22.490112
0 358.612366 200.229919 31.313843 28.210632
0 41.848755 150.55484 77.335007 71.016113
0 52.849213 232.746964 21.004982 18.819244
0 263.222534 377.82074 22.713242 22.406677
0 604.556824 425.437622 26.390625 23.788452
0 199.195816 629.852417 17.649536 16.606201
0 58.707535 474.270508 36.154392 30.013306
0 248.739441 186.771271 38.567871 33.523224
0 386.200806 188.012985 28.710449 24.970093
0 323.055969 160.395462 20.731384 18.257996
