0 625.876038 594.676392 25.518555 23.139893
0 589.915649 432.675323 37.799805 37.054932
0 534.053406 490.410736 25.074829 22.159058
0 618.467224 438.40979 26.915649 24.429565
0 587.54657 499.676758 29.278931 25.751099
0 72.814484 92.799515 145.628967 179.071686
0 135.39975 558.367432 20.576881 18.31604
0 310.548553 550.526794 59.431396 50.088501
0 440.793701 506.035889 21.496582 20.241241
0 507.015991 106.381561 92.815521 84.087097
0 494.319214 390.486755 20.243958 21.017029
0 532.314453 446.749207 48.461823 42.314636
0 549.392578 514.234924 30.88147 27.002594
0 631.488892 541.228638 17.022278 22.672852
0 69.955193 516.261719 43.273285 36.529297
0 23.841957 362.681244 47.683914 74.880493
