0 350.255219 277.498688 119.828979 111.199463
0 65.034805 476.05661 41.573822 39.146057
0 569.267517 13.582405 34.837769 27.16481
0 139.342651 458.552734 29.47982 28.403809
0 420.711212 386.297943 45.923645 41.394409
0 271.863007 631.431396 28.413208 16.244751
0 610.598816 619.361206 23.828979 21.732056
0 434.813477 510.134277 21.367798 20.393768
0 215.053497 628.920105 20.522614 18.798828
0 625.191406 183.479095 29.617126 50.222961
0 55.228859 436.681 21.327972 18.629089
0 306.84082 407.059082 30.731201 29.831055
0 166.159195 461.315033 24.530365 23.1875
0 366.713989 601.872437 28.235352 24.736694
0 376.5849 577.486877 23.654236 21.317627
0 460.608307 577.554443 20.086121 19.577148
0 231.779572 397.381866 37.048676 34.655151
0 315.724854 401.231323 49.543213 44.077393
0 344.677887 631.40033 33.231934 16.612793
0 310.444275 521.290039 24.015747 24.378021
0 569.178223 514.083557 20.576538 20.693481
0 221.616074 419.588257 22.893463 22.204102
0 345.259216 437.560089 50.15979 44.106689
