0 464.506439 503.408356 25.659729 24.035095
0 129.813751 29.266048 33.48455 29.146172
0 436.845673 589.827454 48.907471 44.059692
0 190.346176 529.145569 20.34436 18.934448
0 228.22113 141.326904 34.821014 35.580841
0 168.598862 618.957764 23.33844 21.848511
0 494.672211 438.3461 38.492249 36.6521
0 428.316803 558.749451 27.513916 27.322388
0 462.824005 554.155518 40.999512 36.280518
0 53.213577 102.305542 22.098553 17.919571
0 288.488983 503.87146 37.186035 33.525482
0 509.033569 54.826187 42.022736 38.355255
0 622.936584 476.673248 33.983765 74.297791
0 631.177307 45.981598 17.485718 33.523956
0 502.697021 477.22403 35.671295 30.047668
0 56.623344 477.802612 109.354599 195.151123
0 270.776611 86.781448 22.579346 21.954361
0 430.864929 436.12619 26.157593 25.340271
0 72.928665 117.395599 144.161682 159.118835
0 633.390686 25.320499 13.218628 23.73381
0 424.378662 567.797485 34.860962 31.678345
0 174.393341 115.58876 81.67627 74.279877
0 301.990204 565.367798 34.189026 31.628662
0 391.852112 451.716125 97.001953 87.917969
0 212.729019 235.180923 35.639191 33.016571
0 149.266953 555.547363 21.192139 17.408203
0 50.919731 626.615845 39.817032 26.53479
0 127.205597 552.092651 26.887817 23.399902
0 589.655823 310.07843 37.105713 38.449585
0 533.623413 218.524185 14.747803 14.756653
