0 570.821533 437.331512 111.634277 92.063477
0 540.154602 581.405823 96.261719 86.178223
0 50.8493 603.650818 26.534309 25.362915
0 61.91666 627.723267 44.354149 23.246948
0 189.476852 570.050232 25.922607 24.542603
0 586.101929 489.948029 20.793945 18.786804
0 530.407043 90.964424 31.068481 29.267197
0 459.760193 432.189636 24.550415 22.425964
0 564.42511 249.794128 44.578979 42.784729
0 452.911621 606.004272 18.111023 18.354248
0 146.287781 522.514893 28.18335 24.992676
0 396.902588 603.921631 26.974792 23.363037
0 631.540283 565.796082 16.919373 22.26062
0 104.775543 258.849213 24.477142 24.570389
0 8.488312 597.806213 16.155968 43.152222
0 212.591141 586.955505 40.285767 33.543213
0 271.829742 587.940186 25.68512 24.386719
0 327.304016 609.134399 25.944946 24.296143
0 632.766357 427.404846 14.467224 26.423462
0 539.167175 322.944366 19.497314 18.240417
0 231.791077 554.815369 20.542755 21.684448
0 291.632629 386.777649 28.17334 30.300354
0 290.949097 473.72641 25.801331 22.643066
0 376.032837 584.241638 29.431519 28.406006
