0 207.343399 194.664932 85.114899 84.789124
0 354.251038 492.020752 125.426147 106.657196
0 586.946472 188.369476 50.639404 46.059113
0 583.162476 592.369263 55.314453 55.265259
0 593.866882 504.027252 38.296875 35.980774
0 155.203308 372.875275 27.81015 26.036316
0 347.421051 145.450546 230.842453 231.532562
0 381.601135 255.689377 28.157349 25.346161
0 561.353638 22.977772 37.563232 35.955551
0 513.115967 409.280273 32.622681 30.240112
0 517.254944 160.557281 30.852783 27.94342
0 63.52861 465.410065 41.803257 35.844055
0 436.325073 430.78125 49.074219 42.955505
0 297.144684 285.79837 32.329468 31.474365
0 28.152458 27.487717 30.430086 27.912188
0 628.983154 589.800903 22.033691 30.324219
0 567.5047 363.78244 25.674194 23.950989
0 267.033478 596.483582 34.41803 33.808472
0 52.584694 194.283554 27.828598 25.942413
0 188.319687 427.442352 34.729004 33.847351
0 38.282238 363.159698 25.482275 24.04718
0 471.618805 214.286179 23.857788 22.197327
0 609.749695 14.668625 23.727905 21.791023
0 29.558819 435.626923 23.034966 22.343628
0 14.895943 560.664307 29.791885 62.819946
0 8.932283 376.515564 17.489117 27.695862
0 82.371307 324.700745 38.690994 34.11145
0 276.005035 365.536896 24.945557 21.290955
0 18.37104 619.294922 19.89925 18.527588
0 108.238136 168.597092 33.28157 30.018982
0 129.41803 533.381104 32.744446 28.923462
0 605.833862 126.035065 21.217529 19.402214
0 132.866974 355.996765 20.796844 20.244812
0 327.64035 27.679018 32.281555 29.464336
0 48.60524 77.735023 52.337997 47.602917
0 407.445435 301.667297 30.585754 26.691528
0 312.539215 155.930893 33.324646 32.309753
0 162.952362 139.412048 106.571198 89.653252
0 259.425415 483.003204 40.217896 37.907776
0 107.016296 402.251953 19.181442 17.968201
0 168.500336 430.839569 30.277527 25.677795
0 585.795715 403.070374 45.535034 39.357056
0 176.942078 277.332672 207.606079 149.900955
0 511.402832 568.549744 100.373779 88.672485
0 243.519684 285.054474 79.522781 76.359009
0 111.594597 602.564087 18.985687 17.515381
0 492.915497 282.662933 20.637695 19.736023
0 277.152618 474.659027 40.023315 37.293762
0 269.267517 461.947571 20.562683 17.822876
0 197.92807 509.820557 22.550415 19.434235
0 194.569733 14.655394 85.757538 28.737553
0 598.992676 31.161106 25.927124 24.125298
0 109.056671 39.26104 54.508797 47.884033
0 340.917175 144.301895 24.614075 16.032837
0 611.573242 223.033295 56.35376 81.02034
0 52.905514 454.421051 23.025551 20.093811
0 613.915527 387.54834 21.341431 18.350281
0 405.278778 17.905003 22.541321 22.004448
0 198.29039 395.080353 19.106964 18.013672
0 574.337708 222.898041 19.447021 19.052185
