0 355.959595 330.855469 128.570068 107.571472
0 422.018372 459.618042 106.678589 99.619385
0 454.247101 185.765564 53.396851 46.67157
0 300.673126 206.8741 101.717697 87.709625
0 236.532074 485.456421 42.939438 37.430847
0 320.598175 602.901367 106.545532 74.197327
0 216.338501 420.979584 26.447845 24.079407
0 531.261597 423.070435 149.28952 141.118591
0 418.006226 164.5009 32.21637 29.184631
0 278.174316 127.198837 45.542358 40.129761
0 69.305183 471.236542 53.990891 54.493835
0 57.643761 59.092499 115.177261 118.184998
0 208.070602 340.541107 31.583038 27.783997
0 424.257996 12.82053 28.29303 25.64106
0 200.55394 35.955189 24.901062 23.901711
0 590.466919 151.807434 26.532104 23.436035
0 496.08844 614.820251 85.785065 49.533813
0 328.463806 78.2855 91.678528 80.503601
0 138.006836 216.350708 144.214203 153.788574
0 598.121887 358.303497 44.518433 37.671509
0 624.581482 119.595757 30.837036 42.520523
0 198.605042 79.929321 132.687317 117.291145
0 345.375854 487.000397 24.924438 21.046875
0 51.436378 361.371643 46.676361 38.764221
0 578.661926 392.114899 26.171875 26.195068
0 42.228779 412.949066 20.555511 18.786011
0 279.117676 45.060989 56.255676 52.974457
0 228.335266 161.695221 56.284058 50.901581
0 507.304138 564.819336 80.474976 66.427856
0 280.244568 259.657227 23.018616 20.835129
0 356.875793 418.64978 23.678162 22.613647
0 590.24585 25.629265 87.829224 51.25853
0 264.240753 93.687157 35.269226 35.338852
0 305.848633 146.650818 30.559998 28.644196
0 315.042053 400.657227 68.049561 57.87146
0 421.783173 234.759827 154.008606 132.835449
0 39.079681 539.912476 27.738335 25.5177
0 540.629272 590.506348 43.233521 34.994873
0 291.382996 284.14386 43.635254 41.368225
0 225.113678 509.993225 23.267059 22.842773
0 275.163239 344.336395 23.981812 21.145386
0 38.79142 500.328552 33.353592 30.201508
0 234.440201 244.07402 23.345551 21.009064
0 271.59903 344.200928 37.503296 34.830872
0 363.929443 426.53891 36.570068 30.933594
0 117.596748 382.903381 21.138321 18.115173
