0 153.726898 258.056793 126.844177 105.878036
0 400.057922 79.002792 142.075439 113.394508
0 616.390625 355.900726 47.218811 50.494995
0 614.1521 438.775726 51.69574 65.11084
0 389.583008 324.659088 33.736572 30.963318
0 117.353455 409.369598 55.111023 53.822998
0 479.493103 362.425781 84.261841 79.44043
0 178.059143 532.057556 78.818298 73.522064
0 566.055908 419.968689 31.448853 27.56488
0 314.753815 370.311371 49.423828 43.775208
0 369.723206 377.60791 35.29834 32.217224
0 535.72052 149.108932 70.359406 59.339272
0 42.618034 440.653442 78.360153 72.757324
0 304.41037 318.719208 36.840088 32.633972
0 176.626785 169.151611 55.758575 50.490845
0 41.096405 176.592529 58.243057 51.389618
0 258.437317 211.572296 34.57399 32.298035
0 482.336731 447.869568 27.983337 26.660339
0 181.709152 593.693848 57.005646 48.709473
0 392.836609 423.230682 62.257263 58.166809
0 86.695419 551.768127 50.144608 48.478271
0 162.888351 459.402161 63.395844 53.131958
0 500.875763 314.435242 29.885803 26.545715
0 438.428955 135.098984 35.662476 31.762337
0 12.734495 307.714478 25.46899 55.06012
0 379.435913 152.509491 26.411804 23.780243
0 128.4879 569.852295 43.163322 40.460938
0 297.045563 343.991577 23.549255 20.920349
0 536.733704 307.403839 39.452759 37.745972
0 473.933014 185.285507 27.574097 26.220398
0 544.750244 196.758514 22.543579 22.505585
0 39.827442 352.361359 24.33503 22.552185
0 81.155556 484.042572 85.013214 71.772034
0 478.412048 13.33984 61.273499 26.67968
0 71.741119 155.161591 23.361454 22.243042
0 241.283539 281.719666 46.707214 38.478577
0 453.16684 30.088726 36.91333 32.292236
0 70.761711 202.841614 25.636963 24.090546
0 312.218384 130.591125 19.367126 18.814018
0 401.99176 262.349274 37.751892 33.902084
0 552.35321 332.450043 22.078125 20.459106
0 272.408112 347.392487 23.339783 20.974304
0 43.158268 515.972961 33.530388 28.563721
0 324.265839 6.745956 23.892761 12.677441
0 299.413635 160.377075 123.100327 105.220764
0 249.018677 353.726929 26.663513 24.430298
0 524.38916 383.849915 22.893677 22.802917
0 580.673767 17.606335 54.260986 35.212669
0 197.12973 17.316938 25.698364 24.43034
0 57.507568 630.808105 36.411972 17.415527
0 471.251404 392.630829 76.173035 61.907288
0 496.532715 28.687931 26.214905 23.247238
0 226.809128 383.467163 29.537048 27.270142
0 23.647022 490.952057 33.967125 30.274658
0 65.62178 400.792236 27.510376 24.621155
0 583.291626 41.972923 25.693604 22.884102
0 548.034973 33.516312 29.630493 27.37748
0 110.743622 60.351006 99.632332 77.665359
0 498.452209 266.416718 87.71228 81.550842
0 236.779419 239.535828 17.066406 16.328613
0 356.087067 510.02536 312.731873 259.94928
0 491.88324 21.78986 38.622253 29.687592
0 246.689514 230.630905 20.099182 18.892548
0 408.065063 120.764267 38.311523 35.61319
0 509.857391 76.061676 28.110413 25.492527
0 459.075256 410.268738 68.926147 60.279541
0 216.381363 174.792908 20.722107 17.246704
0 12.963135 601.767944 24.263359 24.817383
0 98.45137 436.401672 32.786209 26.008362
