0 249.469299 203.446945 66.463623 65.233124
0 517.547974 461.698456 29.728516 25.527649
0 278.434418 150.828308 53.784073 48.168915
0 165.201233 467.39743 26.074554 24.336121
0 58.449165 224.820923 26.092686 23.9505
0 482.896088 334.066742 21.512085 19.545471
0 64.374367 324.466949 29.681477 27.387695
0 123.014999 240.087646 23.727699 20.636078
0 19.480064 295.857422 32.102234 28.503113
0 478.758759 610.507202 24.424683 22.885376
0 16.399429 226.534744 30.64127 28.522614
0 29.138344 186.388763 39.699631 39.02597
0 548.684143 231.22403 19.75293 17.826141
0 166.205475 232.981812 29.747894 28.777557
0 633.17041 472.412659 13.659119 26.42804
0 545.773376 291.256195 23.369629 22.953064
0 100.433243 303.228088 22.401779 19.587158
0 620.561768 172.066116 26.567627 25.503052
0 460.238403 245.706131 19.253906 17.65271
0 98.389534 370.244385 23.228256 20.932007
0 107.242401 337.263 57.520409 47.98938
0 433.202576 392.858002 56.578125 50.448242
0 62.916519 291.243164 49.194946 46.953613
0 492.643188 313.309113 27.858276 25.106018
0 5.147527 316.247955 10.295053 39.407959
0 41.079094 352.561005 68.242172 59.841797
0 617.274353 32.021454 23.797974 20.318146
0 122.767334 379.497467 26.346214 23.957153
0 631.180664 541.307861 17.638733 42.19873
