0 240.429871 420.732788 60.992294 53.763977
0 109.809212 234.598816 68.250534 57.693314
0 203.562866 170.330368 35.845581 31.971649
0 346.980591 357.014648 60.918579 51.254944
0 476.517517 228.40361 33.933777 31.572968
0 118.979553 197.023621 37.697205 34.504822
0 381.562805 410.997314 34.276367 30.243225
0 549.653748 167.583801 38.918945 37.343597
0 500.428528 180.288635 54.86618 49.170227
0 183.368439 215.059601 40.020172 35.031158
0 455.02478 258.267487 55.708496 46.509094
0 53.31707 584.482666 48.938335 42.120117
0 553.96106 615.416931 43.722778 40.166016
0 281.883636 478.214752 50.308044 42.053894
0 456.138977 536.169434 34.68042 32.802612
0 51.846416 74.244865 36.457329 31.934998
0 52.594563 626.195923 38.437843 27.608215
0 313.726318 383.269165 43.218872 37.162354
0 548.900757 212.72316 60.852173 49.839355
0 261.594727 538.549866 53.366074 54.61026
0 365.457245 104.510185 46.604858 40.668472
0 467.38266 423.558289 31.598022 28.256531
0 461.187408 296.935333 60.980042 55.484192
0 55.106247 174.106094 23.978703 22.491638
0 228.85672 283.855499 25.272247 23.325745
0 220.693054 545.925598 43.445465 36.483521
0 347.174133 278.393829 33.02594 28.253784
0 256.084106 236.628952 20.341629 19.783478
0 41.814728 27.202339 39.055031 35.782654
0 374.221008 310.134552 37.713135 33.769287
0 226.044754 628.338806 21.710938 19.725464
0 437.92984 482.254517 28.817078 25.528564
0 387.848938 247.480469 24.370361 21.70134
0 456.882935 446.394165 23.188171 22.236755
0 20.646002 472.573853 22.90279 19.410095
0 439.127228 149.743988 20.629089 20.140198
0 32.80854 58.0299 22.494247 22.619953
0 483.756622 356.669037 22.768311 21.80365
0 430.379669 204.751221 31.270203 29.479065
0 411.05542 252.964661 21.536743 19.406296
0 16.612553 219.43602 32.980995 38.720337
0 298.298859 94.605247 26.074707 21.533508
0 171.499435 240.95401 15.045685 14.747345
0 200.48996 246.557541 18.928558 17.293182
0 5.097258 629.24884 10.194516 20.847534
0 622.882202 127.01609 26.612305 24.307693
0 291.547363 134.375839 23.450806 20.332306
0 521.055115 83.820923 234.217773 162.34021
0 224.883438 380.062927 33.791718 31.927246
0 485.910919 131.362381 40.706116 33.891205
0 329.732819 258.023773 33.708618 29.027893
0 621.573486 148.177353 31.780273 28.403625
0 383.260712 450.962097 32.938354 29.7146
0 514.88147 559.824768 20.376953 18.973389
0 268.953094 357.313568 19.642456 17.636658
0 415.715637 597.224182 60.719849 48.409912
0 503.548035 505.788269 32.348541 28.70285
0 445.137421 464.52652 27.012024 23.924438
0 361.435974 4.834197 25.105896 9.668393
0 57.531895 157.278091 20.617012 15.656342
0 177.472794 18.76556 29.781799 26.78266
0 259.380188 159.617935 30.40802 25.732635
0 131.679001 409.994781 16.870239 14.565552
0 523.222473 459.988617 21.417725 18.007935
0 396.773621 288.735657 29.761108 29.240784
0 576.060425 221.905365 18.255127 17.418182
0 444.339111 228.374039 24.448486 21.433533
0 377.83313 167.265442 20.687866 20.657104
0 552.555542 460.273926 22.849487 19.493103
0 409.576233 137.273544 41.202881 34.382561
0 554.245911 406.116913 171.508179 283.861511
0 492.772858 612.566956 17.604309 16.373901
0 91.039322 46.032005 16.494186 15.140274
0 475.48999 334.217194 33.653015 28.832275
0 419.733337 14.612872 36.802124 29.225744
