0 621.279175 320.198608 26.421875 24.211853
0 487.225647 177.73204 70.133423 64.884247
0 115.549591 264.843994 24.443314 24.006531
0 441.255585 360.846802 33.477234 32.827148
0 613.881897 243.774872 36.468628 32.426926
0 272.749603 215.461533 24.724548 23.250366
0 626.063049 440.411926 24.641968 23.285461
0 138.380676 592.530212 45.311928 46.266357
0 292.599304 254.893875 21.115723 19.904755
0 579.084412 26.671032 49.896851 44.726341
0 129.269272 497.236847 19.274628 18.48053
0 24.284534 368.828339 18.172663 19.409912
