0 474.157593 386.151093 111.135712 95.451416
0 412.025299 305.949432 66.416992 60.952942
0 90.710205 470.563293 136.453949 113.088379
0 314.8974 437.478516 74.221863 62.124207
0 411.398285 247.133942 100.379883 89.680862
0 215.764236 505.064331 57.358002 55.634674
0 92.76461 395.72052 69.221069 60.060242
0 343.637146 529.243774 29.065674 26.332275
0 286.415527 618.808411 36.139221 33.255249
0 508.558472 630.305847 33.430023 19.388306
0 426.092499 130.640533 30.371033 28.404541
0 121.706299 85.270248 29.295967 25.412704
0 172.087753 331.480713 45.957947 38.377625
0 212.365799 419.707764 141.955597 123.828857
0 525.922302 604.745728 29.18103 26.42749
0 451.626251 55.048523 22.622437 20.263367
0 499.961792 228.411713 140.942291 120.153381
0 461.884064 318.505463 36.917297 31.915833
0 583.785095 33.827164 25.676758 23.765532
0 477.010132 105.133469 118.059723 97.918671
0 18.440895 67.575157 29.515259 27.149197
0 101.604256 512.389282 39.221786 34.263062
0 7.076505 50.028938 14.15301 26.92981
0 24.862648 544.526978 39.666733 37.619873
0 540.848511 557.134766 27.144287 20.851807
0 475.147156 351.881165 45.929871 39.42572
0 179.624115 474.249329 34.672638 30.886719
0 521.47821 6.489436 28.849731 12.177103
0 610.044983 196.104446 21.718994 20.828552
0 629.988892 446.384094 20.022278 30.388611
0 187.411041 627.194824 41.733582 25.610413
0 333.922272 145.816635 156.581055 132.233185
0 270.419556 248.038025 31.07666 28.986313
0 352.157379 217.999725 21.598328 20.006622
0 89.30146 634.513611 24.996765 10.972778
0 576.036316 418.572754 50.117798 43.813965
0 575.188477 333.274963 36.311157 34.222473
0 625.24176 544.089417 29.516479 35.421021
