0 486.358734 301.34787 29.686523 26.841492
0 213.878677 433.892578 37.477234 34.321472
0 493.642761 417.048462 32.042664 29.622314
0 630.291199 452.06427 19.417603 24.77655
0 121.108131 109.772064 23.084457 21.27681
0 195.308807 632.722839 24.101471 14.554321
0 605.025208 495.721252 51.42334 46.735382
0 455.476929 620.91394 38.021912 32.216797
0 362.145081 376.832458 33.527588 31.268555
0 386.478729 187.857849 17.645935 17.226685
0 160.970154 133.325531 78.157112 66.721771
0 242.687668 343.127258 62.949066 56.750977
0 547.608459 633.406799 22.921265 13.186401
0 234.561859 454.359833 22.80777 20.876343
0 633.863525 218.381592 11.795288 26.097961
0 402.61908 315.48938 32.194397 30.277466
0 320.005524 566.991821 51.336914 45.429565
0 308.500671 332.533325 83.618713 68.048523
0 491.863586 633.272766 22.367981 13.454468
0 310.849121 63.654671 71.540527 60.331341
0 381.012726 585.484619 38.533264 35.063477
0 473.196716 407.011597 20.285156 20.988098
