0 27.332577 315.118958 37.435875 37.838379
0 35.214008 147.30191 45.230339 40.392181
0 243.838913 611.767212 48.131744 46.156128
0 363.95282 459.443481 31.15155 28.769348
0 428.385925 498.625336 36.123474 34.9328
0 109.531433 300.330414 35.802933 34.082092
0 205.342575 122.572769 25.063568 24.159729
0 49.038147 297.52063 24.683914 22.701416
0 404.482117 372.10495 22.694763 21.230713
0 275.523163 537.895081 22.377869 21.452759
0 106.634377 57.609543 28.451828 26.679852
0 415.969543 28.180435 224.204742 53.217735
0 180.902725 73.119232 37.829437 35.142441
0 304.442932 437.103424 20.005615 19.96814
0 462.608398 392.416718 28.932434 27.631348
0 278.361908 423.322021 35.433594 34.62738
0 406.79541 281.726196 87.055115 80.76532
0 195.820526 208.388046 33.944885 30.025543
0 166.077637 245.719391 18.889648 18.8927
0 362.637299 150.057037 153.760864 175.406433
0 49.110508 514.930542 33.12484 31.351227
0 589.725891 547.220459 22.871704 19.981934
0 381.96051 500.776276 22.842346 20.47998
0 194.867035 408.329346 40.89621 36.221619
0 146.17775 360.523102 84.346741 77.616455
0 336.646027 299.963531 79.603577 75.837524
0 417.949829 539.810364 64.6073 55.537354
0 202.367004 239.488922 22.021301 20.264404
0 408.760223 576.379089 24.7724 24.772583
0 214.742142 570.662415 20.226715 20.088257
0 585.77478 392.77652 16.214233 16.012512
0 602.044617 312.527863 41.647339 37.938232
0 465.672546 295.220612 16.615356 15.48584
0 425.643707 362.135071 22.821838 21.466492
0 528.477905 406.342346 154.853516 143.012207
0 635.243896 568.019836 9.512268 17.173706
0 12.597015 4.583321 18.20031 9.058891
