0 440.432678 266.204803 132.297974 100.690598
0 395.56781 457.782379 109.353333 90.05365
0 233.438904 179.268829 35.170898 26.869019
0 150.733398 335.973053 37.401733 27.676086
0 336.416046 378.677399 34.989075 30.104675
0 457.763794 372.632843 28.703918 26.083313
0 586.184753 337.401581 27.643188 24.110229
0 120.137169 135.141937 32.440323 26.249451
0 546.188232 368.970612 24.075562 19.868408
0 76.130051 290.243195 28.37373 22.510437
0 165.443787 310.579498 36.599731 30.36145
0 480.337006 205.565979 40.144836 39.067505
0 157.66745 325.736298 40.647278 32.312317
0 327.96048 336.929138 53.906738 47.733887
0 488.194031 138.201294 24.318542 21.412025
0 39.235821 254.928223 21.623163 18.163025
0 266.370819 371.537689 90.958008 74.449158
0 209.72641 278.46524 27.197632 24.500122
0 472.442505 76.275101 32.322571 28.310841
