0 277.891876 388.298798 124.284378 94.625549
0 157.237442 504.538971 46.33606 36.876892
0 152.816437 474.381744 28.960785 24.753845
0 525.267578 119.169724 27.373779 23.693764
0 395.193237 192.551727 23.043152 18.474152
0 593.454895 52.99646 23.871094 22.366276
0 413.91098 407.184814 31.090149 26.385376
0 488.318451 45.457668 23.925842 21.280945
0 416.774506 94.541649 28.839905 24.935928
0 580.463196 275.720642 117.474365 128.987534
0 267.041138 479.872711 21.241272 18.51123
0 278.132446 350.665375 38.859985 34.703308
0 616.928162 18.627981 26.067139 23.28532
0 594.632385 513.682556 84.728149 95.986481
