0 302.238922 329.495361 187.513474 155.652466
0 107.325089 517.962097 79.392555 73.966461
0 71.590912 601.727661 128.910095 76.544739
0 140.640991 411.477051 53.685303 48.764954
0 356.066742 242.151443 28.840271 27.413513
0 59.758575 364.375366 67.853104 63.141296
0 153.873871 460.975586 94.363037 82.215759
0 549.931213 545.489929 179.385101 189.020142
0 189.115891 310.83252 26.973969 23.441284
0 196.047836 493.640869 60.717621 54.139648
0 417.549835 269.263977 23.674988 22.117615
0 266.514832 415.975159 47.799057 44.700073
0 310.098969 468.785583 34.877441 31.202148
0 172.384003 590.246399 55.004608 46.644287
0 15.320486 562.082703 27.077671 24.784912
0 86.855972 468.125824 47.920776 43.707825
0 276.30368 207.386169 26.977173 23.730469
0 501.733398 442.644409 40.754395 37.087402
0 401.030731 356.429504 20.983826 21.243103
0 233.071716 408.42392 20.582458 18.762146
0 327.154724 35.070816 21.129761 19.21537
0 74.983353 486.512939 25.943523 23.741943
0 164.897827 132.004623 64.584137 60.384277
0 420.2146 576.650024 69.643066 57.886963
0 109.015945 386.128418 39.882477 37.006042
0 383.430573 152.83345 20.380005 18.370758
0 34.991261 427.691864 60.9636 60.351746
0 282.525391 70.101959 246.776245 140.203918
0 91.222855 58.330109 158.185181 116.528656
0 449.136902 472.948303 100.337891 83.129883
0 475.052368 304.947754 84.841827 72.52887
0 378.540558 379.68985 19.721985 18.268005
0 420.556976 154.455963 135.956726 129.312469
0 596.616821 249.874817 47.726074 40.758545
0 44.558346 168.287354 85.385506 72.113983
0 245.502182 256.91922 17.55011 17.101974
0 576.099915 211.01152 54.523071 51.746002
0 631.675415 39.233944 16.641235 21.369728
0 121.06958 160.623383 56.653343 48.536011
0 79.220032 438.713043 35.559891 31.500854
0 216.424866 617.156982 40.641846 36.767944
0 136.413788 371.040497 28.358162 25.263489
0 475.797882 397.749634 44.87738 39.698242
0 153.866089 276.564301 55.050507 50.703064
0 597.814026 408.857056 84.371948 133.480896
0 258.513367 250.766479 16.348328 15.459641
0 412.816589 227.827606 17.170044 16.478271
0 590.011963 149.174271 99.976135 108.65995
0 404.267548 589.838257 127.854065 91.181519
0 491.793121 206.991364 31.302124 29.55603
0 377.429565 453.85498 29.776611 26.57074
0 573.568542 351.022797 19.477539 16.05957
0 416.293671 521.566589 65.428833 50.413971
0 635.604248 135.754089 7.838135 22.820129
0 139.117462 121.962013 40.104553 37.56044
0 634.169922 316.690155 11.660217 27.143372
0 336.360474 302.362335 19.107544 16.93158
0 13.536997 331.633148 27.073994 45.337341
