0 252.528427 346.566467 64.973419 59.730835
0 373.927185 52.728882 94.433289 81.333008
0 37.662445 365.010803 55.452896 54.029724
0 124.105057 86.056122 40.004417 35.767944
0 323.877563 537.972778 123.612122 118.687012
0 524.448059 377.551453 231.103912 252.4953
0 306.08017 120.149734 43.937256 40.549751
0 210.785324 420.408569 33.977295 33.905029
0 290.598419 183.517624 45.570312 39.542053
0 22.283779 109.970795 44.567558 51.74926
0 125.375801 214.453751 34.81044 32.504181
0 298.537903 307.934753 33.372925 29.107727
0 144.52359 617.050171 66.318146 45.899658
0 48.325928 301.116058 40.763859 36.497375
0 267.4664 96.711052 32.769226 29.07309
0 294.827698 151.643677 30.450806 28.903351
0 140.708832 410.61026 26.795807 24.138977
0 125.201065 242.662384 34.696083 30.757202
0 282.386169 261.380493 28.640076 27.107727
0 70.768265 514.836731 139.840607 164.87207
0 568.503174 583.190308 45.682983 41.582886
0 200.691757 494.227081 24.238922 23.174072
0 220.316437 568.696472 60.479645 54.275513
0 402.971558 446.166748 25.3349 22.925537
0 402.189575 544.08728 47.860901 42.829712
0 333.665253 185.334045 26.487793 23.926575
0 169.544708 81.874741 37.977234 34.618484
0 85.505188 361.997772 33.551132 30.257935
0 473.823883 142.331848 42.818115 36.282402
0 150.06218 464.69455 25.643646 23.266357
0 467.887146 587.909058 89.047729 70.599854
0 141.801086 62.080009 27.088348 26.312668
0 231.317932 202.984772 22.330109 22.338593
0 40.561913 318.793884 19.928238 17.756592
0 272.806824 129.699066 28.691345 26.565399
0 254.090179 379.00946 22.64209 21.228821
0 278.822754 471.169464 30.550842 27.615479
0 71.534546 174.453873 23.137802 21.595825
0 95.026672 433.549194 31.758179 28.567383
0 320.519958 401.323334 45.690308 45.041748
0 244.703217 220.718613 22.766556 21.655823
0 12.719267 344.251404 25.438534 30.788452
0 526.203247 78.956711 20.567139 20.120956
0 130.931244 113.411964 16.148956 14.907669
0 369.986389 502.160767 24.716919 21.874298
0 308.839233 278.057648 37.798096 34.763
0 217.182968 229.719543 31.108002 28.253021
0 198.110016 178.467072 21.247101 19.357147
0 313.519897 234.847443 81.289551 73.636307
0 41.330933 421.926544 70.797485 62.519287
0 121.558601 495.921875 41.182114 34.43335
0 96.693771 80.941238 23.172073 23.205978
0 12.882693 5.713663 17.676218 11.427325
0 284.998627 414.595795 28.82196 25.457886
0 11.149384 11.321499 19.412296 18.506237
0 517.417908 34.285412 25.734375 23.995888
0 163.170242 261.989899 18.921844 18.532272
0 305.074585 463.311035 26.27179 23.746216
0 105.286095 229.469223 19.570358 18.660065
0 615.348938 91.310417 26.155273 24.057617
0 250.676056 139.457809 23.57991 20.324097
0 136.291245 364.051178 24.332031 23.988953
0 184.817947 14.684282 33.855316 26.945408
0 478.51178 10.093773 18.288269 17.14164
0 68.904953 7.933119 25.275772 15.866239
0 494.146729 111.810364 60.060669 46.449677
0 405.033112 563.277954 17.833374 14.914307
0 223.458908 53.858109 19.386383 16.897354
0 118.123779 55.413483 28.463562 25.576111
0 270.556396 111.392929 25.78009 21.004349
0 42.940224 348.435822 32.000198 24.635193
0 186.540649 366.568665 122.486145 107.290649
0 282.749969 379.614105 38.202393 36.902344
0 467.211517 633.533203 19.920471 12.933594
0 167.238602 528.530457 62.260284 55.966034
0 140.930908 269.015717 45.2052 43.904312
0 615.40448 80.28894 22.135498 20.787292
0 72.059242 117.927147 21.035004 19.149139
0 253.122162 29.913445 31.444931 28.517685
0 46.068489 10.441335 22.21331 20.882669
