0 384.810791 216.276672 100.037659 93.074844
0 212.246307 431.643372 59.109497 54.399841
0 144.97583 357.738342 96.341492 86.378296
0 286.10849 340.685089 34.551758 33.002441
0 131.757431 593.912781 30.467621 27.83252
0 443.272888 522.917175 29.702515 27.609467
0 34.068913 516.274963 34.367165 30.831665
0 513.533936 317.313507 158.160034 143.819458
0 15.803413 469.734833 24.777557 22.036011
0 477.722534 472.144012 36.066589 32.725769
0 441.434662 564.069641 39.228577 36.417603
0 471.151703 398.412476 28.310913 25.993469
0 575.7052 353.670135 34.803711 32.205078
0 490.634857 369.550903 34.198547 31.79071
0 74.89949 51.326618 149.798981 102.653236
0 131.862976 551.030212 21.09491 19.942017
0 618.84314 600.832092 42.31366 78.104248
0 613.856384 371.584961 50.745239 170.280884
0 455.642609 456.208038 26.148987 23.217163
0 359.961029 499.236816 32.221802 30.298096
0 200.998886 95.750664 28.484528 27.460999
0 458.935638 544.454041 27.047729 24.556519
0 205.607483 290.09967 144.673035 98.547668
0 398.690338 530.722778 19.66748 17.655029
0 89.284325 75.052162 22.935226 20.322205
0 388.843994 41.889099 19.162781 17.414207
0 616.757812 460.817322 18.837769 17.534485
0 90.106979 428.472595 21.135345 19.858398
0 58.008186 12.849714 26.017323 23.996239
0 167.915894 159.89743 66.287781 60.702515
0 304.277649 111.446503 17.628784 17.123962
0 583.792847 52.801613 38.218872 31.947067
0 571.931152 588.941589 76.539307 61.661133
0 191.806351 55.86158 31.468475 26.942017
0 597.866882 222.829803 40.700806 35.537659
0 313.963104 271.597198 22.515747 19.800293
0 251.559219 220.937775 104.013947 88.685104
0 381.184143 428.499878 51.013428 45.161621
0 214.078995 387.06778 18.99646 17.577332
0 575.127502 407.781982 53.306396 49.460693
0 275.293976 566.723755 16.33075 14.857178
