0 328.626953 549.449158 30.185364 26.678101
0 147.130585 352.557587 65.241547 62.443481
0 262.221802 94.95343 26.211426 24.363663
0 349.076202 438.254211 24.758606 21.812744
0 38.791122 123.903641 21.797974 20.980003
0 613.138428 73.777504 22.872437 20.88097
0 258.925018 309.079651 23.299606 21.766174
0 35.546497 198.672104 20.259529 18.474579
0 617.170532 168.215637 19.75 18.592163
0 54.538303 106.238396 21.294899 21.284988
0 288.055054 106.854706 20.655823 19.299652
0 47.259789 265.763947 26.933487 27.367905
0 188.169388 468.970215 37.966644 33.453552
0 34.438057 308.822418 16.954674 15.789795
0 223.102539 313.640106 20.623657 18.83728
0 61.196625 377.59201 22.203629 21.527222
0 54.56324 459.521423 29.37981 26.700439
0 119.099854 253.883194 16.4487 14.98996
