0 583.017151 153.225662 79.01355 66.233543
0 382.550629 172.709473 37.10321 31.267639
0 265.555054 127.034866 26.36792 23.507454
0 46.263214 482.940704 36.969376 34.656982
0 553.219116 189.186966 60.670044 56.161926
0 598.77948 211.730133 47.791382 42.921082
0 351.873566 124.304672 22.366577 21.559387
0 235.772308 296.116821 23.976532 21.003967
0 229.306488 156.36348 35.304047 30.394562
0 204.129486 200.824249 51.168152 44.725464
0 31.629669 113.46196 32.305 29.839439
0 16.722538 505.236023 33.445076 46.892792
0 181.594284 78.431648 40.036652 40.837479
0 396.250763 208.824417 30.332947 32.190186
0 174.624695 254.811615 41.361237 36.918472
0 145.805969 314.706177 23.006561 19.940613
0 599.982727 622.335083 44.283691 35.329895
0 109.152328 149.627304 37.949707 36.074707
0 144.960327 55.977955 54.579193 52.078316
0 415.616608 101.966431 19.483704 17.951401
0 618.635437 15.491144 34.202881 30.982288
0 521.705994 525.257202 35.279022 34.456665
0 433.540527 516.554016 290.113525 246.891968
0 253.539795 146.253647 24.808533 26.912415
0 131.961868 564.55249 215.240662 143.800049
0 558.597839 629.853699 56.170166 18.5177
0 6.219881 616.369385 11.385958 45.927246
0 627.077515 465.853058 25.845032 32.582886
0 212.857132 610.914429 55.531219 47.782349
0 195.668243 158.155899 30.196075 27.245697
0 159.519394 579.932129 87.823792 72.268921
