0 502.38739 113.275932 45.614105 41.836044
0 310.640045 388.314026 31.462708 28.023987
0 628.082275 499.316132 23.835388 26.290344
0 419.864563 612.511536 156.453247 53.769409
0 10.509662 54.656662 21.019323 25.854847
0 118.107529 457.855377 34.806664 31.89502
0 606.596863 376.401947 25.601929 23.603455
0 111.23143 411.008759 199.677917 170.229065
0 68.691315 49.299225 26.402893 23.969223
0 605.030701 631.040466 23.970703 17.919067
0 63.026817 253.513885 119.679871 113.454529
0 529.333923 614.274109 85.217438 51.33374
0 96.609955 599.639832 20.353638 19.249512
0 235.197296 590.541199 20.682892 19.836426
0 56.846371 135.629669 113.692741 136.801941
0 66.878525 478.479523 20.823715 19.597778
0 276.77301 222.595108 236.173447 201.930145
0 156.203491 197.250717 62.10202 59.880951
0 416.990631 516.623718 38.883118 33.912231
0 580.919983 595.397461 22.285889 20.60144
0 604.632324 69.289963 23.934082 21.241817
0 78.303513 505.782104 32.956375 29.009918
0 333.013184 112.737427 20.920715 19.831329
0 394.261139 528.649231 125.10199 137.193481
0 308.228149 360.803253 21.758362 18.690857
0 576.561096 114.618057 21.504883 19.435501
0 120.821579 447.472229 90.507774 76.17865
0 516.125244 533.406433 54.936401 49.503754
0 566.903259 80.250366 24.245361 19.218857
0 405.867554 483.744751 127.582031 91.708282
0 569.823547 97.031647 31.298828 27.034241
0 151.732315 22.69758 142.699554 45.395161
0 322.905884 445.956238 74.268127 72.773254
0 452.557312 530.248535 33.409424 33.543945
0 623.763916 298.819275 30.870117 48.365295
0 422.879974 557.033447 35.347107 33.585938
0 391.152313 438.045197 57.958679 49.927124
