0 364.18161 380.66095 137.77417 128.121338
0 73.477768 150.524719 62.341858 58.991554
0 286.498474 335.040924 83.79567 76.46637
0 526.342712 246.978943 59.817871 58.303223
0 603.021973 141.997437 31.540405 28.031227
0 498.378418 537.227173 51.289185 49.220337
0 615.695496 456.676727 37.400635 34.918152
0 606.6427 568.895996 32.225464 30.152222
0 136.640854 550.815735 25.378662 23.842651
0 372.390045 193.467987 36.229858 34.016266
0 604.163818 395.414917 68.357178 60.410522
0 446.061707 511.84021 27.627563 25.026733
0 523.92511 451.132141 54.805939 52.079346
0 459.830505 423.003265 47.069763 39.555054
0 432.290497 485.927277 39.248962 36.197571
0 150.933868 8.082017 37.28064 16.164034
0 141.139984 81.811584 50.294586 46.975491
0 412.07724 508.682983 44.863159 42.165771
0 78.36525 548.878662 38.412506 36.970093
0 474.088959 591.277954 119.218079 86.963623
0 17.686306 68.025314 22.114857 20.482792
0 633.880676 473.037476 12.238647 37.316528
0 207.7341 546.423157 34.168732 34.963501
0 478.390472 462.424438 42.502869 41.7005
0 499.448059 420.254974 34.398224 33.463135
0 492.613068 243.386017 33.627136 37.270096
0 563.819275 94.692642 64.515503 55.237427
0 50.14695 72.133255 20.286346 17.218235
0 396.65863 627.659546 67.503601 23.023315
0 15.410556 217.623077 30.821112 56.986694
0 478.723938 134.021927 46.360535 42.920258
0 96.926659 343.580719 19.036972 18.823792
0 132.424026 467.475342 34.218513 31.423584
0 170.302231 490.184021 32.964203 29.875061
0 237.26152 554.302063 25.524109 23.239258
0 444.690521 555.593323 19.234924 17.587769
0 508.318604 591.208801 53.137115 46.049316
0 427.945953 42.497253 34.81543 38.543945
0 617.013367 48.447018 18.640991 18.174011
0 30.872707 585.863892 42.035011 41.952515
0 110.549889 338.465485 17.672836 17.458008
0 561.413086 385.963684 28.368164 24.959167
0 596.502747 50.502975 27.133667 23.97657
0 257.504822 522.153381 19.912338 18.926514
