0 287.682556 297.314606 57.68103 58.020203
0 58.503639 315.264252 51.394573 50.659363
0 324.387329 347.367554 85.881042 73.574768
0 577.03656 357.673004 63.101929 63.01062
0 421.760315 480.007599 52.996582 49.907349
0 557.54071 418.802094 82.197388 75.579468
0 423.069305 372.793793 30.589661 27.888733
0 163.71463 245.869568 48.88501 45.758896
0 286.095032 574.818604 123.475586 122.898682
0 410.073334 197.506836 31.369751 29.042084
0 322.388123 140.565414 29.840027 26.667885
0 172.616425 212.849014 46.791229 42.77179
0 33.899166 395.54657 33.151726 29.7323
0 400.60968 452.400024 33.725891 32.069031
0 351.191284 233.37088 45.541016 40.332336
0 272.888 179.208969 23.132385 22.06192
0 81.7379 378.558044 95.349815 90.832031
0 232.544296 356.732483 47.743073 45.279114
0 374.36911 439.808685 30.023987 27.550659
0 522.838928 614.677063 22.841888 22.399414
0 556.367859 104.26297 28.638428 24.464645
0 614.803284 431.694122 50.393433 103.544556
0 232.666779 479.834564 24.02356 22.704529
0 474.179657 114.66684 23.557495 21.929001
0 525.612305 279.098999 38.61734 35.593994
0 412.629028 155.960266 24.167236 24.091583
0 556.59729 212.155457 29.292358 26.522278
0 386.376343 49.09758 54.398376 48.011654
0 474.007446 35.090775 35.470276 35.530754
0 539.69165 84.71965 24.376221 23.240982
0 169.387207 42.465126 203.727112 78.89241
0 13.938646 206.74234 27.877293 54.059143
0 438.06369 413.94043 31.567261 28.374878
0 55.721619 434.458038 34.844131 32.742859
0 321.046509 108.219498 19.036316 18.88356
0 484.734863 363.807312 23.929749 21.440613
0 494.996399 467.690582 40.329468 37.819946
0 489.374298 12.226713 31.741455 24.453426
0 377.603821 616.334473 83.327515 47.331055
0 50.331684 54.933426 19.83712 18.370525
0 313.298523 264.121399 33.090332 30.396927
0 556.189087 121.304016 17.992554 15.987244
0 466.831818 451.673309 23.750916 21.962524
0 503.75354 157.500748 19.766327 17.387848
0 328.822479 410.798279 86.069092 72.987854
0 144.6875 78.493721 25.348053 23.303482
0 66.872726 498.470459 26.43364 23.726807
0 245.106171 307.107117 30.05835 27.973816
0 189.907059 133.642929 19.658813 19.352234
0 174.113739 632.193237 21.088959 15.140503
0 361.884766 217.038773 28.451843 23.571777
0 156.259354 178.543091 33.324524 30.50885
0 331.464874 450.453827 20.728577 18.878174
0 465.52243 26.945755 30.402283 26.526649
0 251.166626 167.224533 107.373962 112.184998
0 69.173096 93.204132 138.346191 162.566315
0 212.790558 471.912537 21.572754 20.380127
0 492.598358 629.738831 52.591248 20.14978
0 272.469696 45.571716 26.664001 25.385078
0 261.805023 62.816628 32.964645 28.001904
0 20.681892 256.071289 22.78997 20.328476
0 455.029846 11.944351 17.543762 16.274433
0 161.957977 103.331207 50.034546 43.651871
0 421.111237 433.3013 21.710938 21.432251
0 513.993591 7.561214 18.588715 15.122429
0 261.441681 18.453613 97.612061 35.992004
0 473.383942 275.738983 32.647827 27.553345
0 31.89035 521.9953 63.780701 74.353271
0 11.797478 456.628204 23.017071 46.506348
0 523.748352 347.813568 56.137299 51.217407
0 452.668396 154.993286 31.856506 28.693878
0 396.557312 558.295715 47.793701 43.064697
0 108.085831 618.960327 18.424576 18.698853
0 50.607559 54.254601 35.764584 25.564713
0 524.174927 96.533058 21.232666 20.348862
0 114.372643 462.217865 20.808136 21.038147
0 454.501465 434.000061 22.857483 22.886414
0 503.956482 542.353516 43.731079 38.646851
0 620.828979 372.583893 34.666016 35.157104
0 210.246368 325.941589 22.048859 20.339966
0 373.702454 512.8974 57.440613 50.52771
