0 569.851257 113.36274 41.692871 37.290268
0 540.241943 449.581665 31.559326 28.683594
0 26.62182 553.911316 29.010807 26.755127
0 72.111214 550.56781 38.67421 34.860962
0 415.461456 507.716888 30.815002 25.571228
0 498.715637 451.308167 24.588806 22.949951
0 158.62175 372.627991 24.420349 23.417114
0 545.5495 182.447906 29.324829 27.678772
0 430.374359 275.871338 25.199341 23.944336
0 320.76593 464.124298 38.086792 35.691101
0 15.87962 54.866066 31.425121 39.314285
0 320.605286 146.210785 25.039062 21.756104
0 554.325378 211.049881 36.983643 32.173096
0 260.059235 102.826164 21.07489 19.227859
0 398.883667 102.50042 32.305603 28.40625
0 338.109558 237.281631 20.723633 20.408875
0 311.621857 296.664795 26.643188 25.370178
0 542.456604 374.726105 23.702759 22.368347
0 533.031738 352.574493 25.859741 23.428467
0 551.059814 60.575279 27.159546 25.11797
0 536.173889 116.085472 23.041992 21.977371
0 546.433289 51.328896 31.209717 29.617065
0 338.79184 218.526474 21.844299 18.664032
0 389.913788 554.063965 25.013977 22.456177
0 354.768494 489.884827 22.921753 19.200195
0 525.408813 64.302124 20.998779 18.776993
0 452.134796 468.141541 23.041809 21.543518
0 428.512238 402.781433 22.207825 22.049438
