0 602.004089 250.829208 55.888306 55.972321
0 426.751892 394.197601 180.60434 173.192444
0 141.917114 357.846497 101.576172 102.746521
0 71.004761 626.552185 30.639221 25.360352
0 25.03805 507.41925 48.283352 72.157928
0 366.924957 230.742889 51.928406 50.853592
0 453.787811 146.451889 34.340271 31.769928
0 89.976303 79.402878 38.289719 37.951969
0 504.882263 211.346786 43.348541 44.68042
0 379.843811 612.93103 82.746338 54.137939
0 269.8237 626.676514 64.747192 26.646973
0 603.146301 493.460754 72.135986 143.980804
0 630.55603 498.982086 18.888 23.150452
0 362.416138 571.442444 34.733643 35.418945
0 113.743416 273.965485 22.804413 22.047363
0 605.290649 334.165771 24.972656 22.232971
0 302.293274 547.12616 23.024109 22.184814
0 183.565979 620.97406 115.357178 38.050293
0 91.582527 612.792603 24.917358 23.048828
0 291.672882 442.348145 30.139832 29.057556
0 581.23468 295.085266 21.298584 19.241699
0 603.156494 595.478149 73.687012 88.941895
0 622.031616 291.889526 35.936829 39.099854
0 50.431107 634.308105 23.933426 11.260986
0 101.247856 598.598022 25.183289 21.784912
0 32.582207 337.768768 31.322456 27.765381
0 509.022186 188.182465 24.451233 21.091156
0 218.371948 491.534637 108.18605 106.654602
0 85.329514 360.831696 30.727432 30.855957
0 56.960777 347.937958 23.920486 22.821106
0 524.386292 634.697754 16.653809 10.268433
0 472.881226 78.496048 147.375275 119.964455
0 145.93277 588.57782 19.734772 18.372192
0 306.340149 502.417969 72.921875 66.113892
0 364.962067 582.300598 31.995728 25.494751
0 34.002792 81.917679 62.295853 70.502594
