0 493.397461 230.447449 67.782806 64.229843
0 374.623291 146.599701 33.882568 32.581055
0 25.219496 585.757385 49.706432 44.755615
0 60.771797 212.911697 30.225555 27.968262
0 511.036835 328.736633 40.021912 39.289612
0 216.468307 125.940613 27.976166 24.004852
0 496.913818 59.096378 34.255371 32.520851
0 50.56604 176.862823 21.045441 20.046692
0 467.326385 338.695068 30.23938 27.189819
0 566.204834 571.290222 32.875366 28.955566
0 438.190186 391.843536 29.698547 28.222534
0 310.832886 507.275452 51.437622 46.63916
0 233.424728 113.221176 21.217926 21.09906
0 342.796051 547.184143 46.015503 43.558594
0 336.409088 600.629761 28.888306 27.544434
0 556.488708 200.985413 33.543091 31.313965
0 351.284058 61.868263 24.297729 23.023438
0 33.206261 110.723511 21.635086 22.235153
0 398.284485 73.910309 22.435303 21.983658
0 10.701948 395.269836 21.403896 26.172363
0 115.071457 505.439697 20.957428 20.633911
0 376.753632 97.244095 44.327698 39.343567
0 151.667358 183.137283 27.606018 26.891296
0 198.104309 562.773987 18.349426 18.438354
0 545.242981 481.350372 23.513062 23.286011
0 552.804749 239.084015 41.312378 36.167496
0 526.204041 200.486313 28.728027 24.370514
0 304.987671 415.947083 18.89856 19.109192
0 443.333923 460.246582 22.513367 21.612732
0 325.894318 627.812622 29.154114 23.412598
0 60.048096 34.487949 19.384205 19.29718
0 222.519348 284.038116 25.817871 25.18103
0 411.631256 274.209106 26.87616 24.525146
0 137.938446 625.113586 50.121765 29.772827
0 471.077087 464.448486 24.368896 22.862488
0 267.868469 338.926697 19.524902 19.087585
0 226.445816 628.509949 29.601807 20.29834
0 150.412338 163.019058 19.044983 18.285583
0 348.951538 369.714569 19.019531 18.625488
0 333.680939 434.899506 25.022949 24.36499
0 125.688164 601.403809 19.265427 19.071899
0 515.085815 120.940247 21.037445 18.308403
0 98.655144 631.14093 19.639618 16.382568
0 328.980225 111.140617 38.665894 33.59996
0 436.393219 614.363403 17.463501 17.633423
0 437.2659 277.346497 24.632751 21.180969
0 477.581818 609.957642 16.709045 16.269287
0 5.09019 608.935181 10.18038 17.103638
0 357.196869 77.369637 19.26947 18.5569
0 33.437656 252.979889 16.31179 14.851883
0 528.440735 105.056946 19.0896 17.322479
0 287.319672 263.248657 21.413086 19.979309
0 536.398926 415.206787 122.439453 113.017151
0 578.630798 129.318604 21.828491 20.779213
0 180.744125 147.33992 18.504089 17.036224
0 542.726013 609.172729 15.150269 15.30835
0 461.04538 423.217743 22.079956 21.472595
0 21.411804 345.03949 17.706757 16.333313
0 269.810669 210.794113 16.847351 16.326813
0 439.305542 423.354645 25.607605 22.160034
0 598.315247 396.036713 36.613037 34.911194
0 219.210953 581.900879 17.441071 16.269165
0 272.187958 515.212952 31.979309 30.606567
0 471.22937 48.493225 20.575623 18.015884
0 151.333755 172.726379 24.485382 31.221008
0 148.707077 214.354248 22.920258 21.316559
