0 301.407318 203.956543 28.94342 25.636719
0 374.606812 629.162476 34.669373 21.619385
0 591.292847 511.755493 36.760498 33.698486
0 183.707596 344.323364 37.695404 32.421326
0 593.277161 15.133968 35.70166 30.228943
0 367.380798 402.025146 23.130127 20.676392
0 108.359177 401.692047 76.471657 68.50531
0 455.723877 8.518023 24.12854 16.666199
0 489.865906 436.434784 25.696106 20.157654
0 163.37883 457.601105 19.907623 18.098694
0 167.916458 10.94405 19.276947 17.316757
0 20.873627 233.950439 41.747253 49.144913
0 75.874352 222.2659 19.854568 19.923035
0 333.860229 556.10614 24.208496 18.981812
0 40.798599 118.321289 48.063828 41.76519
0 241.585175 131.136078 81.723999 69.741211
0 34.627903 149.4189 57.390793 47.122284
0 246.475098 392.716705 26.143234 22.473389
0 38.37949 214.238754 37.689575 37.895294
