0 54.345016 268.479004 32.027481 30.624268
0 198.283813 146.523483 31.556061 29.265259
0 539.064392 595.168945 30.230347 28.093628
0 72.308823 19.154789 27.278622 25.486076
0 229.561035 156.76622 34.415955 29.120056
0 345.735474 362.577698 21.756653 20.632629
0 122.760559 74.585663 22.300842 19.910294
0 347.199493 477.640625 27.887512 25.975769
0 10.538008 110.550873 20.867741 33.618744
0 227.575806 127.973953 25.554321 23.43335
0 511.833527 10.229494 21.021179 18.856361
0 87.623077 296.015259 24.621902 22.574829
0 256.993347 176.325394 22.278687 21.039246
0 516.854553 513.76001 24.0 21.02359
0 81.613754 53.119644 19.677551 17.579826
0 391.533356 420.254883 22.970276 22.206604
0 85.751358 98.000237 24.35701 22.045868
0 271.819153 46.259674 20.790833 20.1633
0 395.490509 464.407013 23.541931 22.77655
0 5.833736 62.68652 11.667472 21.472862
0 413.462311 298.399658 19.088196 17.432983
0 422.444855 328.305817 22.931702 20.658508
0 369.5065 532.312134 20.422363 19.762207
0 184.831268 5.311376 25.599945 10.622751
0 156.933411 542.312195 20.04068 18.082886
0 564.939026 173.056671 20.784302 20.644714
0 116.872154 264.295685 20.449112 18.815613
0 354.828827 436.872528 21.616394 19.292236
0 403.419617 369.790039 20.737793 19.656311
0 475.037781 28.605732 19.639404 18.073557
0 135.637955 119.411354 20.250763 18.601944
0 195.302917 37.972538 18.570618 17.29751
0 373.516327 229.654373 27.477539 25.445953
0 501.597473 140.751953 19.803772 17.676056
0 462.580902 539.338745 20.58197 20.415283
0 39.767868 564.564575 19.708618 18.340332
0 73.554573 544.727295 44.413177 39.713379
0 201.102295 125.889923 30.940979 25.129845
0 141.188889 410.387115 29.688751 30.42804
0 440.600281 554.722168 197.429565 162.88797
0 559.945618 405.104462 160.108765 201.500366
0 590.252808 10.858288 74.929932 21.403282
0 347.61499 496.807404 18.11969 16.120178
