0 235.019882 244.031158 154.321747 135.621399
0 491.843933 282.817261 193.673187 160.102051
0 463.363251 452.570831 114.287781 99.652588
0 248.268066 148.083237 104.690186 89.799683
0 319.106323 349.666626 66.155029 61.722534
0 596.176697 25.925438 83.378418 51.850876
0 249.021301 379.747009 29.310181 27.466614
0 33.153931 586.581116 36.742813 30.988403
0 214.328674 73.341942 180.776917 146.683884
0 472.31488 86.678825 83.569946 74.624023
0 34.532917 85.869553 69.065834 114.472717
0 600.129822 129.996796 35.45874 33.652313
0 579.690186 416.999756 36.581665 30.450989
0 528.334106 170.970718 46.681396 40.992249
0 104.069237 29.123402 80.663559 55.865471
0 576.448792 203.580688 92.310547 89.109375
0 516.250732 206.875443 33.615875 27.545197
0 312.351044 157.70845 24.914795 22.519592
0 119.478943 541.171326 21.983727 21.411865
0 406.218414 553.030212 24.709351 21.450684
0 82.743866 205.111511 165.487732 199.909729
0 332.128845 496.615875 34.780029 29.838196
0 88.833725 609.444458 19.63736 18.567871
0 391.148987 494.344849 56.715515 53.838593
0 12.674128 196.421021 25.348255 32.09079
0 618.384033 56.45636 22.767944 20.080364
0 598.32843 532.63208 21.613647 21.080933
0 112.41272 137.682495 79.489571 73.950569
0 578.265381 98.268845 20.609741 18.428619
0 586.48938 558.099243 41.362427 36.331787
0 436.499176 621.855835 66.514465 36.28833
0 170.5896 369.325317 27.189026 25.950134
0 518.143799 613.943665 94.020905 50.261841
0 290.720215 506.141052 41.251831 37.147614
0 298.304657 198.936218 20.417664 20.097961
0 20.706427 560.969238 21.537346 20.642456
0 72.659607 590.736755 145.319214 98.526489
0 344.177612 283.438049 92.07135 84.145523
0 532.037903 410.257202 44.949188 36.725586
0 469.84079 170.054077 20.096741 18.357086
0 398.386993 634.305054 23.861938 11.389832
0 427.750122 177.670212 20.112366 17.878326
0 181.451065 158.886719 40.931183 40.913788
0 557.79303 600.700134 164.41394 78.599731
0 271.880585 620.77301 59.268051 38.453979
0 533.096191 31.107393 20.700439 19.587368
0 493.287323 126.906937 28.308411 25.456657
0 607.59375 266.962128 63.592529 57.452332
0 339.880951 6.830406 21.961914 13.160713
