0 86.450241 470.785217 91.140076 83.051056
0 114.579391 413.39566 36.210938 37.156189
0 528.573669 83.762878 65.049561 58.46933
0 551.7323 445.870453 63.715332 50.166504
0 165.943466 118.793976 31.145844 26.164848
0 135.902222 248.805969 42.549713 38.241394
0 295.861603 91.416145 52.835693 44.63385
0 375.900543 52.678291 28.465881 26.173702
0 483.596161 58.650257 37.134155 33.492424
0 391.951263 112.87059 21.795532 20.260513
0 578.428223 350.367035 24.722534 21.918091
0 547.640381 475.348175 28.269897 24.741028
0 304.26828 10.888796 23.629517 18.908756
0 390.876648 551.693604 28.044128 24.843872
0 588.195984 601.576416 23.737671 20.676147
0 182.573807 57.057358 25.418976 23.072021
0 247.415649 146.286606 23.092178 21.543884
0 143.914017 541.52887 26.709717 25.32373
0 280.460449 265.50592 22.626099 19.673264
0 441.776001 84.832886 25.483459 22.525192
0 467.501038 195.656433 34.15332 29.583313
0 43.636913 78.65078 50.04702 44.750904
0 40.504295 121.679214 27.412901 24.202873
0 568.659241 166.046448 22.275879 21.315857
0 517.616577 517.221008 24.069092 19.783081
0 367.157227 122.315506 25.867371 22.762138
0 204.345032 586.364136 17.883453 16.471558
0 384.962677 501.353119 20.979736 19.717163
0 285.048645 336.015747 114.468384 100.069458
0 573.315491 519.268921 23.669067 20.508514
0 611.119019 616.178162 57.761963 43.91272
0 386.23111 258.68576 88.661438 83.889297
0 635.476562 30.146477 8.47229 18.653847
0 260.984436 422.088684 38.859421 35.824097
0 456.497162 190.663589 20.91272 18.511597
0 469.478577 530.98175 49.449158 45.086151
0 258.721924 98.396248 20.460754 19.718048
0 290.212097 6.1226 21.229431 12.245199
0 546.788757 627.079468 49.84314 25.712891
