0 276.960999 627.121094 32.629944 25.757874
0 251.127167 193.170517 33.525574 29.718262
0 428.339417 280.057922 53.788574 49.257019
0 601.459473 380.12912 52.986328 49.648315
0 51.257774 582.727295 102.063858 114.54541
0 294.318298 322.791077 27.960632 25.381958
0 230.827454 355.675598 33.215454 29.646484
0 460.559937 256.896332 47.892822 46.566833
0 19.015261 59.162945 24.614887 23.623421
0 629.674744 196.018021 20.650513 25.49292
0 259.073975 373.357117 31.316727 25.598572
0 148.488281 617.074036 104.451424 45.203735
0 253.68512 337.225006 52.174667 46.790527
0 192.254349 364.439331 49.017426 38.559326
0 457.645386 183.87793 45.641479 42.136505
0 224.65892 422.243805 57.813995 52.035828
0 28.893974 449.421722 20.896957 19.596741
0 242.10173 237.177643 21.049286 19.448364
0 40.349258 332.227722 56.697784 48.592102
0 613.664917 506.793823 52.670166 60.662079
0 277.96228 234.062424 22.141357 19.201874
0 270.026184 496.46524 17.432495 16.621277
0 476.037994 142.289215 52.489746 46.613678
0 149.716965 577.799805 26.933136 26.513062
0 221.050995 113.516731 100.005249 82.710556
0 54.73888 373.833313 63.790123 57.199097
0 28.84199 251.796936 20.828197 19.124405
0 214.869476 52.402618 108.91011 93.587952
0 182.299591 408.209076 24.779816 22.718628
0 475.790985 75.38208 72.026306 64.542236
0 169.290009 385.268494 24.344391 23.052612
0 596.67749 15.99198 41.760254 31.983959
0 396.978973 18.897215 46.438354 37.79443
0 296.061615 47.861622 57.50885 48.904488
0 188.232132 13.966949 41.142395 26.781651
0 536.931946 507.886169 40.666504 38.751373
0 477.90686 322.430328 52.840576 46.213623
0 409.208496 242.836945 53.893616 46.650208
0 371.720703 530.845398 125.917603 120.871704
0 559.246643 290.886169 32.268433 34.99292
0 315.620331 618.941101 76.473633 42.117798
