0 220.251312 468.925415 269.161438 205.235565
0 440.938995 467.629028 45.474792 39.98053
0 110.202698 531.537415 55.778503 47.302826
0 512.2052 194.093338 43.846558 37.070038
0 71.80349 166.023666 35.287415 29.725922
0 21.623066 139.017349 37.555122 35.214195
0 478.698669 361.990204 28.063477 24.419006
0 14.961971 390.833618 29.923943 35.526123
0 407.082001 528.625305 47.068665 39.722778
0 83.911232 255.120514 39.558121 30.706741
0 520.170349 332.503815 47.929779 40.757996
0 419.391235 294.04071 31.5271 27.942566
0 150.020401 331.067139 58.034828 51.966125
0 523.156921 358.946075 31.406769 25.541748
0 400.534851 506.896057 28.29071 24.54895
0 347.814941 593.201355 33.497498 25.452759
0 352.67807 617.119141 25.711365 23.821045
0 536.251099 74.855751 107.127777 97.097595
0 582.57605 260.057587 114.847839 140.183716
0 133.7323 21.626591 77.403145 43.253181
0 242.966309 116.023697 25.13031 21.537979
0 378.48172 437.406586 41.982544 35.418335
0 482.109863 325.967041 24.412292 21.805054
0 57.839851 68.081406 115.679703 128.888702
0 513.279846 218.255814 24.115234 21.35141
0 581.624023 256.412933 30.533569 24.051697
0 7.466197 350.658539 14.932394 44.00592
0 538.368896 402.730896 23.315918 20.071655
0 122.743317 33.606785 32.873932 28.642906
0 47.278648 474.214478 94.557297 140.422882
0 59.690224 238.421753 113.894485 112.039795
0 456.7966 588.685913 54.921082 47.530396
0 625.590332 395.142761 28.819336 99.725159
0 159.281143 71.00695 22.941193 18.829067
0 91.760094 372.997498 96.264633 83.441772
0 417.367798 631.015442 45.032227 16.390381
