0 156.474258 174.882141 104.702423 96.868469
0 347.221436 112.843536 101.983887 84.195076
0 521.459473 184.302628 80.154938 78.327576
0 539.614685 269.886475 86.078125 78.093811
0 331.224731 179.349915 104.717468 87.843689
0 328.746307 55.307632 39.376282 36.999771
0 123.834717 582.360168 40.469582 36.160034
0 48.901917 563.992859 97.532166 108.813721
0 358.127655 290.5979 39.844788 33.484131
0 335.42984 522.790405 95.205688 82.921631
0 243.655365 554.550354 61.413895 52.841675
0 425.877655 594.857422 137.969116 90.285156
0 393.897827 524.257568 100.861633 90.234131
0 441.622162 483.079468 32.237549 29.561584
0 205.230881 215.094833 28.315369 26.492371
0 322.09967 611.403931 74.91803 57.192139
0 115.676682 544.319336 33.693077 28.4104
0 193.614105 237.810608 28.865723 23.850037
0 186.023361 450.40094 25.180298 23.382507
0 62.049767 128.37381 124.099533 240.322021
0 480.700989 505.559814 126.553223 124.088226
0 154.064377 613.598083 42.478363 38.736816
0 607.06311 616.58136 65.275757 46.83728
0 135.011261 524.870789 44.312164 37.326263
0 291.381287 633.454407 27.012329 13.091187
0 378.413757 323.178436 33.889038 31.142883
0 602.754639 221.959778 74.490784 135.424072
0 77.960136 449.566498 32.741272 30.142578
0 286.15918 344.583954 42.711548 38.048706
0 281.123627 101.799011 35.897766 31.860291
0 432.569 316.863739 50.450134 42.125
0 49.651505 522.738647 35.678101 31.907715
0 447.062164 483.492584 53.296021 46.149597
0 253.717926 212.818268 39.590164 30.637115
0 233.189072 605.407654 131.436127 67.515991
0 533.960266 382.223419 173.774261 139.447632
0 116.885925 536.098022 49.204399 48.232574
0 295.508972 61.945385 21.130798 20.868187
0 446.700836 338.965271 77.381592 64.304871
0 115.662346 522.436218 71.138626 56.074585
0 226.640854 585.302612 43.566559 38.381836
0 529.668335 627.400635 68.586792 24.591309
0 464.15863 139.730576 78.059204 68.736725
0 494.793945 524.493652 87.893311 76.302948
