0 616.286072 359.788788 47.427856 52.848633
0 20.467869 225.566238 40.935738 39.353882
0 434.504303 562.15387 38.574036 41.118652
0 47.907898 140.387436 95.815796 133.223541
0 149.616943 99.583199 21.471741 20.913651
0 254.846191 618.164795 23.594681 22.338135
0 518.035767 472.034058 106.444122 104.115601
0 579.7547 563.129456 37.383179 35.426758
0 23.755421 614.118225 19.178823 18.961426
0 578.210815 351.356384 24.560913 21.197083
0 602.058533 446.840332 75.882935 137.748413
0 153.094604 208.360428 123.298225 95.629242
0 581.750793 532.803955 34.159058 33.46875
0 392.875977 61.573566 18.856873 18.123161
0 98.294754 251.945923 20.627472 16.949036
0 574.229797 607.154053 131.540375 64.602051
0 508.511169 242.230042 84.147125 86.736832
0 164.016418 371.512939 56.38678 49.323792
0 306.560486 306.78595 18.443848 17.581848
0 163.034882 82.995712 20.160614 17.809937
0 629.33197 583.454773 18.397461 19.826416
0 594.711365 532.584656 59.06189 46.793671
0 362.128387 562.686584 19.808228 16.512329
