0 334.726715 344.333191 57.953064 56.150208
0 578.2323 522.210449 30.025269 28.463013
0 565.486694 145.765472 31.577515 28.997253
0 378.597931 280.825287 27.062439 25.853088
0 244.159897 338.804504 27.586395 25.539124
0 258.117523 59.18404 244.618103 116.195107
0 454.629456 596.576172 20.524414 19.828369
0 27.147459 133.561768 20.275188 20.582954
0 533.653076 474.885925 19.807007 18.520264
0 524.743591 320.89743 26.153198 23.881165
0 533.445374 601.039185 52.869507 47.718506
0 361.659515 511.547058 45.588806 42.925629
0 485.312286 456.249146 23.290344 20.822449
0 400.57254 633.287659 18.628601 12.410278
0 137.129684 141.905716 20.18457 18.164001
0 167.011017 550.915771 21.704468 20.587524
0 283.431458 545.904663 18.630066 17.854614
0 455.947449 39.43541 187.483673 73.092804
0 203.821228 475.367249 75.020538 66.218018
0 61.439789 455.171753 39.910492 37.158142
0 224.958252 377.258179 52.416534 49.015991
0 491.059113 612.82135 26.040833 22.414673
0 614.282593 226.881226 51.434753 60.042618
0 44.305588 510.274536 61.727615 59.520294
0 347.029572 255.531235 82.977844 64.008453
0 340.594971 459.517395 45.976501 44.691162
0 284.915253 462.350677 75.162186 65.955688
0 304.166748 634.445129 28.643433 11.109741
