0 342.030823 523.19928 79.678406 74.49292
0 315.351776 458.348022 87.31781 75.074158
0 512.197266 379.195953 50.182953 47.694641
0 337.873291 293.166748 41.214783 38.232239
0 366.450012 133.286438 311.503815 266.572876
0 435.170776 419.749847 34.966919 34.762268
0 186.846039 187.215195 32.869019 30.74118
0 539.919861 544.504456 158.574921 156.485596
0 443.322418 530.992676 25.547363 23.919556
0 35.947029 411.988159 34.328873 31.768494
0 448.620605 508.522583 36.884521 33.661102
0 459.050934 472.79715 27.84668 26.280457
0 106.019501 459.456207 34.231201 30.583923
0 365.927887 279.005005 34.613892 35.93042
0 31.714119 365.847778 24.94293 24.142944
0 73.093025 590.545898 23.572296 22.595581
0 400.393219 632.257874 22.741333 15.320068
0 588.779175 328.403137 19.582153 18.494934
0 128.498428 435.563477 35.304382 29.980042
0 525.221497 404.115875 36.334229 31.356018
0 235.749802 265.6474 27.842957 25.369324
0 15.450932 343.966278 30.901863 28.828369
0 352.790131 617.084595 68.516418 45.83075
0 521.314514 466.151154 24.423218 23.913574
0 72.696136 425.313538 25.013336 25.041382
0 225.202316 214.042572 20.462494 19.233459
0 122.361565 477.829529 20.770096 20.478394
0 470.403198 371.396973 21.225708 20.258301
0 335.520966 139.682602 29.983337 28.761604
0 630.509094 26.848942 18.94519 26.397232
0 142.548203 505.484833 20.259766 18.958557
0 560.725159 628.079346 59.893799 23.841309
0 71.751572 31.43187 115.939789 62.863739
0 550.037292 103.760109 36.509644 32.19986
0 4.701808 514.924072 9.403617 22.842407
0 145.472229 362.074219 28.476471 26.56012
0 526.293152 330.25354 18.682983 17.604675
0 218.078293 580.893372 138.082855 118.213257
0 60.069473 382.190857 25.587341 24.124756
0 609.95105 631.291992 18.613159 15.124146
0 369.471222 581.047424 132.548035 100.532227
0 371.308746 396.708832 17.34491 17.44574
0 189.482742 147.859619 62.767822 59.509743
0 481.588409 618.744324 26.985596 22.259644
0 588.047363 463.570068 21.01709 19.387329
0 519.818481 391.322388 45.436401 44.720215
0 87.192192 440.126526 27.965851 25.610291
0 431.110504 143.139069 20.252014 20.66571
0 240.842087 478.110229 33.473724 30.614136
0 283.405365 507.434357 58.522903 57.929382
0 9.48439 336.655518 18.968781 23.232849
0 102.750786 148.771851 175.655807 231.780334
0 354.64566 285.869446 53.621948 40.606018
0 135.981705 149.664597 54.367401 52.180481
0 137.10556 449.755585 49.614502 42.880066
0 162.18512 398.219086 18.5 16.663086
