0 166.383499 214.860168 45.187744 40.558105
0 517.832642 580.882935 66.94458 55.581421
0 244.315842 380.448059 42.350067 36.582642
0 346.074493 165.083588 70.984863 57.365662
0 614.143677 405.813782 51.712646 61.461609
0 608.870605 551.081055 28.499634 26.949341
0 508.822754 621.392334 56.444183 35.064819
0 504.96991 12.133003 40.551849 24.266006
0 452.324738 51.839497 95.72345 65.195488
0 579.83136 630.761292 32.849854 16.972168
0 412.152618 461.56311 69.810608 69.957458
0 566.696472 14.038414 79.968994 27.384651
0 586.514465 93.998199 44.615601 42.603821
0 601.997498 350.831696 74.742676 76.924377
0 472.018738 9.587122 24.722778 17.573139
0 123.437279 143.505463 20.795578 17.733093
0 553.095825 619.523193 22.077515 19.288086
0 511.473816 97.673103 30.779449 27.705429
0 193.181671 528.206604 91.043213 85.60791
