0 572.175293 77.374191 85.120972 72.153397
0 314.117493 516.924072 115.761169 94.339111
0 100.503601 217.612305 31.667953 29.742035
0 59.906055 92.126389 34.323463 29.688095
0 238.245789 334.736359 93.534958 88.120422
0 464.333862 484.988342 33.580444 29.059753
0 369.843292 456.692993 85.253967 77.591431
0 144.351395 412.708496 160.988678 116.596802
0 605.494385 207.011551 56.698975 52.816223
0 421.327637 251.861816 83.78479 68.004456
0 258.084656 421.351562 25.870728 22.110229
0 276.547272 103.139259 45.544815 42.062271
0 213.211594 32.435677 234.181671 61.652878
0 274.635284 190.580994 49.796646 40.934448
0 131.564957 224.19165 26.393951 24.315704
0 274.283356 405.391388 23.016113 20.738037
0 369.713623 112.320984 25.149292 22.621918
0 93.899704 186.729034 24.8517 23.555298
0 86.363625 52.119293 25.871536 22.465752
0 473.610626 107.620399 24.206055 19.748489
0 262.854706 254.514557 22.835678 21.018799
0 539.451904 467.830719 24.303467 21.111694
0 244.306641 170.876724 25.228439 23.242828
0 362.389069 22.334076 63.080383 44.668152
0 633.685425 130.25798 12.62915 26.228638
0 344.095917 90.715195 22.749268 20.117096
0 15.252854 292.392822 30.505709 68.457092
0 10.886562 193.985413 21.773125 35.241058
0 339.475922 151.176666 23.942261 21.240936
0 80.124199 163.541748 22.117569 20.997131
0 135.619095 129.354187 22.903046 23.675697
0 50.73558 56.020477 18.457581 17.911343
0 26.224854 5.637535 33.404251 11.205238
0 331.26651 59.085182 33.196106 26.95433
0 167.832153 143.671494 24.968964 22.192169
0 480.940643 211.661987 21.632324 20.178314
0 518.651001 237.581848 22.052582 21.085754
0 219.879211 195.602509 28.772308 24.202637
0 548.998108 339.562073 22.903198 22.928406
0 531.515747 300.355225 49.821625 45.22229
0 123.06868 43.743732 30.189636 29.243019
0 76.824074 282.709991 57.582962 48.53186
0 566.712402 470.668213 25.549561 23.362122
0 133.926147 136.056305 19.329773 18.201851
0 150.127731 93.066162 18.921112 16.361557
0 485.761414 245.193573 43.860657 40.292801
0 499.250092 308.960876 31.237 29.395203
0 103.380386 269.02298 32.43779 34.811157
0 567.478149 519.357361 78.292236 70.612427
0 282.462067 178.337006 30.500916 25.684204
0 175.554626 393.612274 98.937134 96.665039
0 615.201965 625.002869 21.41272 18.229736
