0 263.64679 272.966309 65.326523 53.768784
0 265.999084 107.380104 46.11322 38.242416
0 170.624588 527.938477 39.035187 32.329468
0 246.294922 195.958008 33.773941 30.166382
0 398.481781 104.03093 119.867004 99.325661
0 95.429695 98.321274 34.386261 29.544449
0 369.616028 223.893387 38.868286 36.364197
0 497.094025 326.005829 189.602478 168.156494
0 576.306274 378.198822 45.77124 37.971375
0 176.522003 62.110394 176.20195 124.220787
0 149.184464 629.454041 32.539764 20.597534
0 395.01825 429.969604 25.625549 23.345764
0 316.790802 167.040588 28.037842 24.605835
0 390.466095 306.033539 31.580505 29.477356
0 258.812805 364.811981 34.201172 34.049377
0 311.464325 92.394234 28.333313 25.559631
0 306.524139 196.976624 23.030823 20.338104
0 348.380524 353.402161 21.897461 19.930786
0 631.617371 243.642609 16.765259 46.24884
0 395.633209 369.360748 22.985352 21.971985
0 538.960754 397.402466 20.702759 19.537781
0 400.802673 501.868042 22.849731 21.58139
0 12.229655 209.422836 24.459311 92.124786
0 144.168839 230.716629 24.562195 22.975983
0 425.998749 400.091431 19.691589 17.962402
0 88.926773 597.509644 26.05188 23.336792
0 527.146362 568.913025 32.764069 28.752441
0 607.585083 172.614731 64.829773 80.356354
0 263.53595 16.893322 120.389404 33.786644
0 380.381195 329.611237 27.630676 25.693542
0 98.167389 335.512421 18.850388 17.785522
0 287.029358 478.391876 19.153748 18.440796
0 34.224998 438.828796 53.287674 48.679443
0 335.537323 219.08577 25.678894 23.762238
0 385.144348 149.470169 27.151672 25.089813
0 584.03363 275.291626 101.373901 92.458267
