0 240.621933 572.569824 24.091705 23.683472
0 282.689545 50.317955 40.088684 36.527832
0 250.203735 173.762833 22.970657 21.918793
0 612.205627 373.074432 55.588745 64.302917
0 47.029324 196.848663 19.500206 18.966309
0 158.626389 134.863724 21.450806 20.206573
0 615.651123 153.34549 48.697693 52.93338
0 142.633148 113.148163 17.997833 17.703918
0 168.913742 288.850555 51.260071 48.927246
0 620.12616 30.272011 38.456421 56.646927
0 127.567459 51.688732 35.099449 31.567772
0 405.186554 580.065002 62.357849 58.802856
0 419.257263 486.26355 73.937744 69.761353
0 635.532349 564.655945 8.935242 30.277588
0 137.223373 195.011429 47.786598 48.605499
0 52.330959 490.876495 58.002312 55.785706
0 469.045227 47.875725 137.969086 95.75145
0 617.42865 9.755428 43.898926 19.468292
0 622.597656 204.334412 34.804749 43.222931
