0 550.935425 182.784592 96.419525 92.312378
0 45.580139 19.031279 48.830215 38.062557
0 263.445465 595.240967 99.025085 85.037109
0 101.52681 425.99881 26.934464 23.967041
0 214.508392 142.919083 108.980957 98.611366
0 152.986038 445.338043 49.190857 42.504456
0 617.338379 495.094299 28.335938 25.135254
0 369.542908 320.178192 223.895447 210.660324
0 434.01474 75.821877 33.640686 30.228024
0 38.473579 278.1633 28.844177 24.222961
0 339.126709 27.620586 202.770935 52.454201
0 263.202118 417.99173 89.778503 78.6828
0 331.394562 463.532715 24.643188 24.453979
0 498.271088 99.835289 28.007263 25.85936
0 600.24231 361.339142 79.51532 210.765869
0 4.804486 279.789124 9.608973 30.266235
0 197.252914 193.064011 40.915833 38.037476
0 18.030209 358.137146 34.334892 134.890198
0 70.148911 203.475403 35.527096 31.698914
0 4.297451 493.921875 8.594901 21.456299
0 254.431244 89.313583 55.197037 50.019089
0 571.751526 72.73732 126.269775 145.47464
0 171.599091 474.903656 40.421539 36.840637
0 292.936249 63.274712 25.840027 24.695679
0 567.984863 608.71991 44.378174 39.328491
0 438.934875 547.512085 226.962158 180.035553
0 581.855347 561.91748 116.289246 156.164978
0 60.792427 304.6409 22.452518 21.514282
0 467.096802 308.763458 18.78186 17.723389
0 134.145416 5.772114 24.713043 11.544229
0 193.236801 84.210258 20.645172 19.958694
