0 38.015644 290.782684 76.031288 83.292969
0 358.122864 534.301941 27.808838 25.57605
0 410.136475 611.809937 26.432678 25.571777
0 79.57251 483.328308 40.632786 38.671631
0 395.665253 87.328552 27.099792 25.602051
0 48.607338 88.589806 28.208534 25.749115
0 183.352325 223.868408 20.720123 20.070374
0 316.135925 420.290405 65.281738 56.981812
0 55.45929 65.742744 19.328644 18.581192
0 433.082062 33.42247 21.840393 19.614456
0 66.711914 196.664688 21.187412 19.589813
0 381.857025 66.544479 21.271667 20.295929
0 179.235077 122.962143 20.341431 17.089539
0 388.353546 511.906097 22.16156 20.274841
0 414.325439 335.993164 16.936401 16.568115
0 203.402985 617.641541 19.554749 16.957642
0 78.908173 166.105438 19.70224 18.774933
0 346.590942 464.297668 54.963684 47.22998
0 138.336426 69.895157 17.790955 17.200607
0 518.209167 425.442047 109.360474 96.624756
0 458.288635 618.678284 21.167175 19.358276
0 436.476532 12.509878 18.960876 15.945355
0 385.993805 73.617661 24.811096 29.550507
0 234.387924 342.071167 17.493164 18.388428
0 554.180847 185.171478 20.307373 20.264526
0 388.599548 312.709015 18.006531 16.685303
0 559.489563 534.734131 161.020905 210.531738
0 282.042664 611.75061 32.629822 31.470093
0 401.146454 327.314667 158.324768 143.897141
0 184.693649 335.223846 21.698517 21.254089
0 219.388748 610.572632 26.871796 25.897705
