0 53.338219 458.111633 73.203171 65.256592
0 310.265961 388.877014 44.419312 35.924805
0 573.817993 112.37117 121.207764 102.014893
0 150.706451 418.120911 48.360596 41.685669
0 473.975922 67.230087 124.365051 114.024933
0 247.423004 607.110901 26.155838 20.687744
0 122.541092 434.289001 46.276367 40.24646
0 343.800629 33.896259 68.52533 62.094063
0 361.332397 316.845337 26.239502 20.159912
0 216.750763 615.661621 21.791931 22.001099
0 393.945801 314.730377 25.015564 21.107361
0 579.678711 162.722748 37.356689 34.029449
0 5.706001 56.675446 10.578243 28.739746
0 580.40094 569.182129 25.71521 18.910522
0 91.669205 445.637573 28.831589 30.145264
0 515.358215 18.619534 29.175873 27.881998
0 94.509659 413.700073 32.219467 29.858582
0 196.784424 31.254421 32.439972 24.658997
0 233.669464 227.723938 24.366333 19.745697
0 7.760565 5.698232 15.52113 11.396463
