0 486.933502 451.624176 30.059082 26.045471
0 601.223145 376.653015 77.553772 88.408875
0 504.775208 402.530396 39.823608 34.400696
0 146.853012 276.524506 120.814171 100.550537
0 557.137329 408.353516 46.19165 37.84137
0 59.434166 520.018066 59.289906 52.327148
0 602.492126 273.785278 75.015747 114.333237
0 243.910492 509.657104 37.458511 31.929932
0 299.376923 39.16806 25.620056 23.678993
0 544.011414 297.321198 33.267334 28.782227
0 266.156158 114.474457 57.239014 50.855217
0 248.982605 601.249573 26.26947 22.827759
0 165.363739 485.087738 48.0354 41.695312
0 533.821411 108.080856 114.078278 94.661591
0 525.05603 347.842041 24.600708 21.062561
0 583.737244 194.93631 22.246216 19.331909
0 495.405823 158.175842 28.997803 24.456848
0 298.544128 613.887573 46.221863 40.115356
0 334.324738 136.696198 64.507202 59.21122
0 277.641449 155.87149 60.155075 45.690948
0 112.781029 7.269225 19.518997 12.717995
0 122.693939 518.181396 25.089294 21.817047
0 332.602844 611.924072 24.084167 24.4823
0 428.044525 53.837074 22.264709 21.834671
0 216.274506 315.725983 24.366028 22.925476
0 409.277527 265.240021 26.689209 20.932495
0 567.191589 87.71344 56.220581 45.391006
0 505.230499 196.301193 20.575867 17.899323
0 22.848644 279.732117 45.040901 52.069931
0 375.314728 557.808777 28.793945 26.931274
0 556.901855 12.880747 50.825195 24.465202
0 66.967018 305.180817 22.877644 17.936768
0 164.359528 143.571075 84.235481 71.861877
