0 440.679382 477.199097 55.010254 52.098938
0 161.813736 40.275944 42.573761 39.771126
0 531.119263 84.932655 26.064575 24.566483
0 546.119141 374.035431 24.531738 23.09491
0 429.840424 296.420471 22.115906 21.378418
0 348.28717 135.862686 54.980408 52.15625
0 171.300079 244.51712 21.431885 22.153412
0 120.882805 54.868721 21.300552 19.827789
0 220.568481 336.300629 29.096466 26.126709
0 32.240288 457.238373 20.609251 18.756348
0 539.359314 277.639709 23.569702 22.637146
0 98.189651 237.754181 18.907516 17.307831
0 474.07605 313.205261 19.654907 18.380798
0 301.8909 371.428833 39.446228 38.297974
0 583.027405 423.644012 20.991333 19.380554
0 337.965271 499.284058 18.04126 15.962402
0 582.901672 165.434357 107.284424 114.835419
