0 341.815826 554.221069 208.884033 171.557861
0 88.88179 561.199646 142.738373 123.551971
0 531.86731 309.260162 35.472534 33.754639
0 540.86615 88.568832 27.323242 23.691254
0 352.894775 338.403107 32.609009 29.828247
0 531.425415 413.278351 25.078491 22.007385
0 556.805481 350.246002 84.763916 70.829468
0 439.961334 318.290375 120.649353 115.876282
0 172.623779 455.217194 24.889771 22.940369
0 231.678741 229.14534 44.915649 39.146027
0 252.999084 151.883575 93.743103 79.603752
0 550.307007 21.423176 53.401611 39.169472
0 154.207031 143.187195 68.874207 64.101471
0 283.465576 285.948425 101.525391 84.802856
0 331.867889 241.410675 48.802795 44.685715
0 53.215721 252.5345 101.701981 111.33371
0 210.343185 517.132568 67.226227 63.456757
0 21.498611 130.920517 42.997223 47.887032
0 217.924072 341.650757 103.049927 93.978455
0 324.150513 385.831726 143.85907 111.414795
0 95.930298 379.835968 93.880768 90.836792
0 447.415405 134.192963 20.042786 18.485542
0 185.384186 242.870438 22.378082 21.132782
0 39.011528 323.769318 74.394058 95.978333
0 187.207245 309.29126 35.13797 32.33783
0 528.131531 520.688477 40.97168 37.163788
0 494.851929 498.618958 36.799408 32.998322
0 529.609375 562.776611 220.78125 154.446747
0 51.715851 167.590118 44.471878 39.328918
0 93.666885 341.145111 46.085892 41.380554
0 358.618347 182.596436 89.948669 86.013977
0 293.875 338.974792 44.628601 33.793274
0 289.473785 205.23111 78.437515 75.516815
0 89.620018 122.536385 75.164597 64.637741
0 57.432102 139.888428 23.527473 20.457672
0 396.845154 88.957001 265.995972 177.914001
0 174.484375 429.225616 80.119934 65.142334
0 35.887535 16.043209 35.798828 30.605175
0 219.716614 595.852722 67.244934 62.106201
