0 288.191315 276.99942 24.159119 23.451477
0 308.257782 426.059906 26.450806 24.271912
0 261.579926 7.883297 35.662277 15.766594
0 116.236008 73.284149 24.176758 21.014984
0 80.806648 434.596497 20.523758 17.926331
0 339.886444 401.809265 20.959351 18.995544
0 260.873749 369.174408 21.286545 19.661011
0 367.549164 498.071167 18.452209 17.593262
0 222.181091 181.376633 17.836884 19.386017
0 190.270386 65.420784 24.730103 22.774475
0 316.345215 120.477234 77.575073 79.94146
0 39.576244 107.912918 20.96109 17.971802
0 17.315792 11.861732 34.631584 23.568512
