0 303.449463 437.664215 73.093506 64.293762
0 384.242157 604.129883 118.539612 70.773315
0 133.742615 441.111725 104.450348 97.368713
0 407.69751 148.896317 29.356323 26.095184
0 601.040833 79.407433 31.154297 28.572617
0 425.046448 22.141735 43.90094 40.543373
0 252.349152 227.931396 31.386414 29.378418
0 174.649506 567.169067 39.189026 33.760742
0 559.249756 273.937073 57.661255 53.036316
0 625.898865 167.770813 23.581787 22.408966
0 293.034454 493.713409 25.774109 23.199341
0 239.234344 519.110168 24.947449 22.226593
0 580.445801 234.31955 44.890137 38.266632
0 194.701828 176.05777 36.830963 34.890961
0 610.283264 251.63298 42.930176 37.825836
0 538.283264 322.297791 46.001465 42.524048
0 249.647461 306.194397 49.155899 39.68573
0 364.665527 318.119873 40.07373 37.39856
0 6.633731 484.541199 13.267462 31.798462
0 38.686508 285.617065 33.397202 30.475464
0 350.450928 499.777802 22.435181 21.615845
0 474.205444 228.457977 22.18573 20.7258
0 277.539398 156.797913 43.507004 37.137085
0 140.457214 178.7948 25.531609 21.635376
0 50.100548 90.68737 29.463451 26.235733
0 160.083252 537.910522 20.376678 18.690918
0 577.640503 46.418343 27.317871 25.286789
0 604.794189 314.969849 64.894165 62.278015
0 204.094299 554.444214 22.498779 19.715454
0 242.082901 445.514923 40.326935 34.020874
0 366.955322 393.940674 57.958496 49.148193
0 595.95105 630.656616 51.763306 17.222168
0 253.419098 33.668388 26.12532 24.840683
0 174.595932 52.280025 22.16568 20.82328
0 629.182861 573.059082 21.634338 24.819092
0 414.913452 199.295959 23.969604 22.313965
0 101.276878 335.912903 31.038589 24.844177
0 272.412628 521.806519 21.792847 19.129028
0 395.700104 248.180069 51.489807 42.159943
0 189.719238 206.919678 22.042633 21.17923
0 593.195068 408.815369 93.609802 107.247498
0 180.921631 258.585419 22.704742 20.982666
0 386.660797 274.869812 35.428162 30.36969
0 473.029419 403.441345 21.229004 19.536377
0 235.339294 158.956375 34.034393 32.128357
0 307.331268 633.37207 30.029541 13.255798
0 263.75769 128.856979 59.356735 47.570648
0 200.867188 413.855682 20.306396 17.661438
0 186.025558 477.471588 25.964874 22.531738
0 283.709442 580.387329 20.740784 18.931763
0 472.263336 167.557953 24.56134 23.254089
0 227.853775 168.736481 32.185272 29.338562
0 388.438385 263.443024 51.043701 47.50354
0 587.21167 488.520782 33.75 31.91571
0 7.430259 519.547119 14.860518 35.550995
0 632.00824 630.059265 15.556274 17.508179
0 330.643738 76.298347 107.107239 92.447495
0 114.82016 611.99884 71.417847 55.096191
0 8.807617 565.576294 17.615234 28.101807
0 259.02652 97.271873 35.520508 31.797989
0 487.48114 108.772781 26.977356 23.779083
0 569.142578 550.477905 18.651611 18.136475
0 198.214005 460.56897 19.730927 16.337524
0 80.469246 407.408905 34.747513 29.691956
0 582.160828 97.720444 16.205078 15.329971
0 12.999325 568.308533 25.99865 44.359619
0 196.664139 345.763031 28.313416 26.893799
0 68.336472 565.345032 28.910645 26.748535
0 560.545776 508.90976 38.037476 38.03717
0 216.469818 328.254181 48.305054 35.494202
0 498.330688 507.477051 57.38266 54.499756
0 30.077463 135.405228 21.083965 18.682587
0 17.399731 105.87439 34.799461 38.225555
0 403.254486 5.520247 28.713196 11.035957
