0 473.394928 232.211395 55.480408 53.908768
0 193.274429 295.787811 48.563873 43.323486
0 567.20575 27.190239 115.935944 53.697617
0 542.979248 356.046082 39.092407 37.709412
0 57.137772 594.977173 72.624542 66.784668
0 563.992798 218.704193 38.100342 36.726837
0 321.488037 557.747253 26.018494 24.153076
0 340.573029 482.496368 27.510681 24.495056
0 488.327026 347.736908 36.510071 30.038757
0 416.974426 25.452383 35.771118 32.28825
0 580.616516 258.914581 26.031372 24.309692
0 616.52356 109.686897 21.915161 21.142334
0 499.692413 168.444229 47.8172 42.655487
0 17.45138 441.990509 34.90276 35.571289
0 361.533112 447.529297 43.024353 40.836731
0 382.536865 60.22942 33.95575 31.813805
0 92.065269 362.822235 22.176788 20.401367
0 94.340523 434.790619 29.820267 28.117859
0 193.902893 109.870743 21.880981 19.981567
0 460.141846 182.687408 51.662476 45.916992
0 178.185471 203.240234 35.786377 34.966125
0 557.012878 190.075897 21.758301 20.505768
0 490.742676 451.58017 24.243408 21.653687
0 461.540985 358.1763 23.282349 20.796753
0 321.979767 387.543213 22.006958 20.772583
0 227.551254 558.414734 32.377075 29.9646
0 442.515625 14.465489 23.535828 22.376291
0 143.299866 312.258789 43.438728 38.785461
0 258.727875 139.640793 34.169434 31.800751
0 101.037842 622.19397 110.843742 35.612122
0 13.085957 523.534729 26.171913 37.076019
0 392.957153 164.908783 25.092651 25.415222
0 42.977371 262.670898 21.642906 20.739243
0 535.633606 516.530151 43.014526 39.694061
0 231.134354 580.116943 23.953644 22.119263
0 483.241608 132.748962 25.016602 24.73806
0 524.04071 493.756256 32.539948 28.680969
0 432.427734 216.559158 58.984375 56.060699
0 301.595581 391.370178 21.81366 20.352661
0 116.51667 595.890076 30.476761 27.09314
0 428.078125 345.74234 119.103027 118.094666
0 402.205139 483.430878 23.170349 21.460327
0 326.67984 35.759476 27.959045 25.846382
0 274.645355 37.790478 19.332336 18.274971
0 401.558472 441.56778 35.082703 33.28186
0 366.940552 222.330383 101.124634 96.578613
0 242.559235 320.506348 47.01796 42.768921
0 194.351166 67.588081 18.887878 17.614929
0 198.624161 429.27063 17.636444 16.431396
0 357.534851 307.139893 24.497681 21.390625
0 519.950684 109.403687 62.501801 57.181221
0 282.97464 337.916656 23.196533 21.102173
0 630.521729 10.583746 18.956604 21.167492
0 49.141121 537.307556 48.65947 42.020264
0 627.142944 623.598877 25.714172 32.802246
0 234.957962 545.654541 24.875275 23.601318
0 19.319578 620.696472 35.488163 34.805054
0 473.188049 186.973175 36.11322 35.594482
0 375.993408 468.7099 20.823608 18.080078
0 335.629211 51.730259 31.393188 25.275795
0 514.097107 52.263756 63.651947 51.818787
0 610.905151 443.065674 36.891113 37.014954
0 340.338287 567.163025 19.98291 19.267212
0 172.550766 512.748901 26.571747 23.727753
0 615.593323 186.803513 22.204346 19.147461
