0 44.469662 253.197449 29.484732 28.0896
0 212.216202 59.061947 35.714111 34.348717
0 112.40332 11.457117 49.251534 21.013958
0 102.328873 619.866333 89.434845 40.267334
0 241.752365 93.041237 45.52774 41.301529
0 555.134827 627.751343 24.49292 23.533569
0 209.67601 425.59082 21.897583 21.236267
0 90.566422 485.412842 21.856934 21.590759
0 555.932312 332.095612 23.343872 22.773621
0 305.560272 617.620544 38.960571 36.084473
0 76.253876 86.856659 23.756851 22.542801
0 61.06781 553.344482 24.230892 23.539429
0 244.165237 59.422367 29.818512 26.311516
0 568.568787 354.286804 34.205322 31.991028
0 113.010483 354.622314 22.434906 23.175049
0 482.365112 63.785011 32.763184 30.458939
0 430.056213 186.279572 21.115112 20.619659
0 23.975334 255.384583 19.854973 20.580124
0 583.150085 582.743286 53.627075 47.359985
0 215.619675 506.305603 19.898956 20.366547
0 558.401978 404.208282 27.565552 28.156311
