0 19.861443 246.305908 33.844269 30.94133
0 393.072235 568.700623 53.459106 47.506714
0 465.262665 192.897156 28.562927 25.805817
0 306.34668 627.267944 34.924011 24.350342
0 166.78717 53.37886 35.375671 31.04604
0 166.260284 421.764648 33.131012 27.925537
0 426.667389 278.595367 52.351074 47.140884
0 497.783661 367.414337 42.47113 38.507324
0 365.468933 391.276062 40.364258 34.881042
0 72.140839 318.197144 40.146072 37.862427
0 347.146637 623.697205 48.687561 32.360596
0 105.649757 14.388605 43.359207 28.77721
0 121.43969 541.002625 28.508316 23.498779
0 418.714722 232.40332 29.371704 26.549622
0 135.405029 107.870033 25.495949 25.540848
0 242.26503 372.307648 25.116608 22.183533
0 203.249054 388.893799 38.144501 33.263489
0 285.986877 423.356842 43.144043 39.444824
0 189.7509 543.121765 26.208679 24.733887
0 343.456757 70.824509 21.410645 20.675842
0 77.998421 100.834999 26.877106 24.182083
0 352.731506 423.227966 32.270996 27.771179
0 4.441541 265.535522 8.883081 21.642136
0 76.401779 608.46228 47.799129 43.664307
0 66.357971 39.792953 47.206913 41.548828
0 69.907051 586.278503 26.453262 21.675415
0 127.671326 143.864929 32.538414 31.545685
0 7.427571 543.294312 14.855142 40.57019
0 241.54483 171.473587 50.449661 48.531158
0 513.673218 603.763123 46.247345 44.695923
0 409.501648 408.424805 38.218018 34.212158
0 165.638367 382.615509 29.283417 25.901794
0 415.528229 58.411476 29.332764 24.179657
0 497.903778 5.116871 18.066711 10.191692
0 100.358925 44.825783 26.462509 25.278
