0 113.303162 140.194275 105.219757 102.51944
0 87.472923 64.951401 148.840012 129.902802
0 505.042419 36.522194 45.797516 43.81498
0 542.117676 25.97311 31.04895 27.65036
0 48.824036 239.01561 25.036636 23.018982
0 514.003662 182.623016 21.438354 21.237427
0 539.325989 10.71093 45.071289 21.157658
0 433.686188 499.970886 22.918457 21.581116
0 534.580078 154.155396 56.520111 49.282928
0 467.055573 138.664444 48.603333 41.484711
0 391.309143 13.414116 31.245728 24.407623
0 82.617661 294.752747 20.000244 18.036682
0 345.127197 116.004532 32.344116 29.198914
0 297.147522 345.481598 347.876465 330.669556
0 363.788757 57.23967 49.461975 44.898361
0 302.837036 97.527512 20.796631 19.036423
0 426.40744 68.54055 19.403015 17.465118
0 43.354324 158.791367 65.262283 65.099182
0 180.54538 104.391586 57.455353 49.961678
0 9.509068 114.450851 19.018135 31.013458
0 440.458252 14.017799 35.05719 24.464668
0 17.102242 26.135677 34.204483 46.1436
0 531.526001 290.516998 145.981567 125.605896
