0 99.280792 621.900513 41.989746 36.199036
0 144.961548 178.754944 82.746979 74.088196
0 38.878914 592.294983 25.756119 22.835938
0 365.049194 312.330048 28.204224 27.982544
0 374.413147 381.42099 43.258667 43.15686
0 15.043667 107.8722 30.087334 34.787262
0 54.541351 624.096008 51.945187 30.264648
0 99.050522 367.320312 19.64537 17.815125
0 300.416107 80.396294 29.391724 26.132584
0 573.365479 29.301556 21.952393 21.244171
0 224.966629 7.237224 34.909088 14.389072
0 496.147827 85.152847 89.461945 76.820206
0 243.427185 237.362106 76.347595 70.92215
0 412.980835 487.532959 107.881836 87.107422
0 345.830414 87.351288 64.825256 57.295471
0 81.598297 100.383385 28.033371 25.435989
0 145.03569 553.45697 19.160461 17.508667
0 8.866303 574.638367 17.732607 17.737915
0 436.047974 395.676941 53.968445 52.59137
0 445.38031 14.643068 36.31073 27.734051
0 167.655502 634.930908 22.701874 10.138184
