0 576.139282 262.159149 93.716309 80.023438
0 542.050232 186.591965 35.451538 34.023285
0 542.222534 476.29541 130.2948 114.37146
0 84.736008 385.178223 30.342819 27.772766
0 523.728088 71.241165 52.204315 45.83197
0 491.35376 249.299194 40.906982 34.261047
0 348.180389 198.660156 24.31781 22.620087
0 19.902111 260.449066 21.830154 21.087082
0 187.060623 367.982544 24.508484 23.884766
0 156.330139 619.672302 27.375977 24.200562
0 591.410034 335.208466 20.795288 18.70874
0 525.336121 22.045689 42.413727 37.31321
0 58.617844 554.437378 22.390743 20.25415
0 620.05957 460.526733 39.807251 59.928833
0 87.915398 633.28833 31.023422 13.42334
0 317.006378 67.608292 26.413086 21.757065
0 107.724945 205.708618 85.86499 72.250885
0 131.587585 624.542908 58.84317 28.753174
0 249.813278 611.344238 43.758026 39.676392
0 204.37709 612.105469 49.7836 44.674316
0 493.94516 141.261292 20.741028 19.070374
0 113.291138 528.290405 226.582275 210.074707
0 36.929779 509.2547 18.944641 16.08902
0 404.189758 599.898804 36.31189 31.760742
