0 508.16748 340.916077 55.71582 48.898743
0 312.670319 615.29248 48.303833 44.243408
0 367.550232 323.3974 45.325928 40.200562
0 177.364105 495.446899 58.834595 60.0289
0 349.513672 612.203735 30.521057 28.384644
0 484.136139 605.103516 63.973206 60.27356
0 509.415588 242.972931 30.659302 27.958511
0 528.897705 46.058647 31.490601 28.190126
0 626.957825 528.898315 21.521484 22.478638
0 137.518021 358.532623 195.976288 170.358643
0 547.800537 488.226044 38.909912 34.491394
0 628.852051 383.713348 22.295959 30.700989
0 518.466675 468.814819 40.266479 37.28717
0 396.841888 471.341888 54.943115 48.896545
0 340.669281 15.784709 36.665039 26.700014
0 504.954895 515.339905 27.472778 25.072632
0 392.888306 206.494995 37.97821 35.860199
0 307.60556 322.152679 70.455078 65.216248
0 414.05011 347.42099 48.428833 44.92572
0 540.782288 609.158081 57.31189 53.153809
0 556.476746 227.210236 34.39856 34.64682
0 447.30957 446.706757 71.480591 62.749268
0 601.644775 264.479431 76.710449 102.241211
0 301.811127 266.811737 41.734375 38.048279
0 450.135803 490.063782 31.023865 28.844666
0 254.181 493.13916 112.860229 96.888062
0 324.186066 511.328674 43.198608 39.42627
0 316.651764 229.912323 71.794617 62.606766
0 231.374268 433.233734 42.717743 36.203918
0 541.414551 30.605839 22.768555 22.297037
0 604.525391 396.85968 27.268066 24.069458
0 435.756592 12.374977 50.081482 24.419777
0 568.004456 200.059311 24.266113 22.390381
0 580.502563 429.49588 62.095459 51.047852
0 375.133057 357.570557 30.670288 27.361145
0 377.864502 278.113525 51.960205 45.885147
0 380.779724 95.540337 33.283936 28.806747
0 317.885071 48.344948 126.119019 96.689896
0 383.043762 518.139038 27.229309 25.531281
0 379.685364 295.061096 23.180969 20.773682
0 576.11261 523.12738 26.338745 26.188873
0 581.208374 396.947876 20.429443 18.870972
0 391.450195 431.484009 28.22229 25.330322
0 610.564209 471.870331 46.607178 42.787659
0 583.998108 598.137451 35.042603 33.704102
0 539.795227 444.1633 26.384155 25.464905
0 413.08374 409.205994 40.625488 36.649963
0 136.26001 631.247742 46.516937 16.929932
0 424.405792 224.231827 25.909973 23.185669
0 622.008728 324.575836 18.873413 17.565491
0 259.84198 540.618164 100.528137 90.920288
0 241.864319 427.898285 30.993301 30.545532
0 38.036362 330.608246 76.072723 195.078735
0 408.752014 366.805206 46.955566 39.725708
0 220.367737 598.806641 20.072296 19.339478
0 323.202637 397.727509 35.116333 32.828247
0 633.827148 181.437515 12.187744 20.902191
0 531.106689 570.517456 25.119019 22.018555
0 348.085205 323.717621 79.383606 49.531311
0 417.675934 234.816498 34.422241 34.382812
