0 182.43454 594.077576 46.329407 38.560913
0 350.487366 327.525635 27.643494 24.789368
0 151.855026 14.063032 39.621765 27.744396
0 304.607666 276.180725 100.530518 82.618713
0 566.947998 262.515442 66.013428 61.677368
0 518.215027 251.525436 48.210297 43.525055
0 216.240494 457.420502 53.78183 47.632324
0 561.092896 216.303055 34.894531 30.134247
0 225.666718 133.789413 42.01825 36.63385
0 487.858215 486.150055 30.91156 31.75647
0 344.249146 510.539124 29.625183 21.700897
0 311.45697 597.165344 213.318787 85.669312
0 319.097473 8.847672 25.438049 17.695343
0 476.92981 252.357498 32.322144 32.195038
0 615.282471 114.945221 49.43512 126.262337
0 577.225952 327.916626 32.049561 31.588928
0 631.366577 421.331421 17.266785 22.052002
0 361.807037 6.155541 29.661316 12.311083
0 38.150696 337.764648 25.126732 20.744324
0 197.272125 11.712786 57.648804 22.78194
0 181.730072 162.334015 68.322693 60.599915
0 620.087585 193.390366 38.421631 43.851349
0 312.342346 68.697021 22.76825 21.231827
0 35.601154 61.966209 22.723822 21.746174
0 565.166748 180.665817 100.997559 80.107452
