0 191.349823 256.490479 101.217438 98.457825
0 120.347778 550.956482 29.933434 27.720947
0 275.979279 315.159332 32.394348 29.870239
0 145.370102 408.908417 39.587555 33.39447
0 503.473206 163.95929 24.500854 24.019379
0 510.617554 600.9021 28.995239 24.602539
0 98.049126 491.528015 33.72583 30.363037
0 93.521332 516.684204 40.055923 32.782227
0 127.732224 477.233704 36.634033 35.375854
0 312.952972 451.165222 33.173889 32.350647
0 31.987152 411.217377 45.996384 43.032959
0 246.126007 306.870453 29.012161 26.373352
0 614.243103 197.118011 21.389282 20.966858
0 541.840454 146.842621 41.321533 38.577118
0 561.866455 64.505623 35.237427 34.332199
0 523.121826 12.049721 41.758148 24.099442
0 108.876961 456.717163 23.128067 21.20105
0 152.638504 208.327377 29.353668 24.818268
0 527.733459 231.1194 21.954224 20.012726
0 117.958328 485.946106 46.11496 35.095581
0 144.762497 516.593323 24.363037 23.218964
0 395.068481 222.990829 22.644043 24.138336
0 51.191566 434.568085 21.890076 18.625427
0 573.269531 630.130066 47.255981 16.763916
0 49.207474 451.223541 21.55584 18.453613
0 200.615967 156.183563 21.079559 18.065094
0 51.108215 369.430359 22.75071 18.829712
0 21.305721 584.121826 42.504761 51.118896
0 277.991211 299.629486 24.715942 20.708435
