0 45.397125 152.911545 39.195389 37.365326
0 79.328728 427.065521 34.202499 31.97522
0 236.000687 593.074585 74.525116 75.99646
0 206.660614 356.28299 40.824188 34.561829
0 53.772087 549.00647 26.576328 25.202759
0 36.496387 609.245178 61.534386 55.998535
0 182.080292 214.867462 28.12674 27.288666
0 407.542175 620.575073 112.995605 38.849792
0 97.552719 538.61554 33.391785 31.898071
0 297.892273 607.645691 60.793213 58.358765
0 543.504333 191.386185 22.663574 21.726105
0 225.140152 423.860138 33.287811 30.45105
0 514.780396 195.620453 250.43927 304.372925
0 125.80957 431.806183 26.564034 25.208679
0 88.094627 241.672546 35.088181 31.009964
0 430.004608 241.633179 33.648682 32.139694
0 53.718224 301.069824 29.653458 27.044739
0 572.826965 419.743622 22.946045 21.842407
0 72.188324 622.699036 40.357346 30.077637
0 92.089973 493.346619 139.44368 104.907593
0 613.556885 19.858898 49.892334 38.731636
0 184.65358 18.894615 29.140015 25.749737
0 346.21344 532.489197 36.140625 32.390381
0 333.924164 354.371063 23.33728 22.932617
0 95.649658 208.544876 188.991333 238.882965
0 94.363342 210.486511 18.791733 17.95166
0 262.493805 224.424561 31.754761 28.869812
0 263.85434 629.468567 76.711548 20.685913
0 111.738007 556.746094 186.639587 166.507812
0 61.463303 619.160828 66.981354 41.157837
0 572.908813 26.420879 38.180786 31.525034
0 515.988098 23.360268 21.726654 19.596403
0 435.995422 392.348206 35.519958 34.025757
0 627.780701 215.944519 22.501953 21.922241
0 142.015762 592.530884 124.063622 91.746704
