0 590.421082 196.997818 99.157837 173.685699
0 245.305664 11.834171 30.208786 23.668343
0 65.403915 59.688225 23.58194 23.224079
0 276.874176 333.45401 34.694641 32.052612
0 490.664856 556.294861 81.145966 75.52771
0 246.650528 190.843063 29.810394 26.121033
0 575.197266 619.94397 24.772095 22.975464
0 619.009216 53.680695 27.293457 23.597637
0 301.631348 459.524567 30.707947 30.893188
0 433.844147 138.460052 47.515564 45.536919
0 135.681931 309.589203 37.996521 34.183777
0 381.84021 594.765503 38.561829 34.466309
0 473.165283 492.011902 69.994629 70.391083
0 589.156311 430.504852 67.449097 62.2677
0 153.1866 203.017105 19.119537 17.733154
0 338.039551 250.766815 88.068665 81.053329
0 128.059219 157.746017 19.114563 18.362122
0 315.041351 139.50058 28.993835 23.46701
0 218.265427 447.026245 92.335602 78.506714
0 432.692413 19.023682 33.32782 29.928017
0 371.871124 556.284119 48.438599 41.718628
0 410.291412 178.913071 20.650146 20.251465
0 621.136047 173.695389 18.137329 20.369171
0 137.843842 243.058594 26.883179 24.267822
0 363.329285 23.847824 64.592529 47.193924
0 213.851562 340.161652 69.836334 71.071045
0 276.875092 130.501236 33.930969 33.74749
0 466.437378 48.953796 24.296143 21.245193
0 420.324127 538.485779 46.885437 43.228394
0 416.248322 43.65593 59.046631 51.576263
0 302.321442 27.339638 62.248535 53.263153
0 182.68692 390.942596 43.429932 38.247314
0 368.252533 330.922302 42.933838 43.029602
0 394.495605 407.398651 79.334229 69.553345
0 322.646454 362.612579 84.38208 68.52655
0 245.624084 155.183075 22.694962 20.389099
0 263.216553 480.083282 26.831985 24.404236
0 437.286987 624.842529 38.767578 30.314941
0 96.425362 311.896332 37.960495 34.522949
0 461.144287 537.540466 37.194885 38.721191
0 471.206238 312.055206 220.551483 176.15918
