0 612.129211 134.966095 39.139526 37.456268
0 523.843567 626.220703 39.967407 26.967773
0 540.694702 377.470703 43.536621 39.804688
0 504.265869 300.913269 40.474945 38.073792
0 228.119202 104.856071 36.629272 34.122986
0 533.980225 184.298615 61.061493 51.330505
0 483.344452 461.753967 29.345947 26.122131
0 466.223785 395.254944 43.320923 41.318298
0 484.717682 193.455414 48.6875 48.201599
0 127.577629 361.265137 35.680466 34.291443
0 440.264343 509.787964 34.808777 31.572235
0 537.243652 596.431824 22.015381 21.438721
0 496.70871 74.498932 26.586243 25.713364
0 562.155701 292.348267 23.460571 23.061584
0 461.019135 486.45752 31.534729 31.479126
0 411.654266 299.509735 30.250183 28.461609
0 537.990051 293.550873 32.697388 30.099182
0 498.287903 378.693909 29.945679 27.838928
0 621.844238 170.851349 27.223755 25.63559
0 416.692413 92.908104 27.024109 23.62738
0 434.998352 393.40213 23.617432 22.798462
0 479.730103 434.964233 36.795532 34.624695
0 130.976974 436.908295 52.063423 46.149719
0 596.936035 530.448914 23.822876 22.182007
0 399.654358 78.058533 29.309753 25.733353
0 465.894165 527.908936 21.810547 21.87854
0 525.239014 406.219452 30.570435 29.089844
0 633.962158 623.145996 12.075745 27.484863
0 211.792786 603.715149 48.586639 51.489136
0 632.897034 141.239761 12.417725 35.486176
0 85.445786 279.879944 35.418915 31.412231
0 602.554077 622.990112 26.296509 21.910278
0 591.759644 502.090057 28.563477 25.033875
0 409.611694 566.338806 38.555481 36.575317
0 592.014343 99.60054 17.352417 15.817322
0 258.113953 234.443863 22.635239 21.583557
0 379.307159 148.442993 22.845276 24.790161
0 122.173706 268.86322 32.580597 31.524841
0 511.126526 470.9823 19.907196 20.378845
0 561.8974 591.894409 21.854004 20.968994
0 480.701202 96.945251 26.424011 25.129883
0 326.320648 208.035629 47.763855 45.033417
0 269.819366 130.758942 37.338013 35.152962
0 378.410156 480.632965 30.2995 27.464355
0 127.464706 183.251297 35.815948 31.489441
0 610.122192 625.13739 44.417969 29.72522
0 479.712708 237.016251 33.312561 32.179932
0 620.360474 497.892273 24.13855 22.895752
0 380.733124 239.145523 17.15564 16.784119
0 516.445984 89.790176 26.237946 26.808182
0 219.345367 216.143021 24.082977 23.260193
0 443.849457 294.075134 21.426331 20.367126
0 518.480103 177.983704 30.073456 28.952728
0 479.947662 421.534515 20.727417 19.211975
0 431.991699 538.711731 28.997009 28.265381
0 617.969543 13.445698 28.913208 25.750217
0 589.686707 252.465866 25.971802 27.304108
0 511.375427 261.906403 31.553253 28.192627
0 326.898499 443.164429 24.147949 24.277161
0 519.12915 148.771927 19.575226 19.298828
0 626.312073 54.161446 16.364014 16.36171
0 468.124512 383.992279 32.760559 30.086609
0 561.934265 438.60318 18.598633 18.126404
0 414.684174 598.666748 25.513611 26.11084
0 520.110474 194.523224 21.206055 19.967438
0 372.043549 102.322952 37.507263 37.291138
0 410.197845 485.226959 31.34082 31.225708
0 513.682983 218.560318 24.926147 22.385376
0 456.216736 331.496704 20.871338 19.338257
0 598.939575 629.948608 24.954834 20.102722
0 435.805115 184.244781 21.976196 20.167297
0 420.658203 149.030075 32.295288 28.82132
0 345.42981 114.188164 20.130798 19.712479
0 425.32016 615.348938 27.139465 24.355225
