0 415.10556 156.249176 42.623596 36.900024
0 246.672974 531.129456 32.838455 30.518799
0 143.401825 440.899963 34.691223 32.805359
0 171.767227 357.164612 26.069763 23.967407
0 174.130447 28.873665 33.315521 30.521255
0 68.137276 562.678955 27.090622 24.901978
0 14.783258 209.258682 29.566517 38.012054
0 544.497803 319.017883 28.604004 24.56012
0 124.261826 255.923782 21.513985 19.039032
0 519.538879 126.708763 22.093506 21.224503
0 568.238525 32.732613 22.494751 20.088821
0 386.178223 222.977615 21.460449 20.630432
0 362.764709 96.465225 21.47168 20.493225
0 111.990921 41.249222 78.19735 65.318115
0 363.928162 166.51622 21.922729 21.281403
0 101.14917 395.647339 42.203888 43.67688
0 458.723419 317.746552 19.803528 19.862976
0 620.074829 12.748198 36.790161 25.496395
0 211.219833 44.130257 19.561066 16.354126
