0 203.671936 413.996826 103.044434 91.204956
0 284.908691 299.048553 35.962952 32.590576
0 579.072083 71.097763 26.667358 24.238949
0 220.177872 312.80246 44.686615 38.654236
0 125.102989 559.382202 49.274063 45.406006
0 74.20108 306.049591 31.551647 29.638184
0 372.638763 418.878082 33.944275 28.983337
0 143.08786 533.919556 28.477722 26.922119
0 289.118927 258.044495 68.470703 57.393433
0 199.064514 593.620361 27.727325 23.901855
0 368.441681 379.810242 32.174194 32.214966
0 414.847321 283.675934 20.607056 20.592041
0 204.271408 340.784485 22.040802 19.954895
0 265.203369 35.959129 27.182846 26.544909
0 242.543365 344.900452 50.565079 45.21167
0 613.863464 96.417847 20.622314 18.641785
0 100.147552 210.618423 32.860703 32.589844
0 43.802559 46.027081 19.892395 18.731621
0 429.590698 580.423096 45.394897 44.712891
0 293.270142 630.879333 25.12262 16.807251
0 395.554413 619.871216 59.00177 39.158813
0 528.605957 258.448608 26.936523 27.5952
0 456.195435 4.730964 18.992432 9.461927
0 340.222046 525.026855 53.35968 49.89624
0 48.460972 552.565125 25.793282 24.627075
0 547.799561 179.291031 20.735962 19.420563
0 330.278992 394.172485 47.302979 47.002319
