0 258.370972 586.391479 80.317261 72.248535
0 217.032394 357.321106 19.949066 20.908081
0 575.840088 72.639992 90.422363 76.974731
0 153.591034 230.362885 273.693115 296.987061
0 347.083282 39.509453 107.056335 78.532608
0 24.675703 342.329285 31.36301 30.948853
0 579.115784 37.337887 19.457642 18.603325
0 288.306915 124.496758 35.261353 32.257645
0 116.383102 63.034737 20.775009 22.003418
0 479.779297 215.34108 23.404602 20.561768
0 201.313736 35.284061 28.094574 27.311453
0 129.90918 71.611298 27.212097 26.185303
0 179.485428 630.682922 21.508667 17.238159
0 468.719208 76.613701 21.738708 18.656342
0 84.940735 589.297668 19.453217 18.281738
0 42.430717 133.054306 83.995071 127.838135
0 64.429375 598.107605 25.904221 23.71521
