0 342.679199 631.395142 36.837463 16.908447
0 601.344177 144.986877 43.452148 38.56897
0 476.624329 411.519196 24.627747 22.97644
0 66.162048 293.120819 130.157288 153.432938
0 162.158966 369.715271 24.826294 24.351685
0 191.109604 626.812561 87.301483 24.71106
0 181.737885 562.475464 25.735107 24.010498
0 222.761734 137.074524 25.376831 24.160728
0 608.616272 465.147644 60.699097 205.61499
0 314.747345 369.430359 25.474426 22.464355
0 455.962433 65.181107 28.63147 27.366837
0 344.127838 243.503342 126.581116 112.387543
0 633.680908 298.998779 12.638184 22.895203
0 449.619232 446.482727 46.635193 45.497314
0 194.467285 320.858246 108.3461 104.593811
0 171.434158 152.090195 20.119232 19.809937
0 635.235596 209.489029 9.52887 21.97522
0 570.298096 614.292419 17.207397 17.90625
0 193.505142 85.226547 25.563446 23.735641
0 147.345459 259.967804 53.449837 51.068344
0 393.163025 29.938213 89.110168 59.876427
