0 117.092804 251.389496 141.792297 128.440475
0 440.24115 510.397186 160.545197 148.668884
0 541.265259 343.953339 40.435913 34.488586
0 116.363419 357.958801 121.346092 99.770325
0 101.716103 23.92144 54.293472 46.305862
0 69.740356 452.607239 26.039459 23.508484
0 151.646545 561.434387 49.558746 44.697144
0 372.516022 592.238892 51.837463 48.34082
0 338.429504 487.6651 70.428345 66.403564
0 141.283066 49.408054 32.027794 29.667183
0 555.881287 68.099922 42.877197 34.98354
0 42.236168 281.911987 23.596756 21.435974
0 258.004028 232.886383 52.16832 46.474045
0 632.586853 36.28339 14.826294 21.568306
0 595.345581 332.544525 25.707397 21.832458
0 337.62262 48.793072 87.143127 80.757561
0 27.829645 434.361633 33.25703 28.415649
0 28.489168 139.550735 56.837215 79.173859
0 422.024017 588.508362 41.072632 36.182373
0 478.262451 619.33313 74.857697 41.33374
0 8.446603 58.867359 16.893206 37.016518
0 78.472519 8.531315 39.558151 17.06263
0 434.79126 445.951813 49.805664 44.998596
0 604.436279 275.481995 71.12738 90.645004
0 109.901054 322.666138 37.012863 32.692261
0 8.909902 423.833344 17.819803 40.97168
0 8.616316 625.915955 17.232632 18.426392
0 499.339355 249.507233 18.344177 18.241653
0 280.920044 473.799652 54.157455 46.52594
0 516.193359 320.391998 44.038361 38.715759
0 501.676208 35.345367 138.495483 64.757965
0 269.931854 180.979401 28.699524 27.860107
0 304.868103 95.312576 33.709717 29.587524
0 325.046112 134.328262 74.777466 74.081749
0 33.990032 77.54129 28.329254 25.706238
0 26.437506 340.478119 50.850216 75.363892
0 365.939117 29.425816 36.998962 39.300713
0 197.540924 345.678284 47.507904 44.650513
0 529.598572 569.283875 83.498413 84.739136
