0 308.535736 190.87381 124.929642 99.46991
0 443.154602 425.762878 158.662354 125.479309
0 333.84024 609.725891 35.914246 31.624146
0 264.070404 607.898926 46.588318 38.562134
0 428.728729 629.556641 33.74585 20.886719
0 52.848198 277.224121 45.770081 37.28772
0 272.734833 283.124878 47.343384 38.635315
0 314.801025 435.316132 29.231567 26.80896
0 435.456696 113.129349 27.237854 23.67688
0 84.796371 382.152161 24.810974 22.335938
0 618.153198 570.618164 43.693542 59.150879
0 626.463806 457.644562 27.072388 28.736145
0 156.26503 108.583832 23.624451 20.228333
0 169.917999 29.652752 29.170074 23.200264
0 173.362076 623.852478 30.47345 25.1875
0 525.904785 632.730286 31.340942 14.539429
0 319.58728 467.267334 28.457031 26.458374
0 66.194298 147.294052 23.365295 19.598022
0 179.380173 539.787903 27.210419 25.487061
0 531.678528 577.466919 23.178101 19.561401
0 285.408173 496.623199 37.815918 36.386047
0 54.690933 215.379578 21.237469 19.460999
0 190.528412 399.002197 32.520325 30.014709
0 356.585693 310.911896 35.578125 33.801636
0 11.217087 290.844849 21.128216 51.806519
0 208.92572 309.058197 25.468781 25.176941
0 124.850433 17.636967 22.956062 20.197617
0 592.899658 534.611328 62.294067 50.976349
0 351.365112 453.062653 36.846191 36.289001
0 113.92775 617.38031 18.6297 16.164185
0 607.386414 90.972961 41.485229 36.797409
0 33.123848 583.350342 16.335197 14.847656
0 119.679535 247.520691 19.441345 19.124069
0 172.715363 274.29776 36.32077 26.791504
0 633.772583 609.02594 12.26416 18.779907
0 137.447159 547.762756 59.26725 46.251343
0 73.696472 100.635757 19.21669 16.427872
0 277.163696 461.46582 19.484619 18.7547
0 195.536087 387.042389 35.882874 35.717102
0 326.073273 296.449097 21.699463 20.831299
0 564.500122 74.522339 64.125977 53.427734
0 627.144775 111.237473 25.696533 53.312408
