0 133.399872 84.34874 85.1203 74.738159
0 433.617371 546.456604 55.643188 46.690552
0 32.325611 372.977783 62.722397 57.949951
0 39.645958 453.313934 45.397537 37.250305
0 92.843216 231.370392 84.418274 83.309097
0 530.69397 119.492897 38.117096 35.238815
0 248.666229 294.583374 51.435104 46.65033
0 532.901001 54.063232 53.461945 46.423649
0 330.252136 588.897583 49.760498 41.972778
0 417.126068 443.802734 44.372559 36.121033
0 269.372375 137.614517 101.810852 84.42276
0 318.839966 12.050011 32.032532 24.100021
0 469.316315 631.98053 32.044495 15.396362
0 348.212891 406.802185 27.842712 25.082031
0 597.825562 349.574158 37.16626 30.186096
0 619.576599 524.86322 28.491455 23.874512
0 150.898926 432.374573 29.502197 25.094604
0 288.817993 79.540482 33.206787 29.764465
0 443.986328 75.299927 75.170288 63.797928
0 298.435608 216.274963 24.821838 21.717041
0 580.272156 204.661469 58.989502 49.451965
0 430.275848 244.906235 33.959717 29.379364
0 94.052383 557.994995 58.791916 46.275879
0 541.210754 569.141052 81.359741 69.297607
0 42.68087 604.275146 44.238453 35.4729
0 184.570297 534.36676 21.195557 19.783081
0 450.528168 183.511124 26.661377 23.599976
0 90.521477 448.597198 36.902863 31.326965
0 609.568481 391.571228 47.078247 39.93103
0 26.993435 412.088104 34.092506 28.803345
0 14.505293 31.172096 29.010586 31.106428
0 374.267365 425.61441 43.781677 35.224548
0 584.20166 165.106506 24.936768 23.37854
0 55.435867 514.370056 26.577335 23.149048
0 208.758942 166.222214 40.458191 35.351349
0 520.991455 429.943115 40.18042 38.062439
0 431.441864 36.131706 50.301697 43.466919
0 632.188965 305.507843 15.622131 24.863342
0 120.082108 144.14003 45.618713 39.738037
0 257.465454 174.355011 20.846603 17.892273
0 566.744507 568.487305 29.48584 25.694824
0 330.005157 427.931305 26.396851 21.114441
0 199.467026 72.605469 47.886108 41.586761
0 115.365517 258.00177 40.471909 33.804749
0 28.925695 598.706665 49.361904 36.949097
0 121.42688 456.784943 33.640625 28.389526
0 176.134445 201.98671 19.837189 16.385712
0 308.988708 260.117584 48.88562 43.774231
0 9.791372 445.41571 19.582745 39.935608
0 36.502834 581.584717 26.233475 20.260132
0 40.790649 386.828491 39.949142 33.285156
0 17.866028 599.094604 27.048046 25.206299
0 192.868912 242.77298 20.638153 20.207397
0 629.411133 546.08606 21.177734 26.912109
0 255.58429 411.459991 39.140915 32.63501
0 497.433624 68.284782 28.784302 25.294952
0 45.36631 633.330688 21.896385 13.338684
0 305.930511 531.74585 43.984436 39.058716
0 603.974304 335.444672 20.537476 16.625793
0 569.125061 597.618835 22.674561 19.139038
0 634.882446 195.232452 10.235107 21.826294
0 12.792858 316.552612 25.585716 47.18512
0 34.171085 589.592224 35.855888 29.707642
