0 199.016144 397.478821 166.12178 150.604187
0 277.811493 288.167786 143.957031 137.053207
0 179.563187 302.709351 69.395325 64.397766
0 333.877228 358.388885 70.893433 62.307983
0 546.647949 154.068909 96.266357 91.037933
0 313.469788 53.309914 47.238464 43.350647
0 486.036163 378.505249 60.562683 56.880005
0 72.852661 54.33041 105.738434 91.398369
0 330.16568 145.291504 94.549927 91.467888
0 613.907959 517.799072 52.184143 64.151245
0 280.983215 96.545532 31.847656 29.163452
0 16.070923 541.122864 32.141846 37.204834
0 307.326538 526.006714 33.601074 31.657928
0 339.393677 611.836792 25.71698 25.088623
0 584.781189 213.946167 33.256348 28.653107
0 553.167053 271.418701 61.700195 56.328796
0 265.189606 199.161133 35.000671 32.269257
0 455.342712 581.703979 23.750549 21.823364
0 276.873413 597.13623 26.075256 23.036987
0 125.022369 605.510193 29.417358 29.072998
0 596.202454 428.672638 33.929443 31.604675
0 513.139648 567.029785 24.560577 23.692017
0 144.694107 222.6315 32.147003 28.91983
0 75.846909 324.631653 151.41452 170.193726
0 439.636902 293.979004 192.67569 153.291382
0 572.682739 371.977234 134.179443 189.634521
0 76.510048 202.944809 24.633698 21.948212
0 21.826555 76.554962 23.799381 18.923615
0 419.942139 412.680908 23.068787 21.35376
0 474.037048 532.962891 22.80719 21.854004
0 237.337936 219.303711 32.677551 31.798035
0 205.056122 216.15004 25.657623 23.991943
0 496.743652 516.60498 26.304565 24.652344
0 189.910507 172.211411 20.055664 18.945038
0 242.787598 513.376343 38.43956 38.539307
0 158.356247 612.88031 37.215851 37.888062
0 478.605133 431.875793 66.692566 60.694946
0 450.274048 83.712616 180.019562 162.795258
0 516.311707 209.176819 25.349274 23.734406
0 607.970337 67.756393 57.289062 54.92569
0 444.605774 8.448824 26.637634 16.897648
0 168.608963 242.85791 29.284241 26.576492
0 542.837219 482.754883 22.362915 21.26355
0 189.930206 597.090515 27.790161 25.43103
0 588.380737 550.982605 43.539795 31.850098
0 24.565771 403.368317 33.158543 31.53949
0 544.137817 17.35198 35.848877 30.427647
0 353.581696 537.556458 20.427734 18.584473
0 631.876465 207.960968 16.247009 31.638977
0 84.691162 591.447571 22.815826 20.008179
0 588.36499 415.711304 75.185181 119.19751
0 485.629822 206.832062 33.800354 33.729614
0 542.512512 522.495361 25.892334 23.745209
0 183.301926 145.468414 20.159698 18.881317
0 138.959503 477.415405 50.579132 52.154541
0 454.390167 421.182495 20.837158 17.823792
0 85.018616 148.065994 47.327194 41.184875
0 115.270088 96.519409 21.219116 19.420731
