0 180.559631 226.918396 123.178711 103.596741
0 154.778809 100.191048 85.780792 78.524124
0 229.241531 45.616829 64.891632 65.411087
0 59.879501 338.138336 33.804733 30.809998
0 75.797653 195.206284 32.241058 27.960754
0 236.159668 113.502556 65.502991 57.140732
0 101.640472 569.227417 27.890549 24.418335
0 111.707565 630.748596 23.415726 18.502808
0 16.561834 339.826904 33.123669 36.322998
0 497.550751 329.614349 263.855408 276.09552
0 291.195282 402.927917 19.139771 17.720032
0 470.588989 514.395813 25.49585 24.606567
0 106.379875 395.61853 24.280411 22.612305
0 104.216049 30.204992 22.556366 22.481838
0 106.540535 9.778704 29.921524 19.557407
0 57.7897 374.393524 22.14489 21.165833
0 30.120571 450.289307 29.507957 26.724609
0 285.312592 631.852478 25.13501 16.295044
0 398.585999 41.48233 20.840698 18.230728
0 317.387817 31.472755 25.179016 22.220108
0 545.449524 63.123848 29.748779 26.46138
0 574.822327 525.960632 23.118286 22.78125
0 340.43219 546.944397 22.099792 20.693726
0 259.274963 431.443085 20.441101 19.293457
0 133.982941 141.324066 30.177338 26.482666
0 32.140663 38.757462 64.281326 69.657471
0 421.688812 112.299423 19.885803 18.419983
0 100.571426 373.851318 22.301605 20.940491
0 40.695576 389.140259 22.798569 20.874512
0 278.883972 281.860718 20.435913 18.240601
0 341.78244 40.574104 21.246399 20.314272
0 375.742432 500.872559 21.203308 20.694214
0 251.404663 82.641998 20.15535 18.764771
0 65.53479 437.473022 20.471958 18.168213
0 432.338684 474.779114 37.702881 35.57373
0 513.862793 102.135162 25.69632 24.708572
0 42.00531 302.160156 19.845238 18.885925
0 541.615723 631.298767 40.712646 15.934448
0 631.510254 412.196808 16.979492 19.627502
0 470.599518 64.264923 16.569397 14.353947
0 614.548462 465.485046 19.185303 18.02655
0 10.335575 291.305542 20.67115 23.835571
0 615.189026 398.776764 18.796631 19.071106
0 184.063843 495.912018 23.847626 20.389221
0 67.544586 83.338036 85.646515 71.697556
0 626.097107 50.917625 24.852051 23.286705
0 395.953949 165.544006 19.120605 16.786621
0 110.241837 598.795837 19.341202 17.579102
0 477.574982 529.384583 21.822937 18.956421
0 183.68692 512.385498 21.029297 17.93869
0 250.979675 369.091736 283.190308 253.27565
0 281.834381 573.367859 17.98114 16.373413
0 15.502621 362.965515 16.320267 15.611023
0 127.86628 53.393867 27.206558 25.811951
0 541.900146 567.634216 20.918701 19.61499
0 49.068642 444.833282 19.03318 17.151245
0 11.36215 84.610001 22.7243 58.023136
0 470.963135 53.432968 121.563812 98.798981
0 412.815369 574.44458 30.233765 26.834106
