0 390.632111 339.611633 47.446472 42.068787
0 66.423813 407.795441 38.734863 36.112549
0 311.832825 363.446442 30.698608 26.172974
0 599.593872 179.086639 47.729004 40.873199
0 170.370697 24.787716 28.804901 25.395197
0 130.414612 606.838745 27.530029 24.452515
0 484.683563 461.257446 34.101013 33.948975
0 56.501648 456.153625 31.69775 28.962341
0 417.49408 172.358765 24.786072 23.028503
0 534.336792 566.217957 35.922607 31.389404
0 354.312378 225.636902 22.773254 20.884308
0 21.382702 99.50872 27.182182 24.447632
0 548.697266 386.023315 33.381836 29.019348
0 255.640915 118.505676 76.833649 66.351311
0 486.107361 128.794098 30.797974 28.091614
0 152.008865 279.141632 23.218567 21.979614
0 61.437668 22.12479 30.141281 25.866888
0 501.858704 603.447754 27.19104 21.444458
0 425.073364 397.321045 43.160889 37.033813
0 102.396187 174.688904 26.13002 23.652588
0 415.042999 314.746826 25.637085 23.342773
0 631.194092 68.871429 17.611755 26.537136
0 601.28894 374.534058 27.732178 26.541016
0 420.889038 361.72641 29.196777 25.531616
0 531.240601 154.668167 31.341797 28.034821
0 203.005875 92.372932 22.67807 19.677444
0 84.596336 384.454224 24.012863 21.591003
0 417.954071 8.20543 33.729553 15.950052
0 610.843994 614.947571 31.410522 29.270874
0 163.968506 236.952454 27.395447 24.442078
0 250.779297 11.370136 42.814804 21.189995
0 197.475449 189.216949 30.034119 25.26416
0 367.826599 193.590958 25.826965 23.4422
0 330.29657 141.563187 23.009705 20.317139
0 211.998337 440.398773 25.508484 22.387207
0 136.576187 133.966339 24.260963 22.975311
0 398.734131 371.111084 22.877258 21.4021
0 24.169743 313.199249 23.065361 22.087524
0 211.750885 561.720154 29.265411 26.619751
0 294.437683 38.504112 21.936768 21.180077
0 218.742325 615.661804 21.517059 19.42627
0 503.6409 7.659375 21.445007 15.31875
0 8.669301 204.15387 17.338602 21.553253
0 615.890869 287.63739 24.866333 24.857361
0 23.327232 158.455124 21.592684 19.655518
0 468.456329 547.951782 27.812622 25.026611
0 575.0672 40.439655 24.013184 22.220032
0 511.040527 392.792786 22.130768 21.121033
0 123.202988 277.540405 30.839508 24.993713
0 355.746063 27.979824 40.919922 36.861519
0 157.605057 140.257126 26.03421 24.039062
0 127.871552 210.444672 77.433685 75.052795
0 189.240189 257.856567 39.052673 35.894897
0 412.620911 419.978699 19.240051 17.879822
0 26.127178 208.09494 22.188721 20.98233
0 495.03244 214.798386 19.915894 19.738434
0 567.263306 7.702658 23.650146 15.405315
