0 340.753906 29.983379 84.954468 59.966759
0 233.295929 156.700607 60.957581 51.200928
0 487.603882 153.31958 62.760376 57.919525
0 331.260559 253.887665 33.278503 28.300491
0 539.956604 220.578125 61.366119 54.673645
0 277.693054 116.408295 80.498718 65.668701
0 376.053162 459.837128 34.3927 30.313843
0 302.233398 242.471085 34.82019 34.143707
0 377.461517 624.3125 64.180054 29.640747
0 143.181076 311.871124 28.323059 24.234558
0 363.301575 115.809525 32.542847 30.203072
0 490.681396 528.425842 34.951843 32.712891
0 411.432404 255.248154 24.732544 22.579193
0 472.944122 292.115234 23.863159 23.573669
0 577.392578 132.126862 28.987549 25.20108
0 613.794373 121.79071 51.993652 47.131348
0 428.634186 544.056396 38.837097 33.665161
0 314.912689 585.734924 80.251038 67.738037
0 417.490936 222.406357 30.178406 26.650696
0 474.564911 630.973572 34.699524 17.616699
0 351.034027 430.87088 65.737976 60.737305
0 316.203766 464.954834 34.940735 30.596619
0 230.086227 320.414673 27.525482 24.267944
0 287.978516 162.804947 33.481445 31.915894
0 219.454163 44.854206 20.786041 18.440453
0 328.935516 621.733398 43.168823 35.730957
0 524.747986 183.137207 43.696289 35.504211
0 539.850708 403.919922 29.039185 25.833435
0 112.461784 137.965286 29.777298 27.987694
0 232.73172 424.265656 186.290604 137.506409
0 453.760254 211.456619 28.967712 23.942688
0 570.682007 526.136292 138.636047 223.97998
0 608.356567 234.467606 41.566406 37.877136
0 210.915482 342.0755 23.180023 20.72998
0 351.280975 189.671112 57.219788 52.418121
0 517.821594 38.320759 47.196747 45.178596
0 322.350922 346.787445 20.795898 19.149597
0 87.519646 170.057495 27.799179 23.339417
0 163.287735 518.548279 70.372192 71.281738
0 476.048676 195.757523 29.214294 25.564758
0 436.053925 148.112167 46.754883 43.85714
0 211.082031 234.202301 28.095764 26.175507
0 274.269348 241.106049 19.898621 18.833679
0 277.685242 632.490967 26.796387 15.012451
0 453.964172 122.097099 40.352783 33.067612
0 90.439011 450.917175 58.350021 54.161255
0 187.86409 12.33227 70.941193 23.731388
0 116.090469 35.339535 60.772827 44.679955
0 99.838577 354.233459 32.900421 27.175354
0 290.906006 198.133179 19.909851 16.882324
0 413.073914 38.852257 30.520142 26.190887
0 558.868774 537.172241 19.133667 17.940918
0 470.102783 434.520386 168.672241 139.895508
0 527.556152 330.075317 41.919952 35.325806
0 169.147247 168.575439 36.946228 32.282135
0 323.773712 212.098236 25.797791 24.013489
0 344.213562 472.658508 30.565247 31.12262
0 441.937073 477.870361 20.702942 16.788269
0 252.852341 215.170013 38.259125 34.923431
0 156.322876 135.119766 19.524261 17.180626
0 128.592682 26.062435 41.334991 40.438385
0 228.031281 567.369934 116.534058 90.478027
0 42.984642 405.619171 81.625137 118.871765
0 281.767853 472.353577 24.72052 22.228638
0 90.934753 578.996033 181.869507 122.007935
0 487.785889 503.046692 35.598755 30.695038
0 169.493958 20.187227 25.681488 22.237312
0 39.096489 495.13269 73.54007 79.936798
0 44.695908 251.992569 16.428665 16.508575
0 596.328003 23.755339 74.587402 47.510677
0 155.957489 54.701942 29.923462 23.97134
0 218.731171 504.503876 21.943512 19.878845
0 175.126938 554.716736 27.438171 26.773193
0 77.825478 296.963867 46.906693 40.790466
0 197.068436 217.039124 55.212708 44.353668
0 109.029564 266.123322 21.408279 17.206665
0 635.426697 191.213928 9.146606 31.512512
0 32.924522 612.515076 18.735624 16.702271
0 255.697189 609.389282 44.848297 44.77002
0 471.349548 213.615387 23.556946 19.39682
