0 77.04892 261.015381 128.855835 97.299377
0 415.268677 274.66925 49.156494 46.846924
0 547.901306 356.12146 42.95166 38.982239
0 344.096893 128.679138 38.164673 36.140015
0 605.797058 45.756126 33.013306 32.53949
0 555.332581 604.910339 29.877808 28.113892
0 165.281418 162.683563 31.472351 27.779694
0 496.53241 46.286533 21.176636 19.515831
0 248.037552 155.319962 24.3685 23.689606
0 309.630707 501.990021 27.957275 24.86969
0 156.893768 122.651855 50.764343 43.263306
0 195.201965 218.723984 39.634033 36.157379
0 162.938736 310.26709 100.794708 83.085388
0 375.608093 410.517212 26.44873 24.427612
0 250.960632 479.181732 32.506042 31.640503
0 628.725281 603.597229 22.549438 32.219604
0 316.689636 201.701096 198.654282 166.035553
0 142.854523 378.543091 27.145508 26.806702
0 497.631195 495.007721 19.379395 19.189636
0 572.381714 496.901947 22.457642 20.87677
0 81.971123 605.715332 20.111557 20.135986
0 609.458862 508.151611 20.723755 19.355927
0 11.339919 381.720032 20.739058 20.476379
0 604.003662 352.942291 21.306641 20.536987
0 224.73764 568.675659 22.502258 21.305664
0 222.39856 614.105896 127.03212 50.362915
0 562.555664 199.550156 17.286377 16.170929
0 65.981606 251.275284 21.012711 22.505951
0 114.886719 400.031403 20.360275 20.376587
0 48.041985 72.604172 96.083969 113.283356
0 136.498734 195.333084 82.897308 74.945648
0 27.163933 574.159668 33.435471 27.537476
0 423.021576 522.08728 20.815857 19.218994
0 578.494263 435.520264 19.051025 18.313171
0 229.191086 587.590027 19.23288 17.847168
0 345.440033 438.502808 19.467285 17.879028
0 430.863983 455.573547 18.96875 17.289185
0 614.883789 79.141136 22.390015 20.051773
0 579.332397 405.785004 38.100098 34.618713
0 222.143799 460.928558 27.895416 25.335327
0 124.515617 444.784363 246.440567 205.7323
0 128.060455 23.567429 41.287384 35.093338
0 246.587311 50.432819 213.751907 98.511497
0 71.05452 255.58252 62.131443 46.952454
0 112.190872 601.285767 118.320648 77.428467
0 522.563843 251.379486 19.964966 17.099747
0 170.59671 537.934814 38.547241 31.848877
0 608.155762 628.398315 36.281494 20.891479
0 605.523132 311.151184 23.7854 23.37262
0 197.686615 100.21125 26.712463 26.423782
0 79.219666 391.657166 58.024048 50.123718
0 261.529419 392.590515 27.519699 24.087219
0 392.308777 457.929871 21.457886 21.290588
0 134.976562 73.965134 93.542694 74.146027
0 342.755615 471.036835 21.975098 19.347534
0 345.028503 501.71521 20.014526 19.649597
0 65.981323 438.840515 17.255463 15.625061
0 628.662964 341.942352 22.674133 75.871338
0 511.163635 286.398041 16.481415 15.484436
0 618.138245 635.364441 20.699951 9.119995
0 558.68457 7.226292 22.035278 14.452583
0 629.669373 500.591431 20.661255 38.525177
0 235.819366 453.491089 19.832916 18.81427
0 10.361271 194.839325 20.464584 30.704102
0 630.760986 423.31192 18.478027 61.257996
