0 139.823898 461.995636 161.088104 133.516174
0 428.188202 281.834961 52.709045 45.248047
0 366.968445 55.800827 52.075378 44.64426
0 552.815674 417.733154 59.359863 55.508301
0 462.190826 43.57214 52.943481 49.734001
0 48.081833 165.242737 47.396053 42.203613
0 378.763855 345.21225 143.849609 115.605042
0 25.804382 295.317535 50.908913 88.919312
0 533.371826 99.298569 27.846191 24.629303
0 117.567459 286.83078 131.039642 130.484177
0 200.604126 601.977478 52.654907 45.785278
0 60.243412 36.007984 25.593346 22.866516
0 122.945496 568.611084 109.335564 90.465088
0 56.312775 414.254761 22.194447 20.869019
0 352.976196 411.834991 177.696899 189.498169
0 594.235474 490.76416 51.400146 43.138702
0 167.098755 201.921692 25.851532 21.404877
0 326.744171 28.126556 34.309937 31.284945
0 195.326538 57.885155 42.798248 38.359821
0 33.443798 209.754837 54.929237 50.376129
0 597.450989 419.802155 35.559692 31.866577
0 367.25061 589.06311 143.880127 101.873718
0 558.979492 275.450897 162.040985 157.501755
0 115.259956 331.311005 73.170792 68.494446
0 253.386017 324.128235 48.908371 41.657227
0 506.186646 357.000275 36.073242 31.121765
0 426.081848 12.846312 25.278625 22.967808
0 52.622787 113.161156 104.372314 79.14006
0 203.817917 136.752701 182.797577 158.772003
0 142.15654 279.159454 17.439789 17.4729
0 19.369564 12.480654 38.739128 23.649132
0 632.550415 348.494568 14.89917 42.326599
0 460.049927 313.524811 44.441162 38.152039
0 461.453217 8.375426 44.263977 16.750853
0 413.261566 149.62088 48.031921 43.350952
0 574.402222 517.471802 21.858765 19.518921
0 310.456116 483.43399 62.181641 54.272522
0 233.990005 10.573893 24.986359 18.536137
0 584.638062 380.184814 21.110474 19.037109
0 101.552902 554.955566 66.006165 58.476685
0 551.406555 591.310364 18.017334 17.561279
