0 246.870483 452.943176 79.159729 71.167786
0 93.273407 92.948883 139.384399 132.537292
0 535.797974 496.092834 54.846191 52.842255
0 90.712029 398.193909 136.130264 131.628296
0 332.978058 175.771103 47.344604 44.43927
0 387.930664 436.398102 29.632263 27.675903
0 15.743586 282.953125 31.487171 40.547119
0 392.923157 623.767761 35.007263 31.451538
0 371.184875 161.892944 33.901123 31.786804
0 461.660126 571.410645 53.852112 48.635254
0 25.577608 440.849091 50.815838 46.40387
0 234.869019 412.491486 67.200439 59.865417
0 335.637634 530.702148 51.159119 44.219482
0 406.589722 403.483429 26.679382 25.823853
0 467.726746 119.673805 36.014282 33.114761
0 53.036739 539.83844 53.417458 46.390015
0 210.800507 603.187134 141.982361 73.625793
0 176.203522 93.678253 38.442169 36.148636
0 208.585922 105.419273 38.999908 35.72261
0 327.072235 630.214783 27.239136 19.570435
0 14.284007 523.366699 28.568014 39.596954
0 211.493149 506.234253 45.874054 38.488495
0 503.136414 51.663467 28.522125 25.954224
0 300.872803 112.307861 39.145691 33.08078
0 283.19043 148.636444 31.875427 30.597168
0 370.450836 578.046753 55.248047 50.970093
0 173.581589 414.570892 64.487 59.190125
0 320.762238 560.179504 49.05957 42.944458
0 487.723083 106.568192 29.414673 25.779984
0 282.501068 533.119202 50.779541 46.59848
0 487.139832 238.064041 27.353516 24.519257
0 161.703278 510.722351 21.46283 18.355377
0 191.69632 377.668488 38.315125 34.851868
0 487.814636 520.000793 22.882141 20.53299
0 626.033081 62.527905 27.927368 32.764153
0 634.281738 105.649483 11.436462 25.442856
0 61.570534 297.366547 26.558155 24.111023
0 471.496094 405.354797 29.154053 24.653687
0 586.29718 88.643341 19.807495 17.270493
0 92.773766 325.596436 34.238586 25.702942
0 327.697845 544.976135 56.019714 58.211548
0 439.243713 278.124664 21.796021 21.266357
0 407.536041 298.215271 156.153015 143.450806
0 356.726227 223.648712 25.078918 23.97699
0 551.634155 328.182465 121.657593 97.02948
0 363.96048 601.705505 59.578552 49.842529
0 18.98201 469.376404 34.953476 32.66925
0 298.295715 257.126984 38.490234 36.968689
0 234.718521 28.044617 19.652374 17.802467
0 626.794312 521.743713 23.303833 106.416504
0 584.416626 414.153381 50.957275 43.964294
0 340.93515 64.035294 21.653625 20.675827
0 215.466263 98.043495 28.784607 27.715393
