0 520.85022 84.998703 112.737183 87.592926
0 604.259094 238.366028 71.481812 70.197067
0 310.576447 311.317139 37.621216 32.005249
0 212.01358 419.808716 38.873383 32.616211
0 414.982697 230.344345 53.247253 46.112518
0 375.548981 454.387604 29.995361 23.991333
0 81.381393 57.289085 91.275818 71.21965
0 307.733459 173.359238 27.771118 22.590363
0 170.057785 450.454437 28.263611 23.104126
0 156.523102 123.678131 42.977661 40.117622
0 467.094391 171.145172 34.759827 29.345978
0 518.50885 277.522552 75.897919 60.585632
0 260.736694 10.888348 27.409363 21.531296
0 476.841431 214.165085 27.771118 23.431152
0 332.378174 499.661438 31.016541 24.764893
0 189.735901 52.994553 120.42218 97.443176
0 602.777405 185.573563 52.5896 47.536224
0 604.230713 70.277451 71.538574 79.357086
0 352.590485 30.894306 20.278564 19.545065
0 433.206024 165.344879 24.737793 22.435425
0 287.988434 97.306717 112.612915 98.68557
0 323.354675 151.607391 43.873535 35.279938
0 629.147461 22.176414 21.705017 23.73477
0 278.240753 166.673492 30.078064 24.164124
0 456.07074 319.12085 23.527039 19.481812
0 378.324127 344.922516 57.962646 47.076355
0 551.151855 199.560959 67.561035 56.262421
0 223.44429 258.668182 23.841339 21.293823
0 494.807556 178.613449 21.495056 21.274261
0 279.300629 299.306946 26.941528 24.42041
0 35.740196 407.789307 23.712769 19.639099
0 81.865646 113.665405 115.977997 82.337654
0 417.310944 14.770998 19.473938 19.664612
0 632.161072 138.314865 15.542114 20.729836
0 496.78717 496.395874 50.053101 32.802887
