0 225.471268 519.044861 182.384857 150.763794
0 542.697449 452.591553 32.570801 29.771851
0 565.713562 146.045898 34.114746 30.811829
0 341.131287 211.727386 28.061523 25.33194
0 521.36731 482.877228 29.873077 26.888855
0 482.578613 521.418701 28.144043 24.907806
0 111.984039 617.495361 28.914642 25.481567
0 272.194885 71.948929 34.672729 30.926773
0 586.390442 502.544769 24.066406 22.429138
0 314.750549 427.340515 91.160522 79.033936
0 268.847351 145.648666 35.171432 30.660767
0 498.513 618.767517 50.222076 40.60791
0 499.832947 393.323181 23.293091 20.4729
0 521.377014 542.877991 19.972137 20.059692
0 94.441055 40.893585 28.668579 26.409622
0 52.426853 369.311523 56.563072 48.406799
0 112.245926 16.281143 36.388611 29.325851
0 50.010239 16.149242 31.425182 31.04818
0 552.710388 482.195007 26.376953 26.390747
0 42.340027 289.130371 39.75145 38.642639
0 41.25399 341.585236 70.242233 65.384705
0 56.555458 440.454376 26.244354 27.453674
0 574.298218 7.586355 41.249512 14.327839
