0 410.003326 549.139038 87.368286 82.549896
0 333.912354 324.19635 26.354431 25.496216
0 399.347809 490.967773 38.781982 35.742676
0 55.83532 327.370789 21.232189 18.997009
0 252.058395 66.627541 67.709625 69.461273
0 367.434296 292.010681 37.124146 33.779663
0 385.119537 510.54071 20.796814 19.902985
0 374.38916 365.34549 31.767639 31.007874
0 432.464386 454.197418 21.470703 20.657471
0 256.025208 331.032043 16.803177 16.616333
0 190.057358 316.437927 23.745605 24.695557
0 322.952423 202.973282 33.206482 31.071106
0 262.839508 180.635513 18.314636 20.44101
0 389.929291 504.018616 30.970459 29.334351
0 357.766602 337.905792 32.734802 32.600159
0 365.61261 488.169403 31.313293 29.882202
