0 572.173401 158.458511 127.810303 119.817177
0 94.221657 131.576157 25.187836 20.914917
0 631.772827 403.693207 16.454407 45.503845
0 281.73996 546.440552 25.812683 25.271973
0 115.789276 626.949585 44.333443 26.10083
0 37.296967 22.189735 19.862444 19.160725
0 189.490845 535.644165 27.142181 24.318481
0 600.152039 299.998291 32.862671 29.083435
0 596.510315 582.152527 58.592651 52.530273
0 484.606323 83.098526 25.740784 20.200897
0 171.982849 454.036316 45.217773 40.264282
0 260.957428 460.555878 25.004318 22.686096
0 151.768417 483.512146 26.64093 26.177429
0 627.459473 604.09845 25.080994 58.728394
0 629.77533 357.226868 20.065308 33.1651
0 160.920685 545.826416 28.108856 26.536743
0 531.190186 517.814941 28.143555 24.18985
0 627.545715 442.900787 23.423706 26.175537
0 416.52182 565.532104 24.764282 22.570801
0 392.24408 499.435852 42.459534 34.671661
