0 469.149231 317.831512 158.420776 146.145508
0 152.349716 229.828995 58.289146 55.092377
0 512.800964 602.725342 76.541718 72.576172
0 77.984718 166.481812 31.090042 27.73175
0 269.125092 529.541199 187.908569 170.29895
0 287.557465 231.061279 29.827881 27.505524
0 342.09903 396.43338 82.31842 76.510864
0 269.068451 625.306824 47.38147 29.078125
0 406.466431 117.732071 23.697876 21.898346
0 350.213226 214.348633 29.312317 24.736908
0 624.65918 35.977444 30.595947 33.626122
0 200.937546 195.41214 58.382935 54.278809
0 259.892181 382.475403 23.639954 21.053467
0 477.935242 61.930515 21.516052 20.369576
0 370.74295 500.950562 22.478882 20.674133
0 345.101074 619.531006 112.802246 40.937927
0 312.522461 357.727295 66.031006 57.877869
0 594.468933 114.520691 20.464966 18.293961
0 533.504272 538.049072 22.894043 19.030884
0 64.271416 512.965576 30.279713 23.117218
0 181.114212 104.910812 80.57489 74.467934
0 249.633087 87.596756 41.003967 39.305862
0 392.811493 493.896576 19.907043 17.838623
0 548.225769 30.154951 22.614136 19.034924
0 121.133331 171.778091 51.706306 45.502808
0 356.327026 485.208527 20.382751 19.697876
0 358.853821 244.691376 28.981201 24.419861
0 111.874771 632.749329 33.02903 13.197876
0 317.617584 221.55899 20.125244 17.55896
0 291.917938 611.333557 21.745728 20.03772
0 387.570801 376.136383 34.505737 30.753967
0 628.951172 248.652283 22.097656 52.314331
0 171.480927 57.930145 19.5112 17.878311
0 568.002808 257.601044 19.931152 19.761154
0 9.130505 48.519638 16.737747 18.80925
