0 499.00238 377.607056 30.322296 28.49231
0 428.602722 498.628326 26.89325 25.406189
0 609.007202 404.77774 28.929321 26.966797
0 85.596321 503.636932 26.773376 24.822205
0 23.15856 77.238297 46.31712 49.015549
0 530.432739 536.442688 29.558105 28.480957
0 47.221581 519.249451 25.470528 23.763916
0 32.5914 504.655762 26.390047 23.026855
0 17.281631 244.899216 21.820324 21.186676
0 132.411926 568.818665 28.897949 25.907837
0 390.451538 233.628555 23.243347 20.882629
0 216.029755 567.639465 27.78299 25.067749
0 264.045502 582.8526 21.330566 21.31189
0 23.614525 539.535278 22.660889 20.416382
0 480.278778 413.928711 21.301514 20.886414
0 255.759399 306.531372 62.067444 59.324585
0 319.522614 90.158585 24.623901 22.056183
0 362.432434 65.97142 37.006958 34.601074
0 541.998291 407.46936 19.803345 18.612122
0 90.33773 121.734406 42.874649 41.191254
0 423.559601 558.333496 17.707886 17.358643
0 166.634537 15.765594 23.283661 20.634323
0 487.716583 336.404907 32.775513 31.154114
0 100.039406 342.511292 25.655807 25.907898
0 30.933506 560.944153 19.740149 17.046143
0 147.190262 195.933548 31.2453 28.741699
0 579.156189 116.034309 52.155396 50.861252
0 622.864319 238.239838 19.591309 18.869171
0 598.256775 11.21814 46.079956 22.436279
