0 259.201508 626.531006 36.229843 26.937988
0 71.910599 80.829849 142.535675 144.61142
0 100.532166 581.305664 34.59465 31.556641
0 341.922546 316.40448 136.62915 116.439026
0 441.64444 141.188599 89.748047 83.642914
0 244.128784 310.990295 82.630875 79.879883
0 33.375801 588.841553 64.789169 88.559692
0 572.645142 119.652527 38.928711 38.274269
0 24.735165 480.569031 26.477066 24.203674
0 440.638062 221.156769 24.560242 24.339722
0 520.909668 41.151871 23.968231 22.120882
0 99.332298 486.72229 21.501602 20.358154
0 423.210175 236.311081 26.844177 24.244934
0 493.724121 295.297943 104.480225 100.909973
0 9.030336 407.478424 17.732754 25.642639
0 425.41272 8.4153 22.43457 16.830601
0 614.62854 149.693207 48.80542 114.197968
0 205.839447 127.600403 148.874329 126.700592
0 617.445435 505.880737 23.921631 22.389893
0 629.791931 257.822266 20.416138 29.871689
0 28.364887 295.7099 21.338781 18.273193
0 599.513794 487.86499 22.480713 19.436462
0 164.644897 334.61972 49.838745 41.878357
0 394.404968 270.406952 31.819885 27.758118
0 285.18219 137.526901 31.131653 27.351997
0 65.669502 545.194885 19.100967 17.462402
0 615.4422 202.113159 18.370972 16.545258
0 135.642487 361.303741 70.510406 62.204285
0 178.246918 91.079384 28.518066 25.696396
0 29.848581 12.356428 59.697163 22.810947
0 619.512939 51.246613 39.83252 52.259445
0 65.80452 613.16864 20.124554 17.107178
0 555.683289 602.742188 168.633453 74.515564
0 501.4823 35.705597 166.386993 71.411194
