0 344.616028 346.841156 131.92395 117.51178
0 566.638794 586.265137 110.364136 98.491943
0 47.615959 611.33606 69.10228 57.327942
0 561.686523 40.274403 152.855835 76.416725
0 612.376648 468.746918 54.033203 58.197327
0 572.826843 231.148621 134.346313 159.746704
0 295.404022 135.405884 30.232788 23.808594
0 287.068726 287.536682 74.478882 67.287918
0 51.514427 63.622635 33.52187 29.111057
0 72.786209 24.184689 36.280716 32.467323
0 104.858139 371.604919 26.79306 25.570618
0 409.483063 178.041428 69.317322 59.743042
0 13.969009 182.633469 25.626816 22.690552
0 492.78479 550.534119 22.907715 20.977783
0 154.090515 195.223755 110.596313 97.012939
0 529.003296 153.340149 21.5177 19.583496
0 242.815063 45.564484 22.506714 20.99044
0 42.899193 508.322327 38.077759 33.245728
0 425.803711 47.677567 46.610474 45.429356
0 124.396439 284.868073 78.948059 73.514648
0 130.378342 167.13176 95.230164 79.641357
0 27.325071 473.107239 53.999966 47.834473
0 17.669781 87.772728 21.946709 20.834976
0 523.595581 612.447449 139.513794 55.105103
0 264.992645 620.103516 22.287735 21.12561
0 257.026764 319.352966 20.534424 18.159729
0 234.395523 433.006744 20.479401 19.264343
0 83.598099 213.8992 57.659897 51.80014
0 334.576721 120.447327 63.017944 55.692696
0 429.33606 58.34959 35.134094 29.872826
0 76.868423 585.591187 31.248203 28.141846
0 312.262054 31.473835 22.317871 19.364975
0 450.665649 516.892883 16.076111 15.576813
0 535.899597 430.069214 19.044678 18.156128
0 154.227493 332.451996 53.062538 49.038086
0 614.549255 106.500031 36.983276 30.897064
0 340.571869 275.350555 40.316895 35.791687
0 633.006714 330.135406 13.986572 20.100525
0 54.578125 405.12561 97.570435 87.69812
0 422.005646 35.620499 27.300354 25.781588
0 356.403107 601.772705 18.872437 17.750854
0 340.528229 9.405704 29.563965 18.811407
0 514.964478 633.856812 18.878906 11.988403
0 41.370079 181.902069 21.914413 18.124451
