0 94.07048 422.85321 163.195587 141.179993
0 190.055023 347.172058 123.863464 106.910522
0 367.76355 313.004913 131.216431 124.741959
0 211.137482 179.607819 120.665848 101.820526
0 539.306396 57.299973 56.976318 51.195404
0 298.78949 170.824753 38.984253 37.84494
0 456.190613 414.361481 34.821472 31.175659
0 380.211975 528.461365 56.614075 54.084595
0 465.054565 131.959427 40.099854 36.688263
0 144.809891 24.618351 67.353737 49.236702
0 412.861084 178.719162 26.556458 25.011444
0 51.249489 589.202026 102.498978 101.595947
0 38.227982 290.879456 30.775078 28.608276
0 484.157379 484.53717 39.910156 36.363159
0 437.483185 15.563762 75.71167 31.127523
0 494.421661 100.681557 57.133118 48.348953
0 380.900208 274.322113 125.488098 107.229187
0 254.281693 378.219482 43.721954 40.954895
0 375.105103 73.804619 48.531494 42.350937
0 552.712952 21.920004 161.449097 43.840008
0 581.441101 611.82605 33.550049 30.524658
0 553.516846 174.40036 40.445801 35.995117
0 445.853058 392.643463 29.628845 25.317688
0 183.455978 398.39386 38.839478 39.632751
0 103.570679 147.988022 87.033073 70.821381
0 382.355774 141.519104 21.216431 21.452942
0 569.906982 445.558289 63.140625 59.224609
0 510.375671 388.560364 30.333618 25.316284
0 548.91272 311.446411 21.579956 20.895752
0 499.219421 324.510284 21.411743 19.942993
0 79.404129 270.10556 23.394821 21.897217
0 495.519958 235.10878 31.599365 29.734344
0 421.194244 615.364075 32.302002 28.522339
0 77.659142 549.284302 21.867935 21.396484
0 81.618813 73.521568 18.755249 20.334064
0 116.422821 505.149719 40.78698 38.855927
0 95.928551 418.444 18.468597 16.540894
0 526.467651 129.079117 32.309418 29.132599
0 493.919617 58.287926 25.166931 21.316708
0 139.117065 246.721863 30.055901 28.37941
0 89.52655 480.866119 38.293991 37.743347
0 589.49054 104.393692 101.018921 179.92041
0 621.055481 625.427246 37.493652 29.145508
0 436.730713 582.433472 18.860413 17.879395
0 622.227844 476.154327 32.689209 31.789917
0 476.362061 21.221664 29.976135 23.187195
0 468.10202 229.190201 22.160095 20.237305
0 566.547791 463.287842 97.217041 99.936005
