0 477.03595 186.998138 166.814697 148.23262
0 288.597778 402.851166 62.370056 53.836487
0 318.309204 463.702209 98.46521 87.952087
0 556.14209 411.098145 30.521851 26.995544
0 121.565018 81.812302 35.252655 34.143494
0 13.776087 152.094284 27.552174 23.07724
0 457.082886 225.253433 23.708923 20.47998
0 614.728943 532.755615 35.186646 32.965332
0 167.085312 287.046082 24.92627 20.539856
0 164.841187 619.739258 44.657532 37.896362
0 111.856781 287.211395 24.567444 21.413696
0 400.153595 244.476212 22.636536 21.158966
0 440.458405 513.559814 29.664368 25.773468
0 374.819244 233.910904 23.495483 20.71814
0 287.898621 487.160492 44.479492 40.61261
0 154.154984 58.45932 64.055504 57.337521
0 66.722534 189.199768 34.111343 30.607361
0 79.547699 54.816555 21.598862 19.762611
0 244.596466 374.662933 23.042282 21.124084
0 74.151344 36.354507 132.07164 72.709015
0 460.712646 7.584187 24.901062 15.168374
0 229.222641 506.476196 67.043182 63.563446
0 98.830383 217.903061 41.247498 40.195923
0 96.910355 133.602005 26.024979 22.206108
