0 411.813507 509.142578 31.559326 26.847809
0 342.765411 175.195312 26.601929 25.219543
0 264.075195 559.735901 35.978638 33.272827
0 62.460152 309.262085 124.920303 172.071228
0 276.369446 443.529053 22.896545 19.624573
0 355.292969 247.505753 58.107605 48.00296
0 91.815598 634.574097 22.463837 10.711304
0 581.436523 515.83551 21.647705 20.565887
0 310.348114 524.648987 76.088196 72.072113
0 457.728821 319.636566 16.017456 15.492493
0 431.673248 457.637787 37.432251 36.792358
0 159.892029 498.900269 282.743774 282.199493
