0 398.509491 282.084747 71.176086 63.600891
0 570.626831 407.498535 138.746338 138.384399
0 246.035706 207.754608 32.657639 30.606262
0 242.157959 136.092285 42.270935 38.171875
0 569.404602 222.936432 29.535889 26.111633
0 469.833618 361.324463 26.945068 24.19458
0 426.126709 370.559509 26.329224 24.293701
0 321.538147 418.964844 52.975464 47.914978
0 562.702698 615.160217 22.003784 20.189575
0 366.950287 570.62677 98.639771 81.82605
0 517.414307 24.305969 37.362305 33.7808
0 512.110168 472.56427 89.400757 81.701813
0 66.570084 235.599213 131.472626 239.611511
0 195.309067 380.813446 32.560608 27.451904
0 291.285309 499.162659 53.252136 49.614014
0 130.828094 351.731964 29.346436 27.048706
0 571.045593 630.61377 19.558472 18.605957
0 551.03595 255.523132 96.3125 75.896118
0 277.679657 131.590042 32.416199 30.239075
0 253.757874 444.809753 111.761658 94.592834
0 305.818512 604.580139 22.296936 19.981567
0 452.096161 144.436874 25.406372 22.121307
0 352.7323 367.172699 118.950806 85.531555
0 458.84137 97.954895 89.805664 81.653252
0 380.004974 492.439423 27.937012 26.859131
0 163.58992 362.980042 39.299255 37.881836
0 470.928619 227.303741 82.278748 75.586594
0 85.131165 628.557007 24.536163 20.42041
0 178.726471 181.293442 29.373535 29.522583
0 371.631256 85.884308 69.008545 57.412064
0 347.131104 53.500847 129.875244 98.462143
0 71.840523 348.040771 18.460754 17.050415
0 71.368164 420.551636 89.746155 76.515076
0 259.914246 604.688904 20.609924 17.582886
0 452.353333 504.689758 40.391541 33.752594
0 502.97644 331.653259 67.2677 59.947937
0 187.447693 212.021698 19.490845 18.08728
