0 136.710556 558.897278 85.578636 79.236816
0 413.918243 167.719406 28.619141 26.013458
0 342.856995 16.620903 36.330444 31.531891
0 55.103798 19.75539 27.30954 26.114532
0 486.532257 314.187897 27.545105 24.960083
0 258.201599 591.181824 258.391968 97.180908
0 65.080925 134.020813 21.417938 21.526527
0 484.007996 584.544739 25.163269 22.700317
0 229.287827 40.794933 46.96759 43.725327
0 312.88739 85.082848 22.105652 22.749161
0 584.17926 20.888859 21.339966 20.088791
0 626.225464 125.315132 20.980347 19.036362
0 474.523987 294.513855 22.915039 20.850098
0 123.937637 314.524048 26.6203 24.751221
0 564.423218 254.77092 19.155884 17.688812
0 409.809601 5.283748 30.380249 10.567495
0 472.895691 611.615906 21.13147 20.217163
0 107.716461 105.571877 215.432922 211.143753
0 397.992126 206.114929 117.264099 100.73317
0 632.376221 11.464779 15.247498 21.552757
0 574.004089 461.759857 21.072876 19.911621
0 157.425217 40.553925 23.096069 22.092964
0 438.499725 444.844513 17.935791 17.397339
0 532.057434 436.283569 30.751343 28.527649
0 273.878937 491.457886 181.098511 161.485748
0 496.085663 358.696014 21.236206 19.683716
0 16.406864 401.145966 31.547903 31.677002
0 129.317215 85.547356 19.311371 18.308182
