0 551.148071 587.687256 44.228882 40.295166
0 468.038666 132.058044 42.30365 38.304962
0 199.039993 43.850979 29.152863 26.190193
0 621.401611 435.060455 37.196777 47.789062
0 365.023529 222.701324 32.658752 29.267151
0 188.609604 579.168335 34.265503 31.910522
0 556.369629 537.4729 33.707031 30.772339
0 216.51181 157.604813 22.838318 21.47998
0 11.720875 262.663849 21.704453 21.503357
0 386.964325 410.181274 25.999329 24.689392
0 60.110588 37.358582 95.52095 74.717163
0 383.487549 585.663879 159.456604 108.672241
0 14.620943 622.807434 24.137676 23.992065
0 618.377808 173.668045 27.471558 24.165192
0 155.281174 400.746857 19.372833 19.306396
0 537.294739 42.903172 21.207886 19.799362
0 405.893097 207.709854 87.7771 88.020416
0 90.884033 149.44017 18.964142 17.47821
0 47.545673 218.635742 20.052299 19.082428
0 549.720581 297.554077 167.317627 146.081909
0 147.31636 339.775238 48.60614 45.556396
0 436.08551 412.607605 52.191833 45.641968
0 44.85968 354.264954 21.412079 20.070984
0 257.035004 58.37965 35.538574 33.396782
0 622.651794 334.542816 27.441772 25.561035
0 264.057068 143.576462 214.520325 175.341919
0 607.979187 240.411346 28.241821 25.239441
0 616.422363 130.133499 25.204224 23.534058
0 417.378754 452.128815 32.70166 30.313049
0 372.103577 335.923065 17.992432 17.757568
0 318.713623 185.059982 27.198853 24.375854
0 105.908768 329.02771 35.240082 31.162842
0 619.4021 626.176697 38.696045 27.646606
0 206.459885 75.101944 20.965637 18.029694
0 467.354797 68.858086 28.778809 26.968109
0 162.816727 264.060516 20.375183 18.09761
0 245.289413 312.248016 204.394989 200.313034
0 328.994232 9.801663 37.544434 19.603327
0 580.73999 173.058456 118.519958 143.557556
0 135.229294 442.934021 46.337311 47.199646
0 496.727417 210.556625 29.07959 27.154144
0 63.582691 537.616638 22.196648 20.753784
0 312.866455 257.818176 66.666443 57.864517
0 88.39978 493.254669 172.798065 154.836975
0 569.886292 504.805542 36.598633 35.21994
0 269.020874 501.177002 213.299194 239.377563
0 437.510498 568.505554 23.118713 18.4552
0 297.154724 59.900517 27.413452 25.995476
0 20.968601 241.626953 21.432281 20.287476
0 169.040329 279.381897 16.70047 17.070251
0 397.940277 333.414062 147.453735 136.234619
0 431.848114 54.780052 17.534729 15.655807
0 118.125168 49.043724 158.305267 93.824234
0 634.468323 22.728228 10.552979 23.174847
0 134.668503 422.883789 39.833893 35.005188
0 103.604561 354.83429 49.867172 42.875305
0 251.520554 234.9086 38.581024 36.974274
0 451.509125 247.324158 19.91803 17.835159
0 290.840332 451.087219 151.28949 131.906738
0 631.10437 104.672958 16.796143 23.511673
0 476.836456 38.261692 16.334839 16.147385
0 173.447159 548.40564 16.563263 17.366577
0 28.685333 634.6922 17.380066 10.563477
