0 405.481018 491.500977 81.070374 77.163086
0 464.829681 601.525757 112.4776 76.948425
0 500.413147 330.009857 34.294556 30.682617
0 246.613373 521.233582 70.754211 62.874023
0 299.140686 304.310394 38.375671 36.545349
0 401.305389 579.847717 53.472595 49.976929
0 110.885666 251.962158 34.82312 32.867676
0 98.173035 543.247192 136.542694 109.654266
0 185.929932 18.621445 53.480621 36.691193
0 144.719208 467.550873 46.396393 46.352539
0 298.353394 85.636429 22.702576 21.969543
0 179.412094 507.793152 55.401398 43.839142
0 108.732513 448.482208 45.354973 45.453064
0 75.495522 234.998932 46.940674 38.293335
0 307.033691 567.833252 59.416748 51.541138
0 487.424377 589.365479 23.403992 24.170166
0 154.569855 350.221527 41.840393 37.79657
0 367.089813 381.04361 28.041077 25.22052
0 101.986458 321.824738 69.19725 60.625183
0 343.303223 420.004822 40.050659 33.851074
0 86.683197 607.097656 140.335083 65.804688
0 286.889038 475.104553 89.174911 81.362793
0 193.654877 538.307617 49.124695 39.217285
0 205.209274 481.940704 23.151581 21.017456
0 466.986938 62.617027 308.134644 125.234055
0 23.2197 241.621002 35.995934 30.062561
0 316.894073 372.927704 29.306274 27.548523
0 416.457733 591.365784 75.798035 60.573853
0 254.453705 566.282471 34.167603 30.559448
0 383.869171 440.031158 31.287231 26.909302
0 47.261719 245.481918 22.909676 21.63974
0 149.437561 253.275116 28.002319 25.179764
0 50.166847 280.186523 37.021317 32.930359
0 307.271484 478.734192 40.851624 36.726501
0 205.39563 235.960327 89.371765 79.784973
0 138.096222 409.548401 43.535896 39.21582
0 319.627472 510.040466 21.281372 19.564819
0 128.970047 627.314026 60.931007 24.526123
0 103.446762 30.162003 133.507721 59.241577
0 178.419952 634.12146 19.077942 11.757019
