0 186.606171 489.13916 226.005173 208.99942
0 283.663147 338.807465 200.574219 187.471741
0 42.708954 121.353867 85.417908 105.608459
0 419.389893 560.247437 219.425537 159.505096
0 105.471664 259.445679 210.596527 230.563843
0 230.2966 22.662594 28.06369 25.271477
0 428.68631 49.519852 31.649414 28.808022
0 532.945679 258.565826 26.012085 24.178467
0 244.041748 149.946823 27.291763 24.043732
0 570.218567 550.770203 23.603638 23.806396
0 12.16744 550.586792 21.424809 66.782959
0 562.212769 509.277222 20.930298 21.262726
0 180.017776 273.620789 24.44516 23.53418
0 364.830994 397.297211 36.603333 34.664429
0 560.580261 532.615662 20.341919 19.551636
0 582.044189 587.027344 115.911682 105.945312
0 137.925293 623.621216 97.055328 31.633667
0 490.302917 100.310608 280.876373 200.621216
0 66.470596 587.361206 131.713776 105.277527
0 591.259277 264.990143 97.31189 243.660599
0 496.918243 372.603821 206.559265 187.858887
