0 296.316132 536.044495 197.230042 184.352875
0 281.295074 210.355682 33.089905 32.14447
0 243.911804 33.939911 27.067001 25.161095
0 461.118073 226.893768 27.396179 25.348846
0 159.917175 582.93396 33.610748 31.530396
0 295.599182 129.595428 26.352295 25.038513
0 472.420776 538.398132 25.66449 24.914062
0 154.776505 189.857971 26.145569 22.686432
0 603.215027 185.58757 25.375977 23.493286
0 120.664963 548.606995 23.848793 22.074585
0 78.952278 348.579437 24.339462 22.175476
0 362.084167 205.411682 22.884399 21.138794
0 634.332581 124.768967 10.861572 28.840965
0 341.37677 56.721764 22.735046 21.047379
0 172.968842 77.850952 21.189178 20.981613
0 302.305206 276.498596 25.055542 23.927673
0 150.344864 620.061096 19.558594 18.529053
0 92.350929 449.483856 25.046127 20.399414
0 113.525238 529.985046 21.502884 19.33252
0 180.227356 159.655472 22.419525 19.316162
0 259.963989 633.636108 26.839951 12.727844
0 608.358521 525.458862 24.840088 24.031738
0 539.399963 389.136047 30.905029 30.180908
0 307.808105 67.519081 21.038269 17.712864
0 87.396973 8.548983 30.366547 17.097965
0 389.971344 371.255341 21.070251 19.552856
0 619.519897 580.483643 20.034912 17.275391
0 555.821472 572.082642 19.837769 18.461304
0 61.723637 246.134811 117.501518 112.875946
0 380.226685 625.489624 20.230652 16.395508
0 613.459167 449.267303 23.062744 18.753784
