0 120.75943 561.809814 177.475525 149.875244
0 267.128845 308.689667 30.501404 27.311401
0 476.877777 316.71814 36.132568 33.359009
0 611.197144 293.659698 42.600952 37.550232
0 388.784241 565.03717 27.709717 25.244507
0 143.814896 415.374481 40.272194 36.478821
0 378.994507 270.042755 45.419312 40.505005
0 520.975586 36.711044 236.289673 65.249237
0 92.98761 138.165802 185.97522 241.787842
0 341.050232 344.374725 28.145447 25.171021
0 84.046318 250.158112 64.132675 56.032639
0 518.298218 108.920288 23.758209 20.821854
0 433.247864 86.415031 23.703369 22.643402
0 152.740997 6.200014 29.347107 12.400027
0 406.655975 287.961884 24.409119 22.291931
0 573.014526 193.372162 115.683105 97.257202
0 385.153107 411.60672 21.423462 18.315918
0 361.960907 538.128601 22.931946 20.09314
0 554.087585 598.236023 53.880127 47.111572
0 274.199738 582.146118 25.854492 24.113159
0 424.682159 13.54229 30.543884 25.799545
0 348.139618 453.357483 18.904663 17.429626
0 164.040634 42.384789 86.94281 79.837723
0 412.25708 327.00412 35.409729 32.833191
0 611.584778 122.538193 53.876221 64.28495
0 363.637482 27.75622 111.230835 55.51244
0 251.189789 575.512634 21.526962 19.435181
0 385.581696 208.975143 39.186157 39.006592
0 340.178345 100.173035 166.570557 131.069031
0 155.762878 256.311951 21.196716 19.681412
0 184.605057 315.121857 23.057495 21.493408
0 396.189636 447.212067 24.840149 22.121338
0 214.900055 168.609863 64.102386 63.31369
0 534.281982 411.326904 25.148315 22.310913
0 591.059082 402.831573 86.594727 75.955139
0 67.103577 341.929443 134.207153 159.970276
