0 398.969757 576.500793 53.774597 54.212402
0 365.438232 74.929489 194.045227 149.858978
0 579.632446 54.580658 120.024658 108.577576
0 261.202271 82.590996 38.085388 38.357422
0 97.152557 52.037846 35.709213 35.511543
0 574.737183 154.028152 70.806152 80.360497
0 500.41626 54.91518 47.549591 43.292931
0 56.557304 274.411713 33.374435 30.83313
0 150.254349 16.315365 51.447174 32.63073
0 564.012268 327.741455 46.361328 42.374817
0 108.705887 293.509583 40.255638 34.395081
0 19.426249 165.038315 29.617954 28.02832
0 14.226355 407.354645 28.452709 37.325928
0 38.622028 218.329254 56.991829 52.345795
0 206.378632 301.794891 17.346527 16.855347
0 358.484985 602.702515 107.934631 74.594971
0 360.721558 155.595505 25.755005 24.217072
0 518.210938 236.538239 33.728119 30.035309
0 356.430817 25.109131 52.672302 45.393204
0 332.613159 303.74408 29.064392 26.473877
0 160.579071 338.871124 41.55658 37.784058
0 595.729004 241.857086 88.541992 132.308884
0 250.465485 593.022522 124.005127 93.45874
0 439.919159 614.18158 65.082275 50.70813
0 378.49234 381.108673 28.889404 28.960327
0 366.191742 554.125854 235.383362 171.748322
0 406.738525 15.232153 20.936157 19.487385
0 228.260529 238.615372 41.144318 34.482605
0 165.400909 249.18808 84.595528 85.101425
0 165.578018 191.587341 17.092316 17.006744
0 391.07782 355.483612 34.231873 30.871826
0 617.428833 127.651947 45.142334 99.010994
0 521.126221 353.185577 18.385986 17.185913
0 635.91394 440.71225 6.416992 23.498291
0 61.377186 585.971008 47.079475 40.787964
0 263.356018 615.004517 108.715881 49.990967
