0 318.626709 510.280365 188.438782 169.555237
0 139.471725 572.975891 30.560028 24.995239
0 437.944946 106.100159 32.813293 28.274719
0 507.45105 12.616859 51.631836 24.16993
0 163.385162 530.271057 25.061279 22.347168
0 630.000305 137.836212 19.99939 22.539642
0 417.586304 123.098801 20.752625 18.71949
0 408.686584 587.039612 21.418945 19.630493
0 150.096954 244.524017 204.859009 168.69989
0 214.529831 146.173874 23.550323 22.114441
0 567.705811 520.181885 20.215088 18.688934
0 196.614334 338.900665 36.015717 29.863098
0 375.374878 44.325916 22.958008 21.696678
0 71.153091 378.257629 20.752796 18.569214
0 467.09433 103.472565 24.035889 22.790375
0 549.334229 26.315224 22.721436 20.812635
0 11.590132 236.778687 23.149387 48.060364
0 291.942719 614.200867 22.383545 21.303589
0 230.158295 311.761871 35.187714 32.21582
0 200.321365 498.860168 47.119415 41.059448
0 361.022095 137.821304 19.874878 16.894806
0 285.815247 65.343567 30.738098 25.265289
0 250.87146 7.843968 18.310623 14.89773
0 86.615448 63.768738 21.231415 19.662338
0 260.322876 330.877045 44.155579 38.744873
0 309.215881 203.381577 39.567932 37.067902
0 467.296478 419.562805 34.387085 31.619141
0 232.405899 528.182983 39.764313 38.568848
0 251.986038 116.19339 150.443329 109.398834
0 567.108215 128.23674 45.879517 41.077034
0 40.425232 268.894104 27.770271 23.734802
