0 568.239746 592.687317 90.266724 78.165527
0 492.045166 101.189087 73.711212 64.093811
0 93.473633 602.487366 114.835327 73.298218
0 556.811523 324.414948 74.766113 67.336121
0 468.861755 513.358337 52.884155 47.23172
0 553.117676 376.607819 62.610596 53.433716
0 79.385864 287.518585 151.159363 175.590393
0 629.269653 411.679474 21.460754 22.658813
0 144.735458 396.189697 48.439056 41.724365
0 598.812744 185.374924 43.013428 34.905457
0 615.817322 524.826721 24.489746 21.969727
0 425.390717 86.537674 30.57843 25.737122
0 293.413116 535.858398 31.482971 27.07959
0 186.534424 229.986206 319.791626 314.532837
0 543.479065 296.038757 25.061523 21.661011
0 622.09552 157.242828 34.513916 36.61615
0 440.821442 100.289429 27.708496 25.411407
0 484.635345 266.027435 45.470398 39.642822
0 238.719543 489.982727 22.922607 20.327271
0 628.198364 215.74295 22.055176 96.674088
0 466.591888 601.694946 48.524231 40.105957
0 315.46109 599.419739 28.174927 24.065918
0 390.669739 573.118103 40.039612 35.638794
0 429.184875 26.65118 184.924316 53.302361
0 450.055542 439.947327 44.317322 37.240784
0 410.463257 601.107178 20.826721 20.18457
0 372.390961 625.550903 39.057434 27.075439
0 506.691528 535.641296 23.694092 19.701172
0 311.944031 383.834747 291.803955 209.850891
0 396.520081 43.737576 63.661377 51.634087
0 432.485809 93.413452 35.241882 31.549316
0 347.553558 594.520813 25.359375 22.28186
0 610.600586 611.655884 17.263184 16.020142
0 131.519485 7.481133 20.125847 14.874065
0 161.111115 281.052979 20.858734 18.417969
0 278.374481 603.915955 33.724182 32.728394
0 495.74057 396.444092 19.584717 17.648987
0 410.30722 45.368668 36.87146 34.238602
0 143.651001 175.354706 19.337067 18.780304
0 430.514496 550.201233 19.940796 16.980103
0 428.309235 529.633301 31.970825 28.482788
0 91.957581 463.458466 183.915161 274.967468
