0 245.423065 420.89502 145.214905 115.07782
0 482.342621 232.281082 181.855652 164.923798
0 20.62742 216.75473 41.254841 45.15976
0 59.232506 542.402954 105.7715 93.564545
0 376.483154 362.487305 129.942505 108.769409
0 372.355438 312.893677 44.012329 37.668579
0 547.482117 317.609253 28.006348 23.682129
0 352.415649 79.607162 163.58252 143.59549
0 541.19104 40.88028 197.617859 77.565308
0 430.540192 288.515778 44.055298 38.490479
0 288.203278 189.764404 64.318542 53.277588
0 240.010986 353.753571 64.819077 55.003113
0 29.543888 462.696869 56.94265 142.873596
0 270.965546 333.8638 26.542297 26.046997
0 188.380371 241.887543 41.530212 36.733414
0 226.579086 580.559387 21.998535 20.054443
0 361.033295 214.634766 21.030457 20.026672
0 390.073456 133.843811 55.686157 54.228607
0 40.046898 598.405823 24.842087 23.321289
0 173.130356 460.996368 35.467621 29.7276
0 610.668213 518.727417 21.924438 19.032593
0 463.87442 234.216873 22.087219 23.705444
0 179.957901 363.443512 54.273499 48.327698
0 369.348511 456.331757 19.209778 18.039673
0 341.890167 545.348938 23.083862 19.6604
0 203.754593 290.068695 95.514679 86.968689
0 246.440918 627.56366 40.992325 24.046875
0 147.051178 336.598755 29.582947 24.59259
0 229.538361 620.229736 80.428101 39.540588
0 14.488447 342.662384 28.584797 31.884155
0 602.873779 190.585266 74.252441 141.347397
0 240.494934 333.0 40.495789 34.634583
0 300.210022 592.652832 23.127991 20.559692
0 402.408142 477.082458 18.761047 17.129944
0 329.54425 226.474121 19.010498 16.065155
0 472.129486 235.455444 68.090698 55.290848
0 229.953003 84.037567 92.157104 80.667236
0 268.209381 23.604866 42.020828 34.275925
