0 295.000916 307.426056 29.10321 27.10553
0 352.670044 193.611481 27.159973 24.835785
0 201.866959 604.259338 24.471008 24.226196
0 324.230743 412.011078 25.143494 21.997498
0 545.664124 252.104095 35.371582 29.744751
0 276.713745 356.581726 22.711853 20.573181
0 199.673553 182.430313 56.972748 51.350403
0 440.233978 529.786682 26.247986 24.698242
0 514.048584 399.714539 21.561768 19.544495
0 542.668884 310.894379 22.396973 21.797546
0 103.745995 10.060481 29.907242 20.120962
0 521.484131 59.546471 34.82666 33.956745
0 333.632355 22.07572 20.682373 19.780186
0 243.61734 93.586014 25.268753 21.692017
0 73.471878 55.615845 19.779541 18.782776
0 18.039173 257.82489 36.078346 42.300552
0 633.090454 510.492126 13.819031 22.389435
0 499.344208 385.796692 22.698303 18.493164
