0 259.786987 399.484619 34.444138 30.767273
0 246.381866 470.500153 31.371048 28.520447
0 375.885406 567.016113 40.117493 37.496338
0 600.92334 204.653702 48.936401 46.41095
0 213.042801 614.950012 34.699341 28.807739
0 308.179291 526.771362 29.540283 27.590454
0 33.220963 70.894234 20.080978 19.943329
0 539.327087 107.004128 26.599365 24.369705
0 577.186584 42.478474 117.646118 80.622581
0 381.879669 350.227081 24.335693 22.401428
0 153.728592 475.039703 24.014313 22.352539
0 262.993073 426.812836 22.136673 21.452026
0 12.434681 145.643066 23.756355 23.874451
0 578.017761 438.079346 123.525146 276.26001
0 260.548187 292.012939 19.347 17.519348
0 629.64209 192.675903 20.71582 22.63147
0 9.655676 314.086426 18.680489 20.337769
0 99.816467 530.572998 20.651733 18.067871
0 120.655258 389.292969 19.324608 17.986511
0 266.929169 171.814346 22.689163 23.381714
0 34.679916 53.612141 18.542244 14.829437
0 518.546265 629.266296 22.340088 17.801514
0 530.075562 578.078003 155.891113 123.843994
0 300.800903 581.483337 26.898621 23.394897
