0 185.617691 21.510563 58.454468 43.021126
0 470.690674 627.152405 42.713806 23.941772
0 195.107849 325.714325 55.665131 52.568176
0 134.808319 599.034851 28.805328 25.403931
0 73.172081 569.634033 62.328663 57.845093
0 68.207497 351.839539 36.937149 34.403687
0 166.235535 417.503235 46.912292 43.501831
0 437.377106 605.897034 51.434875 48.778076
0 154.468033 524.155762 65.560211 58.447998
0 251.815765 158.944641 35.869446 32.20636
0 541.375671 38.201443 43.015381 37.03846
0 235.04895 613.325806 65.187088 53.348389
0 71.684769 33.255657 49.963867 46.969025
0 44.356804 292.966644 80.646591 82.325928
0 541.912598 520.950134 55.656128 51.259918
0 31.729458 230.665421 44.159554 41.081299
0 304.397644 634.807007 19.761414 10.20105
0 259.315582 319.696075 32.202515 29.14502
0 57.035851 613.222046 32.377949 31.255249
0 370.315674 178.233536 45.537415 42.486267
0 312.224365 609.233948 57.694458 49.032471
0 563.829651 384.775085 46.149414 40.451416
0 78.907387 433.455658 36.6259 33.592163
0 302.336731 376.424316 45.834839 41.996155
0 98.527954 516.016541 24.42038 21.07373
0 588.920349 75.110603 24.51062 22.046143
0 116.680855 227.928665 20.955048 19.355988
0 39.41243 456.173431 54.789371 50.304138
0 608.364746 177.487518 23.773926 21.310974
