0 56.286461 293.754395 44.726059 42.094055
0 477.298798 412.72406 38.369324 35.735718
0 184.92868 351.168457 31.590149 28.506226
0 260.709167 69.313507 32.61969 29.376053
0 19.151577 347.196686 38.303154 37.018921
0 83.500595 559.483521 27.332962 25.034424
0 169.938583 181.364792 34.51767 31.495972
0 17.875881 232.135162 35.387032 40.719513
0 531.454895 90.923294 55.851288 46.883438
0 33.94014 452.226746 25.032578 23.079651
0 354.222046 315.418091 52.146851 47.460999
0 379.258331 194.332062 27.332336 27.003784
0 571.119324 133.679352 21.382324 20.61322
0 237.70015 168.71933 46.067657 46.253876
0 630.228638 410.157318 19.368652 19.55542
0 383.431549 247.88858 57.193542 53.237167
0 282.700562 352.477356 22.066284 21.10376
0 602.511963 281.462097 20.165894 17.075928
0 628.82373 537.633545 22.352539 29.933105
0 141.100342 123.753235 22.583038 19.936768
0 540.398071 578.431824 39.294434 37.340332
0 602.472961 406.239075 22.539307 19.982361
0 108.773994 212.142975 26.798569 24.535034
0 11.908655 465.93573 22.085011 21.599548
0 530.237671 451.939056 44.959259 37.888733
0 142.299606 525.226624 63.205261 56.195648
0 6.127133 628.296997 11.307035 23.406067
0 238.481262 605.476379 47.05101 45.203247
0 344.028259 364.752747 69.83429 65.394287
0 145.248276 85.832268 35.65374 33.64653
0 14.784859 137.571259 29.569717 33.301575
