0 541.359863 346.69516 111.208405 90.876526
0 502.813721 260.075134 51.02951 48.482178
0 538.549011 285.934265 35.413086 31.759094
0 419.007263 325.045135 29.380554 25.664795
0 547.085083 227.801453 35.394653 33.211426
0 268.472351 432.951935 28.5224 24.819031
0 20.443741 376.009125 29.704781 27.584106
0 206.429581 466.225372 27.54303 26.073914
0 614.568909 22.832893 26.917236 23.868034
0 497.372192 311.594543 35.935822 31.804016
0 458.194336 337.87915 27.832825 24.929016
0 366.643219 299.475464 25.123657 21.651367
0 152.220581 357.775635 21.818146 20.532043
0 345.382355 14.230867 26.194824 23.163849
0 335.880219 333.596924 23.586731 19.900574
0 512.817444 30.222157 23.049042 22.287514
0 519.921509 54.991173 22.980072 23.570541
0 598.926086 493.428558 82.147827 201.646301
0 322.657562 383.659302 21.459167 19.122437
0 270.363373 189.481415 21.993713 19.167175
0 380.635406 121.81514 18.026306 16.348175
0 468.309448 102.949471 21.868164 17.72963
0 598.267761 631.041687 37.028931 17.203003
0 530.316956 124.410736 23.772705 19.686882
