0 163.364822 365.83139 77.03714 73.427307
0 247.388306 82.637939 102.9422 93.861481
0 484.948547 523.9375 83.231537 82.502197
0 326.851501 504.092468 94.158386 89.436432
0 608.071045 210.398682 30.985352 29.335571
0 229.474411 299.585083 37.272125 35.93042
0 123.567093 119.815826 40.125771 38.698975
0 440.064789 265.086182 50.476318 46.87944
0 584.243408 112.952759 86.325317 82.228821
0 95.752121 225.901291 118.879311 124.485565
0 552.734436 216.317871 31.028442 29.974274
0 313.468201 619.481812 57.740906 41.036377
0 486.59671 16.934605 37.22699 33.48333
0 268.377472 434.209717 32.689743 27.852722
0 227.923477 147.314972 31.589447 27.672791
0 233.343735 523.828125 24.490509 24.568359
0 341.644012 596.338562 34.950134 30.976807
0 146.352554 79.585518 32.339813 28.666428
0 547.532043 257.782837 21.821411 21.367004
0 367.774475 383.491425 22.348572 20.739746
0 527.398804 469.880737 26.460083 24.457947
0 290.375336 222.360168 25.155212 22.619812
0 434.222595 224.701859 46.544189 41.234253
0 550.339172 167.731171 51.127441 48.902832
0 527.477722 467.101807 143.315582 117.062836
0 444.557068 418.959534 21.332581 19.390808
0 61.666557 113.103798 41.197098 38.330734
0 341.005341 575.990784 24.313171 21.988647
0 627.747375 526.428223 24.505249 28.948334
0 590.746887 24.675304 32.957642 29.815071
0 629.316467 40.370819 19.302368 21.789513
0 560.304688 607.394714 23.665039 23.268188
0 500.19516 190.0177 17.667969 16.134003
0 360.729614 313.703491 31.585449 28.810242
0 630.563416 273.112183 18.873169 34.26207
0 473.010712 200.404739 20.541382 18.462219
0 100.640472 80.859261 63.125633 57.774506
0 18.606789 461.344208 21.585732 19.115417
0 516.937073 616.564087 25.65332 22.44397
0 594.270935 247.514252 17.458374 17.289627
0 460.776611 55.717205 24.020142 20.608727
0 384.628632 9.608494 46.6745 19.051571
0 206.928207 416.188904 21.754333 21.097778
0 191.255066 572.140198 18.481201 17.26416
0 542.65741 72.028282 23.481201 21.726719
0 589.543213 581.498291 23.3927 21.337524
0 333.120422 88.91037 29.138672 26.582825
0 15.839657 602.850891 28.078903 22.834961
0 423.419159 315.718506 25.310608 18.63678
0 527.118713 601.082397 25.428589 24.989014
0 239.458008 328.566559 22.57666 21.219788
0 34.788322 233.171783 24.0364 21.995483
0 100.190117 30.13765 116.343124 60.275299
0 552.177795 490.484497 106.95105 97.191681
0 51.112877 394.819641 25.236092 22.192566
0 57.265121 385.889404 28.604488 25.088928
0 412.446198 435.789581 18.884827 17.546143
0 523.240662 460.473511 90.768188 68.423096
0 196.402023 490.537506 45.218903 39.067383
0 622.833679 347.992615 18.180908 18.185974
0 34.841965 27.74416 33.757256 32.292595
0 630.356873 131.836136 19.286255 71.159607
0 196.220123 14.77006 78.716644 29.540119
0 275.049774 601.395264 34.641663 30.178711
0 14.14118 311.816376 21.754383 19.705688
0 529.33606 229.715607 19.872559 18.920715
0 378.814545 98.841927 18.250488 16.141373
0 184.39949 465.558197 22.994019 22.539429
0 341.1315 10.502138 42.203247 21.004276
0 204.86734 137.597214 20.024933 18.527008
0 4.108769 576.45575 8.141775 23.675049
0 4.820566 122.188568 9.641132 19.84771
0 627.235718 76.283722 25.528625 66.623901
0 577.59082 231.560532 20.498047 18.09903
0 199.328415 210.939911 24.22702 21.498596
0 523.742126 157.570786 16.521606 14.914551
0 315.020203 319.060974 17.246887 16.788574
0 258.394989 51.38974 46.888443 41.245651
0 36.192066 66.38591 72.380013 95.391327
0 603.381104 541.495972 34.053711 29.467163
0 4.086346 405.298035 8.106377 25.698425
