0 511.339569 208.525513 118.297791 109.291809
0 157.458817 90.796906 35.282562 34.950653
0 268.548981 133.092972 34.277649 32.251312
0 280.318054 94.78141 63.400162 57.607178
0 188.227554 204.463959 34.412994 34.385864
0 508.068542 69.854416 30.469604 27.440434
0 33.076748 77.135811 66.153496 78.853897
0 589.446045 237.945068 30.945068 27.01947
0 159.220703 132.813217 43.539856 38.924225
0 614.634888 284.188049 46.295044 41.417908
0 589.842834 130.88269 28.039429 25.424736
0 582.003357 273.633209 31.109131 28.360596
0 553.380981 274.824188 29.126587 27.878601
0 509.981903 297.720856 26.318909 23.646118
0 358.637085 166.407684 28.567932 26.835632
0 51.507721 165.188904 28.327961 23.829712
0 71.506935 106.376297 26.904202 25.990234
0 272.838837 211.796631 32.874084 29.333832
0 357.189606 15.155724 26.376404 23.932625
0 109.577087 107.653519 26.730652 25.073898
0 162.149536 293.768219 24.627747 22.406433
0 418.829254 498.201782 290.762268 283.596436
0 186.040573 629.553162 37.876007 19.443848
0 276.020142 355.723053 35.07251 36.141418
0 210.626968 453.33606 25.640228 24.600769
0 439.29364 97.325249 25.866089 24.151688
0 521.811096 381.946808 21.213745 20.526001
0 620.431091 586.968506 24.392212 23.119507
0 322.114014 608.77948 26.042908 24.360962
0 446.469269 396.81842 23.92334 23.150452
0 487.045624 350.794464 51.166565 48.609192
0 410.785278 532.626648 21.064392 20.736206
0 365.877808 65.723999 23.360718 21.792496
0 61.700851 454.951599 22.623821 20.768982
0 606.016296 27.765903 67.967407 55.531807
0 352.325104 218.895477 21.316345 19.811737
0 413.86908 370.736877 22.797363 22.02533
0 405.093384 119.64621 25.504822 23.729187
0 99.795044 212.543961 31.089096 26.441742
0 236.596069 546.547852 32.645477 30.276367
0 337.589905 339.043213 24.067139 21.514893
0 376.848511 629.382629 54.81366 21.122681
0 604.285706 56.261856 60.685669 59.684738
0 65.732353 632.698608 20.039963 14.602783
0 242.972092 168.932465 21.224243 18.618042
0 8.499861 34.079834 16.330441 19.799889
0 327.224609 270.003326 26.914246 22.240845
0 608.809937 510.455109 62.380066 67.023254
0 542.644958 397.834534 38.856201 36.471802
0 350.668579 248.87207 63.500427 56.647934
0 20.000206 529.259155 32.306046 30.027954
0 167.719009 157.841064 28.459106 24.415466
0 200.036102 308.21228 23.940796 23.219849
0 621.491211 67.763168 37.017578 53.023758
0 362.746033 362.798126 21.830627 22.859985
0 596.664551 60.83659 41.29248 38.8955
0 247.889221 21.798573 24.809097 24.12915
0 265.49585 270.660461 72.184631 61.034485
0 519.60376 155.773605 32.163696 27.574615
0 373.707703 25.628328 23.832153 18.695156
0 481.983398 327.032928 19.033997 16.445862
0 562.50531 237.664062 23.463013 20.056671
0 272.263489 600.834473 150.250549 78.331055
0 246.268311 409.552612 32.489639 30.050049
0 214.687332 212.821671 18.064667 16.768158
0 148.455765 240.270966 16.746918 16.02182
0 477.657898 22.210133 21.595154 19.513954
0 496.27182 27.442417 23.45166 24.05368
0 321.429962 173.232468 44.875244 41.330261
0 371.886017 333.640656 32.840088 29.559204
0 319.363281 185.271973 34.586914 27.88147
0 330.128021 333.263306 31.964661 26.586792
0 417.047058 278.47522 36.276855 35.379089
0 24.03133 630.743774 42.179703 17.918945
0 565.87738 433.685211 16.862793 16.926208
0 271.210938 161.643005 19.631287 17.524811
0 139.437241 111.102249 27.54776 24.161362
0 48.444286 193.072037 44.282158 39.01297
0 438.048279 283.5867 96.490662 81.717529
0 505.400879 623.550415 62.276855 32.89917
0 534.130249 485.34082 90.814453 97.2742
0 162.675751 6.131298 17.587891 12.075504
0 11.165422 417.719086 22.124512 34.763611
0 61.972694 33.701584 19.857738 17.442583
0 124.803078 629.405945 41.333908 20.805298
