0 461.336884 317.037537 52.925781 51.33783
0 395.354218 156.367615 29.928528 27.618561
0 142.99852 269.8078 42.951881 39.346375
0 231.647842 529.402405 44.451752 42.772827
0 41.479004 525.488281 65.970001 61.165405
0 52.484535 45.93454 26.53595 24.865875
0 322.749451 629.492615 19.807983 18.803223
0 592.77655 625.74707 27.124634 25.309937
0 545.622681 263.529236 20.05249 18.754639
0 137.567017 170.814346 36.048431 31.779327
0 424.488647 273.407104 21.845886 21.664978
0 327.334534 479.515381 158.920593 146.588501
0 433.000122 69.88295 18.60498 17.926575
0 32.173534 73.866203 59.578682 57.18277
0 31.299599 488.775269 19.562593 17.695679
0 204.934784 245.57106 31.573364 27.68222
0 466.998566 518.92865 38.588989 38.393311
0 565.496399 454.162445 21.744507 20.406616
0 501.836121 520.976929 43.753326 39.558258
0 512.335205 493.259644 17.584717 17.495361
0 27.527653 570.668152 18.915491 16.364868
0 529.260315 481.021057 22.406982 21.120972
