0 406.035309 371.567139 29.379517 25.624817
0 460.90448 395.156708 45.449158 36.575623
0 127.688187 179.88884 26.992912 24.567932
0 276.72406 625.528137 35.02948 28.650391
0 170.156815 219.136932 28.234802 25.506409
0 419.865265 139.555939 29.057251 25.657379
0 231.603088 396.860107 49.939453 41.559509
0 228.419922 83.853127 297.378052 167.706253
0 593.558594 555.946716 28.693604 28.221924
0 446.178833 343.585419 21.513428 20.02124
0 409.195404 473.689728 25.980652 23.025452
0 6.500768 148.425278 12.742216 27.293243
0 482.710541 40.297901 23.299438 20.574778
0 435.34903 240.970047 25.042114 21.829926
0 159.680359 628.118164 59.419556 23.763672
0 573.481018 586.573303 32.553101 30.283569
0 513.855286 408.835022 57.854095 53.883972
0 319.640808 311.701782 22.660583 21.418091
0 379.964569 588.862183 27.21344 24.084229
0 49.449997 24.832684 98.899994 49.665367
0 66.641159 451.973633 21.148804 17.847595
0 421.629456 214.060623 23.386108 21.665161
0 603.854431 516.130859 27.369141 24.349854
0 183.198792 503.680298 44.386078 43.542511
0 632.051147 12.488974 15.897705 24.977947
0 83.591553 617.29303 18.354462 17.12915
0 208.758774 257.019653 344.263031 233.06517
0 366.981323 288.563446 20.24884 18.152527
0 36.693604 554.841125 45.772392 41.894531
0 634.757751 595.570068 9.248413 31.570801
