0 120.871796 444.16153 212.452515 211.774841
0 471.632629 439.550507 30.127869 28.813293
0 494.575958 98.29686 29.21936 26.241425
0 88.135696 112.87973 28.217026 25.829834
0 53.437794 244.004868 30.89846 27.650299
0 178.355545 571.864746 34.058929 31.40332
0 449.65509 623.647705 37.077087 31.760132
0 35.667496 297.189392 31.555916 28.354858
0 467.082977 95.782639 28.563049 25.789627
0 461.873108 49.095894 256.125366 94.669418
0 298.703949 572.088928 45.991516 36.989502
0 540.366089 143.758194 26.004639 24.685303
0 519.587891 552.885986 125.89621 125.828003
0 14.669426 229.931595 19.499062 20.623505
0 102.872238 626.228271 33.877686 27.543518
0 545.693542 423.13446 21.599243 20.673889
0 544.959473 95.465698 21.788452 20.523621
0 56.013031 600.75824 26.04277 24.258789
0 65.748528 276.949646 21.571152 17.90863
0 146.741074 399.595703 24.22937 21.132263
0 632.265747 134.601685 15.468567 32.835541
0 23.545135 120.958237 47.090271 55.988365
0 520.459351 468.974945 49.891998 44.695496
0 56.190674 113.373207 30.307449 26.580795
0 5.05794 245.75856 10.115881 30.310944
0 434.628479 579.164124 34.776245 31.3479
0 26.713299 318.416565 20.701645 19.703979
0 73.013412 203.441101 43.530014 39.363525
0 218.024567 310.004333 122.642029 125.122421
0 487.826752 64.48278 71.018982 59.836166
0 53.883736 151.696915 28.398331 23.728119
0 151.603287 71.819733 241.352875 143.639465
0 452.797119 354.412292 20.606384 17.50647
0 155.813873 594.255676 30.40271 28.415161
0 575.01239 496.790283 30.090576 28.304077
0 397.883636 42.465626 154.187439 84.931252
0 16.932508 196.260895 18.479935 15.612671
