0 587.593201 241.211884 30.436401 27.061432
0 533.242981 362.690979 26.447876 24.961914
0 372.242798 270.2771 35.767456 34.12085
0 105.564499 521.60553 22.657257 22.219452
0 524.427002 274.556763 24.106323 22.987671
0 256.728973 194.432541 20.900391 20.352783
0 352.133911 466.785156 21.903442 21.611572
0 578.535522 329.484833 24.925293 20.505737
0 242.405106 418.937103 20.629517 18.279175
0 455.495361 233.251984 22.989136 21.277924
0 537.453735 618.81311 23.661743 21.793091
0 289.032501 89.216461 26.279358 26.474243
0 230.855911 70.236694 21.310181 20.607422
0 211.29039 515.657288 20.304932 17.599731
0 472.463684 324.540466 22.178711 21.237854
0 299.61084 80.244827 32.145081 30.874939
0 211.849747 242.888931 21.735626 18.260284
0 518.395081 502.031006 20.705444 19.193787
0 471.542816 188.731201 36.862732 35.198853
0 519.39325 156.633163 29.592407 27.482239
