0 372.283264 515.883728 91.537415 84.987061
0 134.010986 317.38089 90.594734 82.83197
0 270.517578 606.274902 29.548538 27.101196
0 70.718193 584.65332 39.81897 37.73877
0 67.027992 484.51413 35.749939 32.880615
0 474.84668 630.102051 26.044678 19.795959
0 591.989258 547.860535 68.114868 62.315308
0 491.300171 128.112137 144.585419 122.487701
0 258.953094 339.739838 29.564743 28.145447
0 375.553894 151.654709 23.630493 22.760742
0 160.848984 602.853333 21.939331 21.032715
0 612.310974 339.62796 53.318359 62.822144
0 441.801666 632.744629 27.109009 14.510742
0 263.874359 584.444153 111.875671 90.738525
0 165.379837 466.082275 39.547699 36.569397
0 122.800865 228.06514 82.164871 76.901337
0 25.62801 321.061646 31.199478 27.938843
0 624.051758 392.677399 24.523926 21.89209
0 295.166046 228.569504 27.078247 26.232635
0 229.380493 207.732239 56.865662 51.565186
0 41.37632 341.564087 26.67943 23.93158
0 184.736801 396.477234 51.650116 46.470703
0 508.264221 555.918213 32.972443 29.187134
0 142.606781 54.264091 285.213562 108.528183
0 484.923523 179.243484 167.942505 160.220612
0 378.242218 223.229767 24.402466 23.493652
0 524.686646 333.004425 24.990601 24.081177
0 531.390442 536.163147 24.778442 22.405762
0 320.858185 550.312744 39.06958 36.549805
0 564.664124 394.219421 107.098877 98.113159
