0 237.338501 404.162079 42.03212 35.278809
0 441.61731 366.773987 186.727753 160.560181
0 344.34494 573.355286 21.575439 21.276855
0 333.057129 204.19339 26.093994 24.709259
0 615.097168 592.560913 41.978027 36.627075
0 470.407593 495.608887 26.784485 22.785645
0 628.290527 293.847717 23.113525 24.496277
0 490.161438 633.687012 24.889954 12.626038
0 620.717773 475.135468 21.817871 19.75293
0 205.056213 377.44397 24.09494 22.752075
0 254.380798 633.130432 17.877991 13.317017
0 350.332825 443.101562 30.774902 27.186584
0 558.86499 622.739136 32.738037 27.44397
0 279.090485 511.358673 20.543091 20.005432
0 541.809937 520.941101 26.803955 23.216309
0 157.149429 363.145172 54.162842 46.50354
0 329.016205 171.451859 21.487793 19.549011
0 396.113159 163.234833 27.007812 24.66275
0 592.86731 228.456467 41.492188 35.733398
