0 317.936523 550.567749 193.000107 171.939484
0 377.714691 227.078201 30.479004 28.297882
0 100.609238 340.045044 28.658813 27.564575
0 344.541565 419.314514 44.885132 41.432007
0 596.398865 494.194214 29.518311 27.216675
0 568.451233 441.557495 28.120605 27.357605
0 205.594879 561.131958 53.40094 49.968506
0 334.500214 190.888351 21.701355 21.656525
0 309.791626 384.70343 57.713745 53.555969
0 234.433029 217.087708 38.431305 36.65274
0 43.689358 9.21034 27.223152 18.420681
0 206.296814 101.527267 59.803223 58.238617
0 70.508621 36.745514 23.106537 21.766266
0 44.517433 341.980377 89.034866 109.460144
0 246.19342 266.000824 48.191833 46.990112
0 13.543322 112.572891 16.961334 17.047012
0 26.283226 200.932968 52.393158 66.573517
0 137.854446 630.40564 20.023048 16.583008
0 277.466217 403.434235 30.580994 27.350586
0 459.208557 617.371094 23.88916 24.916992
0 170.413239 394.449646 31.002014 29.898254
0 34.088047 158.666107 20.532158 20.137054
0 435.3974 626.296265 35.687256 26.555298
0 14.845673 220.656586 29.277191 30.204132
0 25.532646 303.011292 43.687035 40.152771
0 523.414001 292.128906 32.896088 30.473572
0 117.85659 516.959656 21.999893 18.465363
0 363.769684 126.493195 18.160645 17.417915
0 162.736435 323.575287 20.63504 19.886047
0 69.460594 258.977081 25.464191 23.247757
0 46.361507 84.496399 19.16539 18.141998
0 170.909164 86.816536 17.941528 19.50824
0 113.180222 539.281189 71.099731 58.476929
0 466.029968 593.722107 22.700989 20.447144
0 187.494507 250.559662 29.615448 27.561707
0 377.203369 313.137177 21.63501 20.931946
0 52.988914 535.123169 24.58049 20.393433
0 282.780334 631.491089 21.78418 15.606079
0 464.039978 146.884048 351.920013 289.256134
0 627.494507 487.953094 25.011047 34.904358
