0 56.766319 449.159821 113.532639 140.259705
0 387.254456 72.642578 50.128662 43.754913
0 92.128426 171.645706 30.166977 27.332062
0 67.764328 606.681641 92.910339 65.72522
0 536.594177 200.815857 25.15625 23.49881
0 402.03891 291.981049 34.272095 30.673645
0 269.235535 400.860321 74.813538 72.82074
0 213.882904 485.228943 43.191833 39.232849
0 561.996948 428.023987 25.718872 23.983582
0 614.69812 548.43811 50.603821 78.241333
0 308.47995 23.586018 70.239563 47.172035
0 463.179138 260.640991 72.55719 73.062378
0 195.904373 540.734924 71.229645 66.514038
0 595.475037 70.314041 24.624268 22.497559
0 585.530212 36.261726 21.59021 18.561264
0 334.653168 434.712585 98.412903 94.664917
0 138.574829 238.488007 21.588745 18.088287
0 553.237244 158.191345 32.444946 28.658264
0 387.632935 261.316833 20.729675 19.688705
0 45.037411 102.749771 19.945816 17.893753
0 178.507599 205.768784 72.123718 54.542908
0 171.29512 410.838989 145.50116 123.509644
0 383.944733 340.413086 120.895691 113.847717
0 218.967911 162.463013 42.099915 38.490784
0 389.576385 328.541107 20.139526 19.68927
0 187.928955 239.714417 89.745544 70.86058
