0 88.719162 345.946808 45.908981 39.327209
0 155.464294 608.025452 39.817871 34.696777
0 196.898926 453.102173 147.513123 120.791138
0 531.939941 317.678772 30.288086 27.131042
0 551.108826 528.205078 107.626221 88.141327
0 622.776794 202.790848 31.97583 31.230499
0 199.523224 215.518738 286.044189 260.042969
0 604.459534 212.157166 22.949585 21.560394
0 19.236603 237.967377 38.473206 44.796524
0 265.717285 608.811035 47.189331 38.855225
0 16.328575 568.327148 32.65715 54.123535
0 122.184845 321.485687 33.576965 27.069153
0 627.223022 378.962219 25.554016 29.444153
0 549.961182 10.876993 36.275757 21.753986
0 19.556417 632.997681 23.747551 14.004578
0 16.070774 166.16745 30.109444 28.862885
0 178.343506 626.992554 21.048767 19.862793
0 7.334393 96.876678 13.467106 20.256409
0 516.64209 619.284302 63.590088 41.431396
0 43.085052 546.685303 34.819267 32.346802
