0 445.112305 313.076233 29.241333 27.009338
0 421.500793 67.979393 99.960876 87.403854
0 480.103424 508.445984 34.020386 31.629272
0 212.927719 619.109924 26.87326 25.262695
0 402.338135 396.809235 20.620361 19.783203
0 22.285625 198.025558 44.434448 76.930206
0 483.149139 564.791138 26.430054 24.355835
0 630.607483 613.514343 18.785034 28.646484
0 373.482971 198.378525 45.176453 42.063171
0 398.395447 68.48732 55.959717 49.823074
0 255.402222 358.544189 31.400558 26.467407
0 59.74575 315.120056 35.275707 33.727112
0 484.886719 92.992271 20.979004 19.544525
0 406.466949 211.001053 26.497314 23.934265
0 47.867897 602.012146 94.931763 75.18811
0 135.2901 319.727539 32.060478 29.445312
0 410.026459 529.807617 47.738586 40.278198
0 95.798874 425.962158 34.559967 31.802673
0 422.82196 177.856201 42.852478 37.56485
0 211.975555 382.558502 23.071472 21.821838
0 205.739349 340.429962 30.440552 28.538696
0 264.820953 333.133698 30.665771 30.485962
0 150.742783 426.144104 25.350403 25.246033
0 370.868713 524.686462 26.970886 22.230957
0 316.169708 268.829498 58.299255 50.818161
0 540.386292 111.442505 25.892578 22.786301
0 222.760803 362.225128 32.40564 29.780823
0 55.980774 377.664337 44.658878 42.786987
0 567.0578 106.623291 29.749268 26.379089
0 7.768261 345.419067 15.536523 20.309631
0 391.049896 231.494614 23.136536 22.591248
0 352.415588 282.05307 27.092224 28.673828
0 610.835144 97.696335 57.454224 88.286522
0 31.053539 490.639954 39.893768 32.016785
0 404.245392 127.029282 51.207581 47.038422
0 161.408066 572.782166 25.070679 23.400513
0 54.416718 332.293732 28.681885 26.08905
0 390.290222 26.366581 93.047668 52.733162
0 395.266388 166.475266 25.052612 24.087128
0 147.776962 499.770691 29.526154 26.507568
0 360.13974 622.375977 55.402954 35.248108
0 305.979523 326.625122 31.495667 28.940552
0 9.244684 160.733459 18.489368 23.029327
0 501.690277 158.251968 30.817932 26.49588
0 38.506882 75.367271 21.68988 20.130707
0 561.503052 404.030212 156.993958 347.243408
0 125.113831 429.148865 30.374046 28.444092
0 259.23584 281.1604 33.142944 33.581909
0 385.248291 592.995605 55.873108 53.334839
0 467.454315 556.763794 19.513123 16.335815
0 533.309143 228.66301 18.336548 17.890472
0 145.252945 373.043274 48.036652 42.083313
0 325.731018 180.140244 190.754822 192.318634
0 215.706757 350.059326 39.380798 37.212341
0 177.449249 333.430511 29.788116 27.526428
0 472.60553 159.521957 23.741577 21.352936
0 201.157562 351.000946 32.242493 28.576294
0 487.394562 142.599564 21.913635 18.273804
0 76.269714 149.876297 26.358353 23.840454
0 534.016357 598.896484 211.967346 82.207031
0 187.110611 380.294281 35.640106 33.440308
0 54.601372 475.070801 34.446213 29.164429
0 452.035675 573.283875 28.987366 24.234497
