0 592.439575 295.852509 25.665283 25.24585
0 108.794365 315.373749 26.660202 23.940552
0 29.25959 384.991547 44.186371 36.979553
0 589.484192 251.635406 23.415649 21.793594
0 100.760689 82.539207 27.771164 24.867599
0 166.158905 291.418121 22.329224 21.702637
0 598.627991 155.274384 19.302368 18.192505
0 134.013 271.192139 50.207916 45.760254
0 132.498398 633.849487 29.432831 12.301025
0 298.310669 325.035858 33.190613 29.077393
0 38.227211 419.142212 33.21933 31.253906
0 34.396442 62.539314 30.567694 28.742722
0 537.648438 131.274292 27.653564 23.940338
