0 77.27578 458.954712 63.486279 54.791504
0 180.39093 311.936005 192.210068 164.821213
0 63.346649 420.834686 43.963409 39.542236
0 314.556732 374.233185 25.026611 23.824158
0 173.251282 163.609222 23.309387 22.797699
0 306.923737 169.857651 26.616028 22.557495
0 406.979919 204.368729 42.645386 40.6091
0 142.124863 631.052734 25.919983 17.894592
0 534.419861 293.881927 27.120483 25.375854
0 392.598328 402.1698 33.000977 33.168274
0 10.64369 154.657822 20.89106 27.726257
0 566.176392 4.64949 23.583618 9.298981
0 436.573639 483.659302 48.139099 43.725464
0 26.632523 369.617249 20.615112 18.339111
