0 474.655304 500.812988 66.669128 62.802643
0 569.434265 319.460052 56.431885 54.147461
0 568.015686 415.532257 57.399414 56.071228
0 239.40686 35.715401 33.059052 30.965361
0 573.438354 573.245789 60.268311 55.994507
0 522.864502 95.604469 45.849487 43.771942
0 84.006912 491.930878 70.10997 62.010803
0 619.47998 299.620056 33.966431 32.25293
0 394.203308 521.823914 24.631226 23.852539
0 544.429626 458.652985 75.367706 63.780945
0 312.04245 128.457733 57.560181 61.985527
0 36.923233 273.667267 26.995573 24.922485
0 102.813744 382.825439 26.505157 25.151611
0 598.820312 87.58474 33.185669 31.840714
0 556.551941 495.912628 42.45752 36.620667
0 207.870605 583.501831 26.362366 24.432251
0 456.300781 157.779526 49.485901 48.39801
0 137.657349 435.392365 31.76004 29.73584
0 394.911224 15.438917 36.653687 30.360989
0 625.730225 195.772629 28.539551 38.651093
0 179.287155 416.661194 31.343201 27.67865
0 147.774567 233.996918 34.154358 33.206116
0 257.164734 187.678101 19.315292 19.302704
0 326.717712 557.315613 21.243713 21.819336
0 303.06076 28.362772 25.825195 25.372349
0 140.493256 401.848419 34.603432 30.816711
0 469.027832 208.422714 30.530518 27.638123
0 495.49765 306.278656 26.618896 25.505981
0 432.591461 540.136047 54.043762 51.340698
0 15.446828 570.609436 30.893656 43.733643
0 628.019165 105.068008 23.96167 28.520935
0 280.107635 224.111465 37.20874 34.697693
0 201.339874 84.191048 32.494781 31.505508
0 503.791504 54.746529 30.509308 27.873535
0 475.886475 138.874634 31.943542 29.393188
0 630.738892 477.553497 17.685547 48.468689
0 520.493286 632.04071 17.654449 14.194824
0 95.92717 309.563538 17.509766 16.878418
0 16.64967 238.207474 31.393875 39.884125
0 562.355286 283.890778 22.864502 20.247253
0 292.963531 235.967377 24.551758 20.455231
0 426.343079 482.490143 19.115173 18.684875
0 481.030975 32.739494 27.620972 27.140152
0 266.593109 522.535461 19.111267 17.103394
0 580.080933 540.267517 22.168457 19.7323
0 530.32312 299.104248 47.177368 42.534729
0 547.209961 528.931091 25.598022 22.306519
0 197.188385 179.331833 19.890076 18.760773
0 39.953915 110.785355 36.912346 33.750305
0 166.401733 305.945526 20.460632 18.550903
0 315.178406 209.545197 47.924377 43.856995
0 476.385681 184.598587 19.328064 20.271637
0 527.21582 372.664459 38.51416 39.122986
0 40.328724 140.104218 17.928406 17.252686
0 454.703888 183.158981 33.647034 31.048065
0 144.8508 201.737488 17.153656 15.658325
0 543.499207 174.264832 151.696259 139.59729
0 78.45372 381.219666 23.473099 22.66333
0 466.035828 144.120453 41.572266 37.348419
0 413.001801 270.150299 25.542053 23.280823
0 362.773987 193.014786 20.609314 19.306061
0 590.206299 152.793747 21.836182 18.819214
0 533.469177 384.022186 33.479126 30.437683
0 525.961365 364.071136 27.575439 28.814209
0 509.265076 30.654549 25.977203 23.722473
