0 589.050537 479.001343 39.961914 41.040283
0 63.127335 195.441132 36.671719 37.498108
0 553.5625 591.228027 39.166382 35.368164
0 84.077629 142.188232 29.214493 26.765503
0 315.107513 401.008759 26.002991 24.952393
0 574.799622 571.481262 21.202515 21.358521
0 94.971191 115.965706 24.392059 25.891586
0 177.464539 28.696104 23.485138 22.294361
0 133.810181 60.506744 21.12191 20.083462
0 95.128593 103.540947 28.157578 25.643768
0 264.586792 272.24649 21.287292 21.239929
0 499.921204 361.286591 31.17215 28.917786
0 315.03241 210.057861 21.753906 18.79953
0 160.4048 175.510712 21.136719 19.366577
0 96.452576 169.091492 29.213486 26.62912
