0 359.803497 457.189331 55.654175 51.200806
0 199.594849 552.081787 67.530884 63.741089
0 266.487671 170.915695 115.363464 105.287941
0 441.286011 269.627411 36.227722 33.766373
0 278.669769 244.591461 93.921631 84.494812
0 598.078552 167.660049 27.959595 25.577148
0 237.403381 114.105377 34.095673 31.931305
0 302.320648 578.268372 33.062317 34.288696
0 52.107445 587.9646 104.21489 104.070862
0 124.47261 611.991943 31.713753 28.336792
0 540.037903 332.30014 61.024536 58.127502
0 626.443237 62.207344 27.113586 42.778976
0 60.826942 458.479523 21.911785 20.594543
0 241.939468 485.037415 24.560791 24.93988
0 468.742157 191.581818 44.821716 42.009521
0 120.312576 128.148453 56.478546 54.990906
0 139.840088 182.703217 65.19577 60.520599
0 207.083649 111.041924 24.716431 22.554764
0 90.610657 55.378826 22.203522 21.437553
0 588.608521 534.787537 102.782898 130.503174
0 424.287476 413.790955 36.469971 33.448547
0 584.956177 332.328735 27.550781 25.762085
0 232.742661 277.212494 23.181549 22.036255
0 197.839828 271.337311 39.87027 38.461655
0 137.759811 13.315987 31.021202 26.425842
0 197.995483 148.910645 29.236115 24.811157
0 10.026072 328.374908 19.866673 22.577942
0 471.126648 317.237061 33.985596 32.75946
0 607.321716 447.012085 26.365356 24.120361
0 521.127075 573.737732 84.219116 78.588257
0 163.509003 592.965698 27.125427 22.819946
0 334.969543 63.434105 30.704102 27.236553
0 488.6026 492.339508 50.553314 47.036438
0 54.554558 77.546165 28.64735 27.027298
0 196.89534 601.995056 32.005005 28.83252
0 436.183472 506.058594 38.795105 33.571747
0 534.472839 488.90567 30.239502 27.948425
0 365.188477 206.7323 20.632751 19.932037
0 194.415695 12.854002 35.747681 25.306408
0 549.411133 234.996887 28.057983 26.641357
0 139.891281 66.926903 85.931183 75.281219
0 152.62822 498.940277 24.840393 23.324158
0 24.377327 163.798248 20.304024 20.040588
0 376.136627 542.098755 286.682434 195.802551
0 592.436646 181.882248 95.126648 139.741699
0 10.094854 491.415405 20.189709 58.168213
0 390.68045 110.01062 23.070923 20.360794
0 7.307488 184.587646 14.614977 19.874023
0 630.52832 607.545166 18.943359 64.909668
0 322.595917 397.131317 41.058777 34.382141
0 155.541046 522.894348 25.575073 21.847198
0 150.946991 319.963867 22.792511 20.941162
0 630.336304 462.982361 19.327393 45.662781
0 189.51767 310.002747 34.181427 27.974487
0 458.1539 235.348267 20.852966 18.806488
0 169.000076 611.28064 26.309906 23.399658
0 339.00119 23.719872 49.214966 41.174484
0 70.862587 281.184937 19.09259 17.902649
0 239.294342 452.982178 23.990387 21.956055
0 372.373199 121.994865 20.38324 18.284653
0 70.712082 54.650383 19.056274 17.277649
0 158.375229 571.371338 31.875946 27.75769
0 6.646148 247.440079 13.292296 33.732697
0 116.779495 186.225067 15.980576 15.25824
0 499.459717 456.6297 32.163605 29.237427
0 166.905807 139.993958 47.98407 45.816711
0 187.365479 239.443222 26.668121 23.035004
0 4.640597 85.385513 8.375536 23.930405
0 188.034088 447.81485 22.201233 20.80719
0 220.259613 250.616882 32.553894 28.643295
