0 469.371033 317.954773 112.024323 87.654236
0 560.555542 301.887451 39.565918 31.995117
0 613.992737 280.274841 50.178467 83.164307
0 596.389038 379.985626 31.40564 27.098572
0 487.091278 493.683868 29.415283 23.880188
0 428.031311 387.777283 52.427795 41.50531
0 16.760117 156.455963 33.492783 33.502686
0 561.849365 147.254486 64.216064 55.481934
0 257.671661 618.736145 55.609543 42.52771
0 63.55616 566.620728 26.845829 22.751343
0 103.456284 393.483643 45.524628 39.600342
0 99.433624 466.996307 40.467041 38.796143
0 5.594913 356.842163 11.189825 40.573242
0 231.533752 525.310242 67.649918 64.834259
0 625.987183 19.221998 28.025635 36.872372
0 560.466309 540.69165 36.302734 31.677979
0 50.994572 166.749847 24.576134 20.583923
0 254.08255 184.250931 25.074036 21.876373
0 71.02227 547.835205 25.47105 24.065796
0 573.034485 180.765366 57.927246 51.177277
0 534.660522 470.289429 24.138916 20.250916
0 127.796257 218.218185 60.935745 58.960541
0 61.879982 205.377228 40.418762 37.701233
0 570.684326 446.941833 22.957031 21.012512
0 20.988071 374.342834 24.694351 23.633972
0 78.102692 132.011765 26.611679 23.796265
0 230.02095 40.039822 28.392334 24.277626
0 466.445679 462.406342 24.48291 19.714233
0 457.046387 540.481506 185.605957 166.641357
0 378.154694 484.621033 22.901794 20.619019
0 138.384232 577.807861 30.534119 27.451904
0 75.598152 442.963593 33.019501 31.533691
0 476.28421 211.867844 87.730164 84.903351
0 54.52293 418.268951 50.578041 44.601135
