0 115.591415 239.822723 67.097809 62.585526
0 288.587982 151.737244 64.379761 58.765045
0 587.740723 413.870026 39.911133 33.648865
0 159.299973 551.040283 42.527771 39.190918
0 312.158966 227.880646 53.577148 48.204712
0 109.638931 579.949158 38.897583 33.290649
0 374.38678 185.206894 34.548523 32.061768
0 369.909241 254.992889 37.401672 31.957047
0 122.205429 144.625443 39.154724 36.736549
0 620.493958 255.302917 38.387939 40.591492
0 240.201233 374.36203 45.691589 40.568359
0 241.995361 264.92981 28.639343 25.428238
0 111.153694 378.623627 27.849777 24.451355
0 365.922272 9.019853 33.560547 18.039705
0 327.259521 317.901276 48.694397 43.179871
0 249.955048 220.656387 44.2939 39.939209
0 551.564453 299.0159 84.453491 68.992126
0 586.793274 339.907501 41.69104 39.749329
0 623.453857 504.761719 33.092346 37.199951
0 341.241547 401.692505 48.275574 43.119446
0 447.557251 390.641846 61.108276 54.460388
0 594.60144 201.89534 45.162598 40.030365
0 408.756439 451.467926 53.861389 53.672546
0 552.277832 158.759918 42.408569 36.232361
0 111.336472 622.49762 61.759155 34.471436
0 10.922049 239.468384 21.181118 47.578293
0 157.469894 305.759033 22.586792 23.429321
0 157.462875 616.018433 35.384796 31.770508
0 556.889343 210.026215 34.019531 34.005798
0 214.68364 104.834366 45.457733 40.100342
0 308.780823 195.645874 58.746338 47.207642
0 339.819183 348.135406 22.512451 18.745605
0 182.204285 631.746338 19.157104 16.507263
0 603.731201 477.084076 27.202148 24.991394
0 269.211792 617.17334 43.509094 40.639282
0 4.642501 99.491135 9.227377 36.574799
0 226.115875 310.313446 27.443024 25.103271
0 407.036285 614.842651 74.799377 50.314697
0 406.690704 123.584991 62.215088 54.787445
0 196.409653 76.715286 25.830444 25.494507
0 97.008881 283.522247 47.50293 40.946594
0 147.450226 378.087463 40.111763 36.281738
0 89.777985 199.74382 23.794937 20.267517
0 152.687622 68.131561 98.464355 90.26413
0 425.927002 278.312103 24.245544 22.442871
0 416.309601 162.410492 22.705872 21.883118
0 543.914124 456.418701 23.711548 20.653687
0 591.588623 221.233963 22.206787 23.111603
0 632.21521 379.620056 15.569641 81.274048
0 416.543976 429.22403 55.016174 47.336182
0 208.333374 448.918762 22.359558 20.010193
0 480.320618 376.096924 21.486633 18.857788
0 21.152847 564.123718 34.022072 38.867065
0 461.708282 541.672852 343.473694 196.654297
0 625.710938 299.405762 25.103394 28.510193
0 319.888214 265.325256 20.112854 18.722
0 164.649124 478.94101 48.992706 42.331787
0 449.432922 452.082428 38.447815 39.389465
0 158.577759 260.721405 30.158417 28.980118
0 465.397278 196.703766 90.490112 78.061188
0 634.99884 629.486633 8.525391 19.548706
0 203.565704 254.306 45.857849 41.760788
0 44.581966 19.436401 35.406456 33.605759
0 106.666718 260.091522 59.347992 66.461975
0 297.794403 171.315506 60.849731 77.132599
0 78.298668 171.555801 21.069 18.99704
0 212.069809 401.514374 19.315033 18.089722
