0 474.763031 186.454086 138.822937 115.377899
0 342.002686 439.205536 139.692749 123.20874
0 571.767212 40.365852 57.236694 54.812637
0 172.151672 487.206451 37.944763 36.655701
0 446.047089 481.740601 118.989197 113.482941
0 583.347656 602.04657 38.702759 37.504761
0 487.819397 16.460609 40.546265 32.921219
0 317.557465 233.085083 189.069458 176.493759
0 273.961578 342.855011 57.908768 53.089294
0 375.586029 558.639038 145.612793 140.760223
0 411.578033 34.980492 24.606323 23.924225
0 421.90918 287.733215 109.556641 102.920547
0 486.451904 627.647156 63.644165 24.092773
0 593.829651 74.531403 21.865112 21.065815
0 85.123306 278.046936 164.360565 228.621201
0 292.933685 546.794067 43.62262 43.494263
0 509.569733 62.120728 23.590637 22.391663
0 452.862366 30.181927 51.464111 48.438156
0 85.403854 600.641968 30.445557 26.581909
0 506.558838 594.619263 52.543365 48.618164
0 366.883118 55.642879 31.327271 29.133644
0 25.235764 586.429077 50.471527 84.371338
0 632.020264 58.299038 15.959534 48.486794
0 430.526886 381.778595 92.747009 79.895935
0 314.908447 601.014954 33.382629 29.987915
0 546.968018 469.041443 29.215942 26.412781
0 462.762756 607.164795 26.667175 25.101685
0 356.509583 634.148071 24.429626 10.916992
0 366.492218 510.684082 21.267822 20.907593
0 551.539673 257.613373 35.097412 30.470108
0 608.724243 436.593842 25.867065 23.036743
0 535.021423 561.379089 38.99292 39.190796
0 285.811432 509.741821 45.696838 41.688263
0 633.363647 371.557495 12.846191 29.600891
0 570.664062 108.46167 122.192505 121.901215
0 520.190674 111.356529 26.227692 25.319366
0 374.09729 332.987946 20.740479 18.760437
0 626.484009 501.315735 27.031982 66.297852
0 578.954285 580.768433 21.280029 18.749634
0 274.876526 397.714996 23.743164 22.563416
0 573.956116 231.099014 44.396851 38.439941
0 260.60376 522.272827 86.0047 72.767487
0 582.194458 178.58493 94.1875 93.312622
0 46.847908 509.881744 76.465256 62.367249
0 389.940094 599.970032 136.29657 79.200684
0 106.736549 81.676025 209.400955 163.352051
0 631.261719 183.980148 17.476624 27.833893
0 626.180359 599.541931 27.639282 66.122437
0 145.757523 511.21875 17.313263 16.347443
