0 138.753128 189.617645 87.79734 82.125244
0 309.052216 391.673584 28.08905 25.954834
0 86.285324 330.839264 28.728653 27.066406
0 34.456726 465.776917 26.913094 24.843994
0 204.268738 416.880524 26.899872 25.616821
0 216.11113 442.918762 41.306335 33.981323
0 48.09845 140.083984 58.214718 50.851654
0 31.717125 516.227844 22.376236 20.39743
0 295.403107 567.109436 23.152832 21.928589
0 239.669922 521.010132 25.747131 21.547394
0 307.659912 117.422134 29.658142 25.659851
0 104.462616 540.621033 25.356293 22.817261
0 76.666183 629.468994 20.099457 17.819458
0 228.709747 472.943085 28.878296 23.767883
0 28.163765 388.758087 28.078428 23.166199
0 343.866669 579.617065 19.354492 18.002808
0 34.644501 57.333801 65.826675 66.673187
0 114.553772 121.477203 91.792267 74.491058
0 296.839172 129.88472 28.768616 25.280487
0 320.439636 139.079071 25.498901 22.917419
0 292.863922 480.977905 21.314514 17.352295
0 293.977081 228.23027 25.305786 22.092896
0 377.213562 315.447021 17.544739 19.332458
0 328.488983 493.942627 27.582764 23.012146
0 355.75351 172.126633 19.717224 17.155273
0 340.764252 606.447021 20.802795 16.279785
0 31.248501 615.316101 20.182632 18.651001
0 132.494247 82.894333 42.215172 39.091309
0 370.820862 465.307709 22.878479 20.184998
0 124.911339 621.938416 23.421707 19.977417
0 132.939133 526.398376 20.238457 16.755005
0 146.928833 370.948578 19.46994 17.133301
0 292.599213 138.31633 24.810364 21.418671
0 162.792099 264.983673 53.352051 47.053345
0 212.456207 151.248703 35.343475 28.764008
0 193.337265 400.15921 21.379852 18.634827
