0 357.304749 369.069 76.488525 71.469055
0 100.913353 547.912415 27.437546 26.117432
0 416.890533 41.495384 32.013367 29.787422
0 147.155273 489.831818 65.005745 57.911804
0 242.52301 471.770081 36.815903 31.909607
0 584.803345 39.691994 39.229248 32.281258
0 426.058441 339.109863 80.600342 76.15863
0 610.134033 17.583149 58.878052 34.534981
0 274.283234 619.585144 64.408493 40.829712
0 603.392456 286.025055 41.081299 35.027161
0 137.442535 116.375397 274.885071 232.750793
0 572.930054 503.214783 22.380005 21.746338
0 334.010986 134.146744 36.508728 33.51049
0 492.093384 20.742542 64.032501 40.861244
0 547.829956 399.073517 22.748169 19.908325
0 383.479431 199.464233 31.483704 29.310455
0 170.632782 600.904968 21.595764 20.64209
0 432.80307 543.278381 19.463135 17.625732
0 460.219818 74.002403 31.23761 28.337906
0 602.981018 565.422913 45.957275 37.677124
