0 82.790512 565.70752 71.803497 59.54541
0 290.004608 491.196899 286.041443 248.199463
0 560.239685 54.473122 69.49231 61.919586
0 542.428406 328.830872 30.884155 28.246094
0 48.740795 65.425636 97.48159 114.970657
0 479.713226 474.922974 107.951843 96.46936
0 552.605469 456.436646 83.751099 75.687134
0 278.195831 133.934021 120.896545 115.604851
0 422.18692 315.984924 30.022949 25.924988
0 322.464417 92.535095 21.878235 20.977509
0 57.560844 335.460114 59.856525 54.387817
0 538.951721 166.711761 20.232178 18.523865
0 373.116302 140.029831 19.577271 18.677734
0 603.045166 344.574188 22.48938 20.931702
0 59.535759 247.727921 119.071518 131.90921
0 217.139145 262.060791 18.851929 16.909424
0 58.477947 282.238342 20.203835 17.924561
0 125.367279 171.909912 18.646393 16.342773
0 572.803284 527.607178 88.071411 78.907593
0 95.841904 488.911896 90.960022 75.016541
0 598.132996 500.314026 59.313599 52.851349
0 105.02047 265.9021 21.947342 18.02771
0 169.73053 319.513428 21.962463 19.213684
0 432.421173 591.340454 46.054749 39.171021
0 457.852478 30.484119 18.317383 17.073313
0 511.313782 53.663754 20.892609 18.485374
0 612.697754 606.708191 20.153442 17.158569
0 218.317688 223.078491 94.387192 76.567398
0 557.262146 362.154175 33.81604 30.777039
