0 45.102303 176.147247 82.797928 77.90332
0 220.022064 426.151428 48.308228 43.302612
0 166.123596 141.899078 75.624298 66.927948
0 158.841446 206.486496 31.813477 27.942413
0 126.137817 181.782211 25.11779 24.506897
0 442.453766 577.811584 24.327942 23.032471
0 427.7742 345.656219 27.255554 25.506287
0 371.24118 334.293671 18.319519 17.499695
0 252.807129 586.237793 22.680298 18.690186
0 538.933838 439.097015 20.098633 17.968323
0 617.633728 226.381409 25.422729 25.502075
0 218.863602 471.25116 41.292084 39.900696
0 115.861046 274.833557 21.007858 18.844238
0 165.254807 7.947744 38.548553 15.895488
0 420.092316 90.555023 19.386597 17.847168
0 417.041534 409.05191 19.700745 18.443481
0 85.86647 299.330841 45.442104 42.756714
0 387.009216 406.652588 20.49585 19.046387
0 574.386597 249.49437 84.269287 76.857086
0 94.500648 226.767303 18.060318 17.701782
