0 158.847809 398.158905 28.615906 25.637695
0 42.544853 625.904846 33.404755 26.539429
0 308.233429 530.089966 19.781555 19.236084
0 72.641724 211.748489 20.690765 19.406616
0 362.546722 528.288696 20.437927 19.590332
0 72.898964 233.221085 18.863956 17.84613
0 59.527481 592.249512 19.584488 18.680908
0 239.547958 518.747742 21.359619 19.797607
0 162.910706 371.382538 18.773285 17.50531
0 183.386597 390.737885 22.91748 20.484558
0 100.163658 142.531357 27.322006 21.65564
0 192.487366 311.607971 19.728668 18.665649
0 211.709305 414.758087 20.514587 17.387329
0 59.592705 112.60582 25.42358 22.814346
