0 271.035736 254.832352 29.39447 26.144867
0 262.233337 214.262817 28.589294 25.616425
0 73.571487 173.605713 31.817963 27.914398
0 282.628357 27.45793 34.722046 29.570103
0 13.076588 150.749908 25.137066 25.167389
0 475.427216 437.988281 33.691406 35.051208
0 382.039032 629.592468 20.622192 19.7323
0 345.740143 379.924835 22.993469 21.617493
0 208.798935 132.921783 26.215759 25.326668
0 37.601357 573.634399 75.202713 132.731201
0 216.558151 412.507446 22.531097 20.825623
0 305.753937 549.273682 22.027893 18.966675
0 505.617462 354.630249 19.389221 18.082703
0 35.178326 54.197845 20.097313 18.451584
0 119.491135 326.367035 19.385628 19.037415
0 236.541992 112.458702 21.512939 23.132675
0 567.086182 611.209595 21.499634 23.121948
0 281.706543 132.479706 24.418823 22.806885
0 351.801575 413.556946 19.773376 20.898926
0 15.892349 227.620255 31.784698 32.642548
0 138.354507 74.721085 20.114288 17.552292
0 67.32798 214.076614 20.225372 19.188629
0 61.129395 150.934219 20.152466 20.526123
0 184.415253 602.81897 21.367798 20.230469
0 30.797974 81.962799 18.834282 16.26506
0 342.40921 571.993835 18.781006 16.331543
0 62.824379 233.96875 26.273411 24.176117
0 449.290497 539.921082 18.171143 16.483398
0 29.671333 182.678925 54.669876 50.707947
0 546.132812 339.603119 187.734436 365.786194
