0 79.255798 527.353271 158.511597 178.373901
0 522.903931 216.918335 125.234863 113.679092
0 103.848984 427.541077 33.589996 32.627319
0 188.242111 615.175903 52.05365 46.407715
0 352.821838 600.398315 27.369446 25.981079
0 331.452209 269.763184 99.200745 93.782242
0 594.641174 598.568237 32.411865 30.063965
0 105.169373 370.095917 37.479187 35.88092
0 165.414261 186.967789 33.251068 29.368042
0 160.435226 243.132309 21.910645 22.365417
0 490.08783 347.777527 94.68222 95.054565
0 9.346875 114.200119 18.69375 21.541351
0 631.464722 602.678589 17.070557 27.628296
0 593.048035 511.751862 93.903931 176.024353
0 399.077026 322.774139 95.97522 91.94928
0 20.921179 133.86795 25.16148 23.126495
0 242.660675 588.025146 32.615524 29.492798
0 396.534882 633.37207 22.259888 13.255798
0 158.483292 16.745495 134.315399 33.49099
0 487.983582 437.110565 129.498779 122.207092
0 561.463928 149.444885 27.357422 24.541656
0 590.832153 193.727768 21.354004 19.750916
0 450.06897 511.361237 37.164185 32.164246
0 439.598694 534.561951 29.731323 27.191772
0 43.017189 177.623795 17.842018 17.168915
0 299.109436 213.35675 38.628357 34.874359
0 420.81546 378.86026 55.02948 49.927124
0 100.009834 399.582611 23.960892 20.634827
0 82.812973 157.893341 18.435608 17.308838
0 209.488861 275.369904 169.835861 181.612305
0 139.654633 623.156738 63.699402 33.636353
0 562.753723 97.472153 145.674225 125.543762
0 519.639099 32.849342 55.046875 47.41198
0 162.766312 587.066162 29.021484 25.191772
0 118.987267 177.108002 26.953201 25.338867
0 495.33432 294.862244 38.866638 35.306458
0 70.452553 394.758301 20.388214 19.115967
0 99.87001 85.908455 36.806183 32.483383
0 170.972595 518.437866 33.560516 31.46228
0 563.898987 396.341583 105.315643 90.512695
0 437.069916 249.874893 90.764343 92.842743
0 233.633804 581.429077 39.966156 33.148804
0 175.727142 151.100327 18.785309 16.286896
0 429.790619 351.083679 45.017944 38.882141
0 419.854919 508.025208 19.815125 18.723419
0 631.523865 187.678268 15.854248 23.019287
0 411.479492 344.404846 82.145752 64.569458
0 251.143433 97.366226 108.413132 96.601105
0 54.485817 70.052032 108.971634 128.928711
0 15.084278 127.832237 26.827972 30.161118
0 67.638237 203.102722 21.679245 18.534943
0 396.447266 182.676178 80.789612 74.227875
0 252.277695 629.953064 44.081268 20.008423
0 137.549072 122.290558 18.455597 18.322601
