0 138.85112 242.546387 48.117317 41.927078
0 435.098145 94.444023 27.470337 25.141769
0 529.713745 35.619415 30.902588 29.263306
0 245.17218 88.623978 66.201797 62.288334
0 407.101532 70.198448 28.841187 25.84787
0 130.879898 414.624664 22.109253 20.250977
0 535.569214 612.684814 24.370605 21.380615
0 332.322235 479.65976 22.280945 21.381592
0 125.259827 179.967636 28.923218 25.927673
0 112.262184 65.133682 29.204575 26.879288
0 454.149048 297.687164 30.437866 24.828064
0 30.08149 297.755249 52.30455 46.310791
0 397.016479 572.363708 21.731995 18.13208
0 620.948242 609.554749 24.49292 22.784302
0 477.723022 620.954224 74.310791 37.657227
0 327.892517 23.433622 58.496765 46.060696
0 109.216423 548.874329 25.223587 24.024902
0 101.992996 85.034164 19.886536 19.180252
0 13.220074 114.072273 26.440147 26.129593
