0 433.194946 459.76355 39.049683 37.104187
0 590.794067 423.141296 40.328003 37.656738
0 371.756958 395.899841 31.117493 28.64624
0 51.725861 448.688568 44.602413 41.24762
0 239.124237 335.78479 81.98938 73.638367
0 443.524597 577.969238 33.819885 31.987305
0 108.65976 220.563461 31.499069 28.245392
0 141.06131 229.380356 31.516808 28.238525
0 276.033875 208.153549 33.459106 33.706512
0 80.558273 524.917969 49.673306 44.745636
0 456.913269 263.946747 30.62854 29.798691
0 374.6828 320.406433 29.139893 26.563721
0 217.231277 478.960144 21.485352 21.357727
0 589.512085 224.902252 27.059082 25.797211
0 445.54129 103.060089 40.816895 38.687103
0 542.832703 210.122604 23.355713 22.578613
0 492.147247 335.368439 28.496826 25.579346
0 61.148109 617.378784 34.035656 32.881958
0 114.279655 550.950256 25.812836 23.362427
0 480.884552 298.962585 33.233459 34.820435
0 371.706177 301.111755 23.783813 21.585999
0 86.146683 170.490799 23.433411 21.266083
0 248.526352 47.106503 24.358246 23.867996
0 88.735985 107.005463 32.297882 30.398071
0 31.434481 244.669739 27.977787 25.179214
0 84.619492 270.241882 43.898312 41.922424
0 567.764343 587.905273 43.249268 40.680298
0 480.332397 416.063782 25.081848 23.567444
0 14.513199 223.671692 29.026398 35.666199
0 554.556152 372.044098 24.939209 22.989929
0 106.508179 289.659454 23.327301 21.846802
0 356.733521 563.038635 25.485413 23.086304
0 412.615387 518.20105 19.859863 20.043213
0 235.067078 577.768494 38.478851 34.082764
0 311.865967 149.0793 19.965271 19.25827
0 204.909897 289.665588 18.719788 18.62262
0 177.514313 499.79776 30.695251 28.13446
0 66.173134 250.98291 22.510895 21.481339
0 427.798553 7.472095 22.757141 14.312174
0 35.414356 516.802551 52.731308 48.434448
0 284.977814 432.348419 20.159485 19.280762
0 317.170807 174.373672 17.790039 18.559357
0 95.874344 627.272583 44.850861 25.454773
0 67.471756 235.8172 23.025784 19.778046
0 66.549896 335.948822 23.431889 21.687683
0 131.920105 274.970642 32.846199 31.351685
0 525.393677 8.568356 30.142303 17.136711
0 575.509521 534.539368 32.671631 30.967529
0 71.010857 400.282288 142.021713 133.584473
0 246.104218 523.223816 36.113907 35.662384
0 201.096756 248.863983 21.432526 19.422012
0 140.096375 163.315598 44.823029 39.67337
0 198.115433 404.296295 21.700287 22.011047
0 509.252014 316.715454 36.250366 32.958435
0 514.577698 630.219177 33.800201 19.561646
0 4.189611 386.393677 8.379222 28.89502
0 614.119995 28.332645 51.760071 56.130882
0 473.750854 15.564825 21.809265 21.800663
0 158.920929 560.590576 19.689606 18.102539
0 339.220459 245.38266 28.687927 24.142288
0 259.23111 382.754791 33.772629 29.743652
0 516.543457 60.806007 53.302521 47.502483
0 455.898682 603.819092 26.333801 24.072998
0 476.76236 37.145233 20.549133 18.107735
0 296.773682 606.322021 31.693542 29.525635
0 181.706635 236.955414 18.981567 16.935547
0 632.121033 475.870026 15.704346 23.259277
0 529.550415 114.335732 17.801392 18.05603
0 10.123554 266.37616 19.297955 19.417969
0 634.114746 418.487122 11.314087 28.780273
0 284.154785 253.826324 19.684326 16.934311
0 358.9039 554.492249 28.993225 29.219971
0 633.114319 389.305664 13.337524 19.926147
0 61.578217 310.05072 45.049454 40.638
0 18.135536 541.487976 20.262772 21.399048
0 273.194153 467.487885 104.59668 100.796326
0 351.739685 344.346771 19.949646 18.106384
0 634.52655 631.075439 10.552734 14.264404
0 576.470215 52.50098 58.140137 51.34478
0 179.576309 33.856514 26.073395 22.354902
0 417.721375 237.254944 21.569214 18.460083
0 488.18103 522.293579 20.624023 20.061523
0 263.461487 621.725586 35.388855 33.768555
0 196.898819 485.141113 20.100769 18.183838
0 501.440643 323.962067 35.704895 34.013062
0 135.588348 546.399597 20.577454 19.518921
0 628.940125 459.408234 16.285156 14.970825
0 22.697178 240.34201 34.182411 33.9254
0 214.856552 210.032623 101.546356 93.34668
0 227.786926 554.253296 21.444916 22.303345
0 330.775543 307.027283 17.690186 16.709412
0 337.271484 448.996582 14.914551 14.715637
