0 109.643387 75.476395 84.437836 79.953094
0 153.297729 203.648361 49.069427 43.996094
0 531.138306 391.050629 28.223755 26.278076
0 613.193726 120.235641 52.709961 63.621254
0 241.899689 601.493042 37.702927 37.814697
0 70.715408 515.322021 31.452133 28.652924
0 500.974426 182.06398 30.922089 29.071167
0 525.049622 329.475067 35.405304 36.460815
0 243.134766 356.465576 26.011917 24.621704
0 148.979599 572.688232 33.122833 31.195435
0 26.732594 464.167572 27.344299 26.008362
0 446.746094 171.625259 23.027283 22.335144
0 53.144867 361.577393 31.346741 28.84021
0 553.713318 301.866028 26.20459 24.210938
0 603.304565 544.033264 52.360352 50.993286
0 121.820694 500.740723 20.402588 19.675415
0 410.467377 387.856567 46.448547 43.054077
0 486.309235 164.694229 26.084229 24.360382
0 171.206619 449.678375 21.88028 19.41095
0 371.115509 452.55249 78.898804 76.768616
0 393.463776 493.817383 45.266785 39.916656
0 78.716766 573.381653 23.671432 23.617554
0 138.354645 624.456055 22.592438 20.602295
0 481.089264 282.715302 32.355652 28.815918
0 191.742737 273.666412 18.481476 18.123352
0 591.427673 591.810242 21.558228 20.728882
0 524.833252 258.177582 35.298798 29.796753
0 36.402454 189.854553 18.555817 17.16214
0 514.029541 308.949341 21.218719 18.956116
0 620.701477 592.6651 35.478394 36.650146
0 263.912506 89.899353 19.876511 17.363754
