0 375.835907 86.662033 60.53418 58.790573
0 573.329285 129.787369 131.844574 129.173248
0 265.509094 495.829834 84.721008 82.874756
0 214.074646 552.672546 65.475403 65.655762
0 158.905563 343.669922 43.437775 40.78363
0 350.466492 355.176971 27.542725 26.955933
0 580.84552 355.150208 30.128052 26.571899
0 275.362549 147.478027 34.118774 30.467529
0 101.293983 373.400574 32.982285 29.098694
0 467.365387 546.656494 70.019043 64.823242
0 370.83725 438.954224 83.099304 77.704529
0 185.009796 614.976746 40.069763 39.051147
0 121.554153 232.28331 40.085976 38.514679
0 177.637619 147.686356 26.514313 24.763458
0 103.264999 171.062592 33.650787 30.374176
0 600.073547 249.350159 31.918091 27.694824
0 245.33075 105.8013 104.955933 85.588684
0 80.054573 529.757751 28.261337 26.531982
0 63.197414 102.73143 38.339043 34.824432
0 570.799011 429.51178 24.141235 22.51532
0 46.593254 20.155464 71.32225 40.310928
0 520.21051 374.624237 22.700562 21.973267
0 582.452026 262.835632 28.750122 24.172974
0 37.231136 609.7724 68.568947 58.328857
0 344.269104 500.591614 42.504761 40.136719
0 368.20108 380.089996 41.565186 35.323914
0 200.141937 411.727814 100.767334 91.271179
0 424.069641 209.830597 29.671082 27.695099
0 581.623962 581.523376 60.551636 60.997925
0 21.132807 124.914551 22.878445 20.925507
0 26.449057 212.703369 20.935619 21.211304
0 15.197933 101.135765 30.395866 36.802063
0 135.432144 301.025482 25.493896 25.200317
0 6.197111 190.063232 12.164925 42.079468
0 439.836456 578.733154 22.153931 20.234985
0 452.841797 438.015625 76.722473 66.86322
0 403.002045 31.59481 130.751099 63.189621
0 450.459625 26.899195 23.073181 20.017941
0 612.988403 525.134644 54.023193 67.91626
0 297.92453 546.407715 28.342285 28.718872
0 72.832275 504.911652 133.600281 141.33429
0 86.050087 127.455307 29.419846 26.515472
0 94.603973 506.133423 20.514709 18.381378
0 380.03064 630.942993 38.883667 17.623657
0 596.326355 305.355225 87.34729 84.487549
0 523.329224 72.458092 196.570435 136.543686
0 630.644409 462.595978 18.711243 23.440735
0 216.64473 138.078796 22.572388 19.962585
0 594.185669 256.552979 34.247803 30.593018
0 100.306168 592.519897 29.46521 25.911499
0 321.736816 374.621033 58.059753 50.955872
0 93.682495 470.413239 18.770416 18.316895
0 38.016853 100.796791 19.377031 21.3414
0 383.432404 349.774078 36.843506 35.642822
0 260.278168 374.404388 33.713745 30.749817
0 470.003967 91.285095 95.105591 80.969696
0 174.304901 473.858276 80.469421 72.261963
0 247.191254 191.898727 22.237869 19.787781
0 126.827034 444.711578 33.051682 31.996826
0 76.328247 409.894989 47.894333 44.157349
0 546.950623 412.753296 18.618774 16.776855
0 195.489685 32.942093 113.652222 65.884186
0 482.774536 215.387512 170.47644 140.761108
