0 23.870888 561.530884 33.785744 32.856812
0 152.16185 430.60495 23.702728 22.358948
0 204.391754 36.918041 27.581635 24.332405
0 279.809814 285.598938 21.934265 19.30658
0 304.331055 518.85437 27.022339 26.676788
0 71.141235 509.915344 23.544575 23.167969
0 240.609497 138.59697 24.627747 23.2015
0 134.460419 148.023758 22.547638 21.017303
0 36.082443 395.213623 23.997665 21.269836
0 34.875572 458.445129 25.092613 22.462769
0 108.414276 42.698624 23.065414 21.119194
0 20.631449 520.249756 21.321049 20.380859
0 20.512367 217.264038 41.024734 45.192413
0 230.160645 377.784607 21.234528 18.763306
0 86.163376 543.786865 25.939224 22.522949
0 269.259918 351.151398 22.770813 21.149231
0 40.567898 225.317429 24.986908 23.243591
0 228.030533 11.747955 22.976837 18.136101
0 330.871979 174.992081 20.687256 18.392609
0 50.565636 422.809448 22.62587 19.435852
0 114.484978 419.797485 22.592545 18.738892
0 87.825302 495.633057 29.344543 25.534668
