0 270.402466 28.198612 87.738281 56.186172
0 561.100403 344.479279 84.452637 70.584717
0 187.129913 147.349197 41.492371 36.762177
0 40.327126 109.265709 43.176926 36.722107
0 228.436691 131.848724 38.197449 34.519531
0 494.918823 597.627136 194.671265 81.696045
0 219.998535 168.66626 32.359283 27.145386
0 118.671951 69.860374 30.622795 27.742874
0 587.371887 218.14566 40.60083 36.399292
0 563.244324 171.023514 39.188965 33.23172
0 383.623779 44.492889 45.707397 40.082993
0 110.612717 305.868042 29.192245 25.18866
0 287.38913 113.526871 77.192993 66.261269
0 552.233032 30.803566 43.810303 34.785675
0 359.89151 33.676991 87.74231 62.723122
0 412.386047 108.993896 84.166992 70.107788
0 412.688385 122.054283 59.53833 42.40123
0 358.548859 161.775482 45.171082 35.425659
0 546.086304 226.470917 44.221313 41.672791
0 271.336365 429.907501 369.005981 336.250305
0 440.14856 11.67363 44.346375 22.50267
0 84.852249 29.691145 34.095657 30.39307
0 279.94043 68.092201 28.333618 23.985744
0 564.833679 527.992554 82.958252 77.490112
0 15.205649 24.157486 29.779234 37.931107
0 105.665207 48.762508 27.516388 25.318916
