0 287.060425 626.942139 31.961609 24.974854
0 422.118225 347.851379 28.586731 27.589233
0 119.368912 423.768616 25.810112 25.068848
0 447.065552 307.496368 22.573792 22.681335
0 484.32196 414.592865 28.090149 24.819397
0 530.923889 8.481964 23.941528 16.963928
0 55.463612 210.059738 22.07856 21.061432
0 31.250973 555.126526 22.196005 23.535767
0 577.506531 198.056274 24.590332 21.836273
0 257.717621 602.309875 22.270309 21.504028
0 400.116699 120.938736 23.35498 21.289345
0 483.083282 582.581848 23.599731 22.665405
0 525.081177 313.629822 21.361328 20.680115
0 72.881325 111.368927 23.823364 21.466858
0 604.176941 187.688293 23.514771 22.385284
0 223.6548 181.5979 21.092346 19.574463
0 533.229187 398.266418 18.595093 16.944519
0 41.018028 260.517029 18.024155 18.704971
0 630.09668 85.500885 19.236084 20.172729
0 151.208359 314.906708 18.372375 17.444397
0 85.397171 389.756561 49.353622 43.612244
0 269.948242 293.828918 85.421494 79.751999
0 192.520966 568.913513 24.694885 23.468262
