0 130.444275 531.838867 86.446747 76.859589
0 486.028564 497.699921 34.36377 36.46698
0 432.835327 573.237488 52.510498 50.529785
0 261.853973 619.578186 33.388733 26.944458
0 341.781616 526.390259 70.967041 63.495758
0 9.07601 345.282196 17.894459 21.544189
0 202.136841 534.57782 47.496979 49.540161
0 283.422089 528.561584 36.531982 34.519287
0 238.801605 511.859436 28.332123 24.143921
0 353.160095 540.207092 46.289001 40.396118
0 169.654053 546.526245 34.68811 31.73291
0 48.422623 214.701416 24.625839 21.77478
0 396.921265 523.823242 26.684692 25.626343
0 322.112305 84.757492 22.09314 19.774231
0 183.306396 603.615967 20.920654 19.823853
0 95.97554 76.807686 19.391617 18.825378
