0 172.146729 302.111969 75.631073 71.611755
0 67.574043 316.535522 95.790878 96.195923
0 546.709167 167.799225 186.581665 176.538269
0 209.5457 544.58429 48.914001 43.825195
0 392.677917 372.254517 50.53009 41.602417
0 237.459747 563.193054 29.727905 27.545776
0 438.572723 529.808167 60.652649 51.301117
0 50.866962 218.13324 101.733925 108.628464
0 266.306976 602.230591 37.205322 32.57959
0 403.670349 606.393433 168.598145 67.213135
0 274.538116 564.669373 55.379883 56.591797
0 499.723389 406.510559 35.433472 31.263489
0 586.808716 512.607666 106.382568 191.460358
0 166.049347 492.976074 41.422607 36.953186
0 60.265224 621.499512 31.660301 26.05249
0 452.30069 564.097961 51.029907 44.00061
0 93.633224 517.065186 75.788147 65.497101
0 328.751068 337.048157 101.356628 93.071655
0 136.346909 559.051331 50.697487 46.020142
0 45.788067 472.199615 91.576134 94.024597
0 106.58744 404.644684 29.943253 26.563904
0 245.598206 361.339905 113.731155 98.052673
0 350.291931 540.67804 125.521729 95.994476
0 237.463104 488.091797 119.963821 109.540009
0 75.035072 412.228882 32.855175 30.299316
0 380.651428 282.405182 100.654175 90.463989
0 118.002388 454.252136 30.642624 25.217834
0 218.009705 496.464294 41.972229 31.829681
0 566.613464 632.42395 27.820923 14.533203
0 385.20636 61.959866 18.970886 18.427803
0 525.518982 361.464081 228.962036 204.899841
0 144.752686 245.487183 48.989502 46.293686
0 364.364197 527.304443 39.802917 31.628998
0 191.07373 439.282074 40.581604 36.773315
0 469.584656 73.247025 25.998474 23.068577
0 58.609055 544.344482 75.166412 69.560547
0 304.082184 498.335327 35.271851 33.103668
0 399.484192 541.178406 21.973328 19.641113
0 122.663361 430.337952 26.617004 25.013245
0 17.371773 357.13797 32.884254 59.109497
0 522.507629 65.425919 50.697021 43.697514
0 338.332947 263.375671 20.316528 20.030273
0 69.975357 540.081726 25.93478 25.744873
0 19.156513 503.424133 38.313026 39.06543
0 225.636627 493.516663 79.881119 65.626465
0 269.06369 584.416382 49.617996 69.337158
0 69.950813 563.622131 47.138275 41.459839
0 219.118881 558.5271 54.80545 38.981201
0 9.759052 606.689758 19.037216 30.430542
0 247.210205 463.411469 85.990967 75.181335
0 345.389679 498.480988 38.740234 34.138
0 360.891174 534.780151 71.877014 59.102295
0 45.341942 540.426392 44.974194 41.316406
0 4.459359 522.572571 8.48963 24.915009
0 273.435791 628.92926 45.727859 22.141479
0 50.295479 5.242515 30.646744 10.430655
0 120.508606 184.225449 20.977699 18.341522
0 275.558167 334.904816 153.91095 133.559937
0 249.569489 308.697357 70.071671 67.130859
0 168.990768 181.794067 35.681244 29.465118
0 110.753136 125.086899 77.73671 65.93222
0 444.325623 610.925049 72.067871 58.149963
0 23.788536 574.159851 35.676025 33.540894
0 157.231369 205.644272 35.540863 33.027313
0 626.757263 93.8144 26.485474 45.462021
