0 226.670135 327.663757 53.072906 48.907349
0 485.58905 403.728088 234.174957 247.37149
0 66.061722 54.947708 76.625504 71.160385
0 255.042175 500.988586 31.827316 29.880524
0 234.488083 380.529572 38.078583 34.725647
0 551.016663 254.089813 53.044067 51.705078
0 14.80049 104.663361 29.600981 35.494324
0 238.240112 22.206333 32.883789 29.911713
0 153.283295 331.910828 41.352234 39.209717
0 528.854492 573.602356 38.355591 35.441895
0 381.83371 587.903076 202.304993 104.193787
0 412.210968 12.163556 50.59668 24.327112
0 287.89856 483.598267 31.830261 28.289124
0 93.424225 12.051763 28.733139 24.103525
0 313.611511 289.999207 31.328796 29.14093
0 94.207207 430.123322 188.414413 208.813782
0 140.076141 125.473869 54.002045 55.865067
0 168.71579 207.325974 29.66037 27.314056
0 25.320709 149.665985 22.67415 21.510773
0 58.047066 478.266266 24.004147 23.668823
0 144.524475 10.107637 20.870209 18.991703
0 219.518982 598.152832 25.595551 23.623657
0 344.008087 200.60376 32.050476 29.70343
0 41.290436 521.482971 80.603531 76.188599
0 246.998917 264.864471 63.002838 57.78479
0 58.222198 11.05682 34.508865 22.11364
0 135.012238 219.483795 30.016144 27.053436
0 87.538841 191.930725 24.652115 23.560913
0 288.714478 443.805359 65.171936 55.450989
0 43.728676 315.892395 38.505432 34.964355
0 292.595398 22.049549 22.521362 21.719658
0 69.096863 152.553925 22.287888 20.114502
0 237.389114 96.625687 20.029114 19.09346
0 605.29303 368.477509 55.865479 50.569031
0 188.762619 270.411377 32.728424 28.798462
0 545.009827 599.794434 23.013428 21.611694
0 584.543091 538.27948 110.011475 116.50708
0 392.621124 247.811279 32.210693 29.68367
0 310.248352 419.587463 27.901062 25.255249
0 352.732208 96.513779 23.191467 21.370636
0 64.564079 570.079712 129.128159 139.840637
0 354.544525 64.864883 22.589111 20.556477
0 80.50248 340.397675 27.205582 26.615112
0 262.163971 183.14856 47.566956 44.060059
0 156.119797 276.172241 29.677338 26.669128
0 270.225647 269.832458 31.276443 29.734909
0 225.653152 423.009766 35.289886 33.630127
0 406.817932 170.067093 20.525574 18.396027
0 208.120697 573.263611 164.87207 133.472778
0 305.013153 330.133301 47.260864 42.446533
0 276.603638 420.066101 34.159119 31.179016
0 168.33075 303.566772 19.963684 20.426575
0 295.431458 554.543152 43.948792 41.057861
0 260.291473 603.655945 28.463272 26.334473
0 570.318359 159.917862 86.640259 67.593658
0 584.68512 119.858147 23.80896 21.588974
0 198.158752 239.726151 57.37439 46.357025
0 349.493652 429.757965 54.054871 52.479065
0 307.18277 7.149405 23.967773 14.298811
0 199.215332 27.457428 67.835083 54.914856
0 22.733589 133.563309 19.850817 16.62619
0 22.606215 363.000763 18.706059 17.585754
0 323.613617 501.087738 88.385071 81.619812
0 168.741837 53.748894 16.938934 15.668732
0 424.977753 267.36087 72.140442 67.91272
0 309.707184 135.45549 21.79303 20.514374
0 137.142761 140.70282 37.254974 35.302826
0 183.569778 472.699646 23.725403 22.920654
0 143.276459 63.536087 16.730835 16.228451
0 330.768585 152.717239 56.468628 48.327545
0 348.037323 328.584167 44.149658 41.601746
0 263.209747 404.017273 26.37561 26.161072
0 9.697977 161.369522 19.344418 21.625305
0 47.939903 251.161911 95.879807 119.387482
0 473.428894 270.567871 20.906189 19.512878
0 361.239227 313.554749 80.716003 76.685425
0 393.94931 145.544403 77.257202 72.448784
0 631.44281 225.685425 17.11438 41.111694
