0 558.798828 330.842896 150.729614 129.766724
0 52.620533 119.867661 72.406792 68.891266
0 92.755539 178.422638 94.378143 84.765656
0 463.59201 602.77948 26.214294 24.666016
0 133.467209 329.19046 266.934418 259.67627
0 616.282288 190.972122 46.201538 85.254547
0 292.257477 390.914795 61.057678 54.538696
0 423.815369 357.906189 37.673157 33.866394
0 432.264709 555.325562 32.379883 28.638672
0 459.391113 389.157806 62.85614 50.258362
0 565.473877 585.393799 23.428711 20.5177
0 521.798706 263.858276 29.748322 26.892517
0 417.457794 482.371124 24.982056 24.79071
0 9.156597 573.388245 18.048836 30.777466
0 260.506653 289.322937 38.271362 36.642456
0 12.443333 221.618088 20.316032 21.412781
0 473.49176 426.593018 34.074036 29.873657
0 532.978577 244.348633 29.784424 25.807449
0 369.033417 10.942312 24.525635 21.553265
0 118.901443 440.383423 223.228973 197.29834
0 15.984467 163.09433 30.467743 33.893768
0 513.370605 457.293396 40.682281 37.228577
0 334.158508 316.828003 18.00293 17.82428
0 591.977783 59.465805 20.004883 17.63562
0 381.888702 202.110336 21.22998 20.607117
0 602.620483 111.562668 74.759094 88.858643
0 415.536499 381.418884 18.070007 17.070007
0 329.93515 320.861786 130.739441 124.15271
0 579.028564 505.680908 51.332886 45.980225
0 621.397949 245.42627 31.004395 25.766434
0 573.32843 491.136108 55.841675 48.942047
0 31.51026 194.922241 35.781116 32.628113
0 432.073212 502.997833 19.173584 18.193542
0 445.256165 308.440277 18.296997 19.609924
0 545.239868 7.987829 17.907593 15.065826
0 420.07547 185.978958 28.656067 26.310089
0 522.420227 313.773346 22.125824 19.734985
0 419.194305 173.006683 32.585693 30.024475
0 427.487244 79.465515 50.44043 40.293274
0 130.515228 136.850861 24.906952 23.852234
0 367.40564 376.217682 17.30365 16.574768
0 422.981964 29.217228 17.124512 16.463785
0 474.117645 395.099304 40.476929 40.204651
0 241.848328 32.813515 226.047546 65.627029
0 403.675171 571.984253 27.651001 23.96521
0 527.406189 253.996826 34.646973 30.697693
0 398.411224 155.28952 16.712708 14.982697
0 228.083481 63.796761 19.680115 17.701275
0 375.315308 633.77179 19.820374 12.456421
