0 602.519958 43.393356 56.124756 54.524231
0 528.582642 89.219795 44.190887 41.171326
0 228.1474 63.029099 48.618164 46.419041
0 611.344055 105.449638 51.210205 49.425491
0 118.957375 230.306534 34.954056 33.492645
0 512.863098 315.355255 42.48819 39.514343
0 471.619659 561.766602 34.94928 32.278687
0 461.081573 343.511841 34.560242 32.129211
0 441.228027 115.014938 36.570068 35.122894
0 469.294708 450.346222 29.271851 27.136841
0 244.440842 404.390442 38.235321 35.342773
0 39.132843 522.720398 29.001701 27.585175
0 237.778183 573.702637 41.36319 38.818115
0 403.681427 56.504951 41.882019 38.903839
0 450.319763 260.033386 35.21759 36.291687
0 197.683807 516.407715 83.131409 76.166656
0 128.698898 328.128662 36.557678 34.050903
0 521.703247 545.277527 24.513885 22.681885
0 587.654297 74.095215 31.503052 28.820755
0 494.587372 466.529999 23.873474 23.312561
0 407.642059 621.849426 40.54071 35.312622
0 515.810242 629.093933 23.074127 20.343628
0 571.355896 249.181931 87.659912 80.675934
0 219.879425 114.981033 24.073181 22.357956
0 380.543976 149.310883 23.116882 21.988647
0 70.864929 286.443237 23.514496 22.379272
0 155.627289 391.189972 20.306854 19.518066
0 613.479492 358.187622 53.040955 51.287537
0 374.031158 317.35199 24.62677 23.744385
0 297.42337 14.238022 29.065857 26.251572
0 298.098969 362.053589 39.706421 37.963379
0 157.899017 591.549194 20.158691 19.57251
0 511.711975 274.226959 30.561676 26.982178
0 432.870758 8.560837 22.811646 17.121674
0 527.479065 361.494446 22.524658 21.472473
0 70.711136 591.324341 141.422272 93.895264
0 452.948578 289.521454 30.04718 27.172913
0 17.405697 544.568848 34.811394 39.815918
0 428.828888 276.58078 21.775574 20.525391
0 99.288078 62.990776 23.142838 22.385223
0 420.918365 310.166351 35.561584 32.94342
0 424.556793 456.578125 46.90979 43.401978
0 634.464355 194.434555 11.071289 29.176117
0 30.641945 297.152313 60.320312 125.990891
0 528.232971 420.122955 29.04895 26.932617
0 346.369629 371.395203 25.79126 22.521606
0 329.92511 575.949158 21.795776 21.129272
0 224.7659 364.490723 34.750702 32.911377
0 224.492584 324.963928 19.328644 18.881287
0 579.028564 389.853119 19.26355 17.958923
0 481.466766 122.468834 42.732422 38.427658
0 247.279846 325.132996 66.345505 57.888306
0 368.84082 554.709778 29.831482 25.701904
0 348.486847 628.536194 72.112183 21.938354
0 383.960999 247.996582 34.622131 30.535706
0 287.944183 281.761047 57.651855 51.582092
0 67.118103 158.635422 18.252075 15.223511
0 12.93517 237.620575 18.123121 19.190582
0 171.832001 464.99173 47.012512 41.603333
0 597.450867 364.173981 23.842651 21.485718
0 418.866547 236.348022 29.19928 26.781891
0 625.448853 234.985397 29.102234 40.806244
0 615.925659 228.025101 47.171631 55.129578
0 95.12442 307.918945 18.289139 15.9422
0 513.302185 250.059814 33.097443 30.003708
0 576.303955 99.133537 29.43396 28.454453
0 400.446289 367.209473 35.409241 33.635193
0 93.134293 110.845337 19.702728 17.742188
0 317.042572 73.337662 32.137329 28.06839
0 369.07785 137.663269 16.774353 15.218781
0 334.629852 414.463196 19.172974 17.950378
0 566.175903 611.469238 29.524536 29.667969
0 153.476959 500.821594 16.973755 15.57428
0 353.634491 512.738037 20.06134 20.212433
0 584.843689 330.506348 24.647705 22.183655
0 489.46524 120.510925 26.34845 24.100006
0 569.956177 603.986816 20.387573 20.227783
0 570.627747 452.041504 18.600952 17.320801
0 560.426575 231.816833 59.607422 57.152237
0 105.000214 335.593292 16.514557 15.837769
0 538.474121 57.202427 23.165894 21.109596
0 7.535649 487.692657 15.046515 20.347961
0 445.985077 174.251083 43.559143 40.146881
0 171.300217 79.651459 17.01886 16.12616
0 39.286827 18.808292 72.797897 37.616585
0 392.813171 231.659363 18.619995 17.704987
0 501.551514 404.293152 29.981445 26.530884
0 309.971649 393.538422 22.883118 21.342773
0 375.709717 190.572296 19.003357 17.817841
0 515.610657 486.371613 20.410736 19.082397
0 371.372955 55.486824 18.456604 17.881664
0 436.706299 419.922363 33.818665 29.310425
0 262.044342 246.222488 19.987717 19.8284
0 92.803703 68.397659 34.778763 27.420105
0 170.013336 270.298584 28.900177 24.336304
0 197.670654 572.099182 33.417908 31.098022
0 373.207947 264.85788 16.029053 15.500488
0 552.605164 484.149353 32.442871 27.631104
0 498.865417 4.515457 18.377502 8.833157
0 436.533722 632.028442 21.551819 14.254028
0 84.489502 73.004349 26.971146 23.502972
0 390.965668 237.171448 27.976807 26.966461
0 82.68158 444.184906 77.915039 75.17334
