0 67.705383 149.199402 37.883911 36.738739
0 169.623413 594.431396 112.919373 89.515503
0 576.449829 344.414124 127.100403 167.35498
0 592.339661 609.937195 29.990356 28.639404
0 421.669189 204.327454 111.634277 101.581787
0 381.976715 233.572739 48.273743 42.104645
0 83.122452 387.267273 87.408295 84.108887
0 300.830261 41.30687 25.995483 24.173231
0 580.193542 264.751434 44.442505 42.256241
0 530.439636 209.263458 33.065918 29.336395
0 513.821289 251.689041 27.904419 25.198456
0 366.08371 21.996937 104.704651 43.993874
0 386.952515 452.147186 37.76178 36.007629
0 229.94162 57.967342 40.703552 37.384865
0 502.603455 552.106628 26.798004 23.357056
0 195.342972 66.343643 32.002228 31.464382
0 456.917297 619.064209 55.142883 41.871521
0 351.453339 312.375092 25.033508 22.355469
0 243.370544 293.828613 68.981827 64.940735
0 275.97818 98.955185 20.96991 18.892471
0 194.854126 219.834106 284.572144 207.101944
0 491.662048 203.316849 52.744751 43.896545
0 512.696655 626.935364 24.938812 23.776855
0 369.202637 391.180176 34.576172 33.614197
0 62.4104 585.7995 124.820801 108.401001
0 323.74762 296.23111 98.975281 89.791321
0 530.444763 187.519073 33.84314 29.79895
0 39.207703 177.475403 22.81476 22.458466
0 210.614288 64.321457 60.139679 37.173004
0 494.73114 164.2901 66.348236 54.071564
0 258.480591 418.6203 19.268799 18.866699
0 455.837708 362.764832 143.503296 131.024902
0 264.103271 105.680878 112.626953 83.499817
