0 22.83872 84.461746 45.677441 56.772812
0 539.935974 96.53875 40.145508 34.984726
0 549.90271 390.41333 51.22229 47.335571
0 566.336182 510.78064 79.3479 70.643768
0 189.537109 22.179764 48.498291 42.571381
0 539.77887 161.211761 33.547363 29.503143
0 187.679413 258.025543 75.432159 69.064987
0 341.307343 140.815536 29.356995 26.075989
0 459.437256 326.763855 27.641113 25.359985
0 489.781006 368.097748 36.938721 33.154236
0 567.207764 209.082535 65.603271 59.393951
0 415.846985 565.194702 25.71521 24.080322
0 527.354004 224.094711 44.58139 40.182922
0 459.832977 418.53894 25.2323 23.94696
0 546.259277 250.327026 34.189697 29.355515
0 616.339966 488.76889 47.320129 54.405579
0 613.663879 235.441208 26.429932 26.540192
0 387.457581 286.080475 31.870117 28.258972
0 514.684143 192.632721 26.181274 24.877075
0 251.301178 87.450569 50.452881 42.98262
0 593.468445 624.816223 31.112549 25.323364
0 261.548309 323.61908 23.470093 21.703491
0 81.187462 558.136963 162.374924 163.726135
0 145.694153 297.603668 20.35495 18.26593
0 251.447021 586.594727 20.000748 18.5625
0 613.571411 56.830635 49.390747 113.66127
0 517.984497 174.981567 30.156891 26.022705
0 402.910645 209.147095 60.549133 61.263336
0 599.91864 425.992249 43.890259 36.372559
0 14.771812 225.407623 29.543625 86.067551
0 421.5354 562.08606 234.004364 155.827942
0 564.28064 301.0961 44.071899 39.069641
0 598.301636 128.696442 26.792969 22.383415
0 233.642853 581.351929 160.806229 117.296143
0 440.277893 560.84137 21.097473 18.11377
0 575.864502 606.11438 68.647583 60.873901
0 182.388046 529.439453 29.331024 22.80896
0 325.249237 512.695251 20.899231 18.434967
0 601.83197 403.049347 22.861572 20.090759
0 427.794678 61.80188 262.394775 123.60376
0 183.724701 474.590424 24.723969 23.643005
0 355.042908 306.669556 27.173218 26.34436
0 175.178757 549.386536 50.02417 40.306885
0 306.938019 153.988327 19.65509 17.643066
0 490.345947 208.728943 34.714355 31.27002
0 598.880798 178.647141 41.434937 38.021881
0 588.339417 572.858582 24.714966 22.108032
0 204.442642 433.900574 29.803619 27.782532
0 228.667786 514.135925 43.724152 38.236206
