0 524.609131 373.754578 60.567749 59.365906
0 27.203726 289.08194 34.992176 32.180847
0 547.67572 266.364105 32.710693 30.166687
0 350.473511 312.80777 110.695557 92.837708
0 131.861511 264.494781 73.382721 65.023438
0 424.329651 380.187408 26.641663 24.392517
0 227.436295 317.791595 26.38501 22.936768
0 530.243591 235.452911 35.102173 29.24939
0 49.871262 117.038574 99.742523 196.904175
0 228.73999 14.449936 52.95578 28.899872
0 514.772949 326.437103 26.555054 24.069153
0 151.304596 252.8517 45.787109 40.218109
0 152.804688 50.679092 55.822136 47.078094
0 528.99231 290.039978 28.019043 27.370667
0 551.215088 309.108978 38.821045 31.96582
0 510.528931 632.453247 33.653564 15.093567
0 374.192535 344.880127 21.53949 19.93512
