0 46.812492 427.570251 93.381668 90.265991
0 202.121216 113.478668 95.728882 73.913322
0 286.484467 126.071442 56.068115 52.924706
0 214.107803 386.622681 35.290619 31.729736
0 277.028717 482.515106 29.942383 28.476196
0 467.585297 387.741455 42.199219 37.520874
0 418.053497 25.251312 98.754333 46.909012
0 152.029037 364.9888 40.871368 33.509094
0 24.113077 345.949554 29.412907 26.930176
0 505.866394 358.213837 27.066498 24.20105
0 346.708984 59.371922 27.791809 25.504204
0 554.234192 553.122437 50.252563 41.967651
0 565.412903 239.376678 29.033813 27.186584
0 200.469223 261.850037 21.14093 20.691513
0 481.517731 319.810181 21.543701 20.296753
0 54.865887 14.824556 26.451256 20.85994
0 86.730164 499.691284 25.97879 24.65799
0 38.255806 257.509094 76.511612 174.677017
0 316.41272 259.383392 24.651794 20.838455
0 589.929565 394.693054 27.848267 25.682617
0 515.347961 434.964996 24.680054 21.122803
0 379.780426 334.03717 27.705261 24.032837
0 625.560669 238.394363 24.191772 22.037506
0 112.987053 26.260799 21.674057 19.350418
0 91.189453 47.221268 36.693909 33.218071
0 59.676823 43.023407 107.526024 84.929688
0 623.253235 128.249786 19.411499 18.710945
0 38.428886 8.025941 24.952715 14.74428
0 284.795288 566.884766 17.793884 18.718628
