0 428.048859 462.75647 40.744812 37.49585
0 370.217896 457.456757 33.683838 32.609375
0 543.183105 541.010498 49.351929 44.172119
0 409.503448 220.577728 26.323425 25.415802
0 390.090607 115.258209 25.42157 25.199966
0 518.67688 452.805481 31.749512 30.196106
0 126.508713 384.111176 24.954033 23.352051
0 404.231598 178.184921 35.440186 33.549408
0 230.781967 450.462952 33.023621 30.485413
0 632.656494 542.564697 14.687012 38.769531
0 598.3349 532.475464 63.517578 58.814301
0 128.192596 317.579834 18.554924 19.664185
0 496.174194 569.977722 66.2117 61.690063
0 466.587067 451.144226 31.2323 27.788452
0 107.497643 400.691925 16.411575 16.47699
0 422.424286 447.671295 18.504822 15.125977
