0 22.687386 602.358887 45.374771 46.194458
0 271.192535 489.054504 136.169739 119.954712
0 280.489655 313.264496 118.899658 96.94519
0 402.706299 55.977783 143.124023 110.646194
0 509.249268 11.001919 32.895721 22.003838
0 458.922363 540.006653 302.292847 199.986664
0 183.859726 521.813354 46.520355 40.059723
0 207.458511 175.063095 43.160431 39.246704
0 529.144897 268.811554 22.428101 20.23407
0 306.83136 389.583954 68.705811 63.05011
0 79.839607 603.71814 35.266479 30.359863
0 478.419861 384.734497 143.39917 134.0755
0 328.941986 22.12072 84.513855 44.24144
0 358.415131 355.087982 67.460205 58.409241
0 569.811462 230.955231 55.590698 50.344849
0 629.75769 9.024141 20.484558 17.7812
0 556.081421 55.114052 149.923828 110.228104
0 214.368317 402.281494 54.927795 50.246338
0 56.144554 281.77002 22.193806 21.386169
0 399.911041 285.697876 150.265503 133.664429
