0 431.195343 402.427032 32.299622 28.416809
0 379.472931 604.775574 66.664551 63.763672
0 535.986816 192.994873 25.585815 23.891785
0 41.087196 474.499451 20.789839 19.906311
0 435.778442 617.254822 55.058899 44.000977
0 513.352478 402.381165 44.531372 42.534729
0 284.094635 610.513916 40.36438 37.948608
0 89.223251 628.59729 18.296692 17.251099
0 330.881897 599.874268 31.781067 27.49353
0 335.622131 628.899963 27.034485 21.106567
0 338.032928 291.457794 22.903442 21.579773
0 505.416748 597.676575 116.808441 84.646851
0 455.083984 569.289307 74.549255 61.895508
0 531.470093 494.751556 112.352051 120.791687
