0 554.565857 348.792755 170.005981 154.392822
0 410.669434 209.615234 47.972046 45.626312
0 63.081921 627.4953 46.72065 24.360229
0 276.565369 422.934875 88.83461 79.2099
0 66.960434 416.972076 37.687077 32.845398
0 103.323143 312.057892 33.832626 30.844421
0 126.256584 582.810364 32.651901 30.006226
0 355.597809 507.427979 59.685364 52.00943
0 326.609558 193.484741 32.860229 28.999664
0 193.447128 499.365234 42.896179 38.718964
0 614.50708 582.247925 50.98584 75.686523
0 535.894531 269.150909 57.267578 49.272339
0 546.986267 51.28093 35.469238 32.456863
0 52.943398 222.460846 103.378616 161.683655
0 567.206543 452.991272 106.608887 91.909363
0 258.175385 611.429688 33.047623 30.547485
0 628.041382 41.428848 23.917175 22.996689
0 457.787018 214.758072 48.204468 42.369904
0 455.880005 104.613831 34.910583 30.95488
0 318.868286 552.746704 27.3927 23.067505
0 216.650696 207.780396 39.011658 31.946472
0 190.724167 423.517426 37.687897 31.370422
0 138.466766 451.424469 86.999908 68.48938
0 186.720444 400.027771 32.559814 29.923584
0 463.352295 411.94342 140.34436 134.961182
0 134.953232 541.294556 27.614258 24.434326
0 463.657745 259.559357 73.645325 63.378479
0 265.766418 35.899723 32.819275 30.270958
0 578.258362 252.530334 28.544678 25.302917
0 257.330261 139.124817 27.159561 24.103432
0 270.181244 278.452148 24.058411 21.215881
0 329.096252 139.331161 33.905334 31.432777
0 422.783264 297.924072 38.450195 32.885254
0 250.876892 239.161407 27.209946 22.809387
0 568.39856 240.327744 33.013062 28.084381
0 313.187225 97.910645 25.857117 22.581909
0 187.821045 8.713724 21.19455 17.427448
0 107.265579 610.9328 29.353546 25.321533
0 566.248169 86.285187 30.677979 23.999084
0 206.426056 558.683533 101.184189 89.213989
0 550.395325 522.633301 53.27417 47.793243
0 245.050095 109.684387 26.187286 22.720718
0 391.865082 533.871643 39.375916 34.566406
0 339.936432 44.047707 23.743103 18.958298
0 100.821922 492.64978 25.650482 24.284851
0 284.381866 522.827026 106.01123 88.249756
0 292.806549 471.49292 25.420532 22.190857
0 196.251511 323.605713 25.011292 22.966797
0 134.900391 458.219971 41.837593 32.620911
0 365.915619 550.039368 65.057434 49.196777
0 505.577148 8.085693 32.563507 16.171387
0 522.912842 614.590576 27.862427 24.999146
0 626.269775 511.321289 20.832153 20.280518
0 287.459229 231.045685 27.43335 23.646759
0 498.778442 397.14447 28.525909 24.769714
0 285.385803 379.851959 68.122299 59.535034
0 434.090668 561.694946 28.671692 25.102417
0 312.253296 580.230896 47.837646 38.545288
0 12.056185 474.436493 24.11237 64.43335
0 81.872696 232.166565 25.64003 21.4198
0 42.780357 593.704529 51.210224 45.353882
0 601.408936 498.832764 57.256714 50.867096
0 603.657471 17.936192 23.075317 19.424309
0 193.337708 231.286194 19.456055 17.272644
0 446.379944 68.993484 31.042786 28.667084
0 265.86264 465.053223 37.301712 32.083984
0 623.681458 293.408264 32.637085 34.713501
0 633.009033 195.764618 13.981873 16.831329
0 25.838015 220.271576 25.933781 23.497559
0 434.852051 172.763275 58.491272 49.094635
0 449.124023 5.60927 28.915833 10.800789
0 475.96463 523.437622 17.340149 16.405518
0 178.17598 195.48465 18.336884 15.193848
0 10.784479 116.923088 21.282005 38.743546
0 379.765686 307.292786 25.841553 23.115723
0 256.743927 294.685974 22.384995 20.112183
0 233.793152 565.932739 51.188354 48.805908
0 476.682861 450.41333 92.455688 92.614075
0 509.337097 38.413708 43.292236 34.579811
0 310.484741 107.473732 31.654114 27.56604
0 391.591492 144.32019 24.14917 21.12793
0 114.502663 526.702087 23.643707 22.377075
0 242.645721 6.172179 19.494171 10.974001
0 181.092789 283.688202 19.657928 19.027649
0 495.647217 63.525726 25.390869 23.026485
