0 429.533539 125.678513 216.993347 203.407898
0 363.843842 380.26178 75.491638 74.442383
0 44.367069 586.80957 88.734138 90.830322
0 235.819565 84.107925 32.267761 29.929626
0 26.85676 190.466599 27.020023 23.498657
0 217.119095 230.003769 23.383789 21.60907
0 425.773529 340.896606 60.498474 50.069885
0 560.445801 587.144958 159.108459 105.318359
0 16.967075 401.6651 33.934151 36.621765
0 144.19603 380.318359 30.647888 27.611511
0 493.522766 20.547108 69.794189 40.990883
0 58.261642 434.508362 48.601303 42.532288
0 630.27124 562.868713 19.45752 25.739258
0 426.475098 20.836182 35.127563 31.679665
0 431.343048 108.020615 24.960632 23.938553
0 475.181152 490.575287 45.698975 42.530396
0 506.881836 289.680664 125.762787 110.194702
0 285.333191 156.640137 30.66217 27.5159
0 317.36264 286.72113 26.471497 24.829773
0 555.003479 224.386276 19.90979 21.180023
0 34.11689 521.800293 54.310883 51.707397
0 472.581696 354.153015 22.177917 21.678528
0 53.257095 398.897461 27.955402 25.385071
0 615.281189 379.652527 49.359131 150.768677
0 355.260681 603.676392 35.298096 32.15271
0 450.959778 11.692356 28.464355 22.207874
0 7.829184 506.402985 15.658368 20.340759
0 364.309601 324.091309 23.264771 21.505432
0 24.335266 539.553223 41.886078 34.981812
0 593.534912 235.104858 19.382568 17.343597
0 232.845764 548.574951 18.220367 16.244019
0 409.345062 619.194336 40.265869 38.94873
0 199.105392 336.772858 124.017731 132.942505
0 56.149853 368.594238 50.498894 42.337646
0 246.045105 265.631592 66.216202 61.709106
0 312.707886 369.294128 19.038147 17.021729
0 427.065826 476.333191 59.499146 50.994141
0 150.548904 10.306459 90.528076 19.552437
0 227.974182 359.445007 36.965485 32.652405
0 562.330139 185.331284 17.947266 16.025604
0 100.856148 450.524933 38.888046 35.894775
