0 520.511169 268.720825 29.300415 26.132126
0 321.119049 15.101268 44.932129 27.62681
0 565.430542 195.627762 27.08252 23.209595
0 270.678162 90.844803 28.506836 28.353668
0 516.441467 131.686096 27.237518 21.558128
0 159.736588 201.195633 23.235992 20.850372
0 173.403351 73.625961 21.852386 21.750671
0 76.37278 190.181976 25.886032 23.478973
0 125.500282 145.470093 33.614395 31.641541
0 440.661926 348.224487 50.49823 50.773438
0 91.03466 241.540985 38.921158 36.626389
0 327.353027 222.408508 78.540344 72.674545
0 404.161621 73.302063 134.985168 115.160736
0 142.586914 502.757996 24.974091 18.604004
0 279.151581 50.39724 41.2677 37.695145
