0 255.713348 355.525146 27.717484 25.902649
0 44.375092 474.693573 42.622025 35.611572
0 385.020905 301.793579 28.048706 26.208069
0 393.030426 319.88559 70.49762 61.64502
0 607.843506 182.449432 30.623657 27.125977
0 68.655365 458.619659 29.108765 26.830811
0 79.202858 95.957214 25.504623 22.323105
0 94.61113 396.849854 24.620209 20.650635
0 388.380005 306.313568 47.34552 42.015564
0 562.386353 30.21162 70.984253 56.159592
0 244.64328 622.296692 20.229004 20.200806
0 470.577911 279.418091 27.70752 26.475281
0 538.225342 198.031143 38.260132 33.354401
0 546.083984 417.965546 19.018799 18.204468
0 8.361546 135.236725 16.647778 26.153473
0 484.6297 235.101501 93.944702 74.110916
0 49.146011 186.438858 47.62413 45.411865
0 202.659225 572.450378 47.692169 45.280273
0 21.910299 584.91571 43.820599 56.594971
0 582.244568 21.878487 70.376221 43.756973
0 114.47509 90.29332 228.95018 180.586639
