0 229.774475 485.027893 148.895493 125.974396
0 356.345673 568.798279 32.58905 29.99646
0 48.327564 180.017105 31.239311 26.870636
0 465.904266 311.145111 31.703308 27.870422
0 289.694916 286.005554 30.139893 26.839294
0 386.166382 299.66507 38.250183 32.585632
0 117.528458 149.07254 28.206474 24.832245
0 578.749695 410.897858 26.777344 23.292664
0 363.095154 406.720947 30.883118 25.717529
0 605.026001 150.127808 32.185059 26.767609
0 67.291405 284.955963 107.074478 99.555801
0 568.084717 479.03299 35.461914 29.099548
0 490.173981 155.288071 26.760193 23.157043
0 294.292297 365.634644 30.695312 26.863464
0 373.619751 194.471466 27.805725 24.27182
0 608.136536 356.773468 27.047363 23.505676
0 298.448425 438.855072 34.756104 30.854797
0 87.447174 21.179806 166.47345 42.359612
0 406.226624 42.52277 22.848145 19.611038
0 527.808228 245.27597 24.969238 21.413086
0 585.63739 101.7061 31.334473 29.192413
0 487.787628 196.965515 24.391296 22.083038
0 487.766602 445.938721 23.832214 21.116943
0 285.256866 599.238525 32.441345 26.336792
0 369.079865 374.640167 28.755798 25.137756
0 368.46991 599.632202 26.395508 22.446167
0 313.122772 390.723785 43.866455 40.095825
0 576.024902 548.148254 41.785889 35.889648
0 266.732666 160.915588 79.609665 64.613586
0 632.144531 144.165329 15.710938 25.990021
0 401.738342 61.625572 26.452942 22.090313
0 333.293304 437.735413 95.267395 82.026611
0 409.139557 512.043274 24.465759 20.264008
0 399.385559 466.817047 63.76355 50.013428
0 260.363647 212.662964 25.049561 20.88208
0 160.970093 182.663208 27.412292 24.536957
0 521.475037 482.00061 20.695679 18.194946
0 201.346497 262.501282 48.267914 34.925842
0 366.0513 20.859407 106.953674 41.718815
0 630.011353 18.696465 19.977234 34.474129
0 458.729736 55.000355 24.997681 21.757698
0 280.206116 119.441841 48.355042 42.68306
0 328.420959 177.817169 44.439209 37.587585
0 301.792969 308.216553 25.39386 23.949524
0 296.626495 627.730103 25.950256 21.824341
0 478.401489 226.048889 81.889313 67.160385
0 478.122803 345.2948 36.410706 30.671082
0 296.807861 397.385651 72.980591 57.15033
0 28.878805 258.561279 22.261669 18.506027
0 401.189941 324.684509 32.749084 28.145691
0 245.185944 444.018616 76.226791 70.220825
0 246.932434 633.681763 18.232864 12.636536
0 402.699738 10.29797 38.19397 19.745453
0 142.98468 375.215729 265.051514 198.853455
0 103.722664 67.874664 40.292953 34.71542
0 298.842316 345.255127 22.652771 19.607544
0 564.546997 352.241608 23.756592 19.166809
0 10.289879 531.838196 20.579758 27.161499
