0 378.414886 310.042969 70.428162 62.266357
0 307.062653 452.427216 58.736511 52.066223
0 270.580902 578.536804 35.842361 29.908569
0 226.027298 443.445801 30.436249 27.354248
0 221.292267 491.133118 53.306244 45.509125
0 139.57843 281.971619 36.228241 32.07312
0 296.593536 516.323364 44.96582 39.115967
0 471.465515 621.173157 31.485657 27.614746
0 289.24231 420.785461 28.191162 26.888489
0 433.34082 357.467896 47.152832 41.322693
0 327.196747 478.733185 33.04895 26.219482
0 50.714211 427.616516 86.775467 62.436279
0 106.551399 291.864777 34.692551 34.066406
0 177.025757 466.871094 67.550049 56.806458
0 592.591431 574.442505 94.817078 95.083374
0 175.905289 606.926514 33.624756 30.196289
0 443.135529 582.69873 18.759583 17.603027
0 32.280891 390.325317 33.821785 32.871948
0 120.082474 486.483368 31.2407 28.403198
0 262.904083 613.938965 19.937912 17.981201
0 350.959106 356.15094 40.794067 39.219116
0 290.091553 529.029602 53.252747 41.419464
0 124.897964 287.823792 53.686134 35.000916
0 66.964447 557.439453 133.928894 152.402832
0 419.166229 629.683472 51.428528 20.632996
0 581.091492 506.161011 22.441284 19.744659
0 204.53035 405.259491 27.996765 25.0448
0 324.712036 629.861511 20.954102 16.440063
