0 345.631775 150.927399 177.924744 166.855225
0 422.051483 312.586182 82.959229 79.213135
0 591.515198 146.868317 32.623779 30.807983
0 25.491728 198.234283 24.97646 23.397644
0 201.567215 155.782272 28.955536 26.669464
0 343.490326 626.476501 33.875488 27.046997
0 582.942871 542.07666 114.114258 195.846649
0 84.629227 60.094093 36.906616 32.847351
0 318.089142 31.116302 28.763 25.090805
0 464.288666 631.521667 19.277771 16.145264
0 105.140991 159.92775 35.589691 33.990631
0 152.392166 284.168213 33.598602 31.430969
0 331.27179 439.60318 36.191406 34.225342
0 119.168808 28.423107 98.505371 56.846214
0 82.181816 624.910889 88.633408 30.178223
0 53.558964 110.541138 23.178001 22.378815
0 254.11618 203.777161 22.972214 22.269165
0 178.695572 8.296171 42.538483 15.50877
0 364.695343 376.001312 21.766602 19.866455
0 289.641815 414.339783 20.731079 20.398926
0 30.7444 113.318626 26.661634 23.83165
0 92.567802 409.036987 23.173035 21.734436
0 564.543518 229.619415 26.456543 25.353485
0 589.246643 74.16008 50.219238 46.297562
0 33.166679 90.89312 19.190849 18.10788
0 174.511215 57.593536 50.476654 44.368656
0 233.701752 303.951538 73.8927 68.42218
0 496.101471 146.191498 19.557129 18.820129
0 421.503479 402.153381 23.39679 20.257874
0 376.402893 593.697937 20.667725 18.040039
0 482.25412 227.297394 58.83252 52.437988
0 414.843536 251.361099 19.787292 17.699188
0 436.351929 411.81366 22.448486 20.209106
0 625.779602 93.847649 27.900024 32.192459
0 206.905563 607.179016 17.94873 17.407349
0 183.312256 389.115662 141.88678 127.416138
0 119.756714 436.758881 20.505318 19.286072
0 323.727203 291.018982 21.980408 19.422729
0 94.936859 248.227036 68.835083 62.410614
0 359.488617 430.431976 68.165588 53.710083
0 296.282379 609.32251 88.591125 61.354919
0 151.64592 91.488762 20.376221 18.214447
0 179.164154 491.043427 19.560028 18.326782
0 594.799438 101.954819 44.653687 34.646347
0 49.991135 17.551376 40.770473 33.161041
0 363.265411 523.539917 21.596191 20.471558
0 553.865601 33.390541 90.581757 65.434036
0 210.607635 102.322327 23.986053 21.228058
0 614.396301 45.697426 49.852905 56.732044
0 626.988403 20.429953 26.023193 40.859905
0 434.376373 239.085983 18.660706 18.151794
0 502.737305 295.782501 24.173462 21.992859
0 231.550034 186.237442 21.421234 20.074036
0 429.41156 420.197723 39.968994 35.394348
0 369.837494 553.006226 50.24939 44.142944
0 460.165314 46.25428 37.797119 34.895813
0 431.55011 408.713684 34.922791 28.955811
0 175.200638 598.754822 25.651031 24.627197
