0 535.728516 229.176178 75.704956 61.944763
0 195.030945 388.992371 187.309631 154.221497
0 381.849365 224.281708 42.796631 35.218414
0 63.13324 361.023865 117.082397 103.656494
0 197.854584 266.377197 80.851868 62.552475
0 331.387756 245.964996 49.311523 41.644547
0 378.819031 510.661774 237.383606 182.763733
0 624.136963 318.110168 31.726135 35.442322
0 386.768524 27.054794 46.33252 40.396172
0 153.167053 163.172653 275.84668 219.713409
0 503.192413 333.925903 49.060608 38.822327
0 161.923981 40.596062 36.250854 33.736252
0 463.414459 380.978699 72.270569 59.891052
0 552.230347 137.894119 35.821899 29.041321
0 447.413635 90.431793 33.661133 26.666962
0 410.990082 12.086351 35.323792 23.981976
0 510.152588 147.574814 26.329926 23.093689
0 621.186401 51.822987 36.672363 32.851784
0 308.998383 182.338867 40.518738 37.914734
0 68.505577 282.389771 25.504925 21.690918
0 27.064003 306.402893 53.532967 59.182861
0 425.471649 68.790047 36.908386 32.716843
0 517.201782 165.380356 22.480804 18.649353
0 246.689484 52.041603 26.742172 25.62672
0 298.10434 71.574112 32.190979 27.692783
0 434.004486 166.067291 22.723083 19.561218
0 129.079254 545.99353 34.454826 32.726562
0 57.325584 525.821533 113.370804 142.169312
0 539.679138 12.452044 38.645386 24.71167
0 321.894409 103.165222 22.725586 19.473999
0 611.442017 457.12558 23.468872 19.99231
0 422.426636 287.479218 20.816162 18.023987
0 190.567749 15.131426 54.347046 29.576641
0 502.536835 94.89016 26.938416 25.509232
0 23.313511 33.415665 44.922531 41.859024
0 116.07325 490.292084 21.483032 19.823303
0 354.584076 104.4142 39.378174 33.565598
0 11.978212 259.414459 23.956425 54.783203
0 613.668701 356.230408 52.38208 57.503174
0 413.567688 322.578888 39.840942 38.910889
0 587.922668 94.499802 23.496704 19.338638
0 236.157593 12.239654 42.614868 24.479307
0 514.587402 56.054398 28.196777 24.009068
0 187.088776 609.423279 44.648132 42.984741
0 164.586014 4.40244 19.491028 8.467184
