0 371.27713 546.207642 125.438293 105.911743
0 513.610779 531.763733 105.001831 104.442108
0 485.137634 250.5672 166.594574 134.609924
0 225.776489 267.595947 55.075928 49.425278
0 158.03479 480.655945 49.456299 47.032898
0 211.630905 500.907684 41.13797 38.214539
0 121.837128 499.49884 31.950592 28.389618
0 39.085114 500.96875 26.489914 25.307892
0 194.519104 563.529785 25.46344 23.919678
0 564.304565 471.513458 31.356812 28.257568
0 386.433502 513.566223 38.092712 37.429443
0 527.041138 111.023041 185.776581 176.246765
0 405.292572 387.023987 45.531433 41.229675
0 223.639618 617.06488 25.386932 23.349854
0 123.346306 556.045898 22.831253 21.141846
0 543.055664 443.881317 20.599121 19.923828
0 500.349304 599.147095 212.686523 81.705872
0 82.884109 372.384796 45.087738 38.153809
0 231.932724 569.772034 26.585114 23.639404
0 183.014145 149.349655 91.07724 76.007141
0 460.979431 414.674591 20.463867 18.352661
0 306.376038 469.349396 20.132629 19.926697
0 95.999039 110.420822 191.998077 220.841644
0 376.774261 358.714569 25.608398 22.798645
0 83.698853 564.905823 20.471466 19.778687
0 591.046814 205.125275 54.992188 52.177521
0 331.63324 333.534027 45.232544 36.925354
0 324.029205 563.944519 24.463501 22.486206
0 213.756317 543.890686 25.403076 22.828125
0 190.064438 45.469273 29.323364 27.714508
0 138.381836 296.312317 25.696716 22.598511
0 283.486206 544.92749 19.92218 18.629028
0 123.09819 478.095886 18.892387 21.614319
0 146.913696 267.585876 33.956696 30.709351
0 200.83725 607.045044 21.38208 20.821533
0 449.131744 16.146107 50.998962 32.292213
0 135.78421 241.135483 69.088982 61.871063
0 496.571655 338.953888 20.339111 18.317871
0 270.742828 619.147644 19.528992 17.86499
0 98.642448 311.017914 20.50769 18.764648
0 610.297729 250.233246 52.896118 49.848816
0 453.606293 618.381775 123.727966 41.748535
0 340.533661 256.378204 21.855652 18.656311
0 54.85606 526.560608 19.879326 18.523193
0 600.362366 565.609741 79.275269 112.579468
0 535.96936 323.164032 56.310791 53.4646
0 226.831161 554.856812 20.405334 16.626343
0 286.875031 545.83667 35.625366 28.473999
0 522.30249 361.262543 22.153931 19.808105
