0 44.743713 33.891685 89.487427 66.148178
0 396.99057 426.600769 46.211243 38.726929
0 477.079865 72.484062 28.369873 25.122585
0 577.640747 91.281281 37.067017 31.847061
0 624.42865 210.881348 30.352539 28.560455
0 518.74469 599.295349 28.27475 25.552246
0 401.80899 129.218735 44.113281 37.312836
0 539.203735 131.990128 26.011353 23.060493
0 358.309448 100.438072 26.213318 23.154953
0 299.895477 606.922546 30.785828 28.791138
0 449.135406 47.56649 28.385376 25.131393
0 570.385376 581.12793 53.071411 49.826538
0 564.005493 532.482056 30.154785 27.96167
0 616.69989 180.198502 27.927246 26.206085
0 149.026489 241.557495 24.171997 20.751068
0 321.25238 522.02655 98.122009 89.323029
0 594.13562 165.706696 23.084595 22.510193
0 601.674072 142.958252 22.959961 21.073853
0 241.683411 561.696411 29.872452 28.21228
0 262.295898 273.978119 25.951614 21.607056
0 601.65033 66.220146 31.740234 28.046947
0 73.999397 626.891418 42.563587 24.347534
0 584.953247 328.203094 32.928589 26.289429
0 378.121063 598.115967 115.701538 83.768005
0 392.961456 121.195374 34.745117 30.415527
0 116.21888 293.026978 43.040085 40.814209
0 136.388992 621.864197 40.779976 35.858521
