0 370.266541 537.730774 155.069702 129.041351
0 542.732117 71.990463 120.703033 99.437729
0 630.633667 125.776047 18.732605 21.622917
0 436.633301 122.593658 29.788574 26.624519
0 464.346069 94.76545 25.529968 23.432632
0 353.282135 457.314178 21.947021 20.700012
0 435.834076 347.851898 54.563538 46.807312
0 489.506012 5.785318 19.634949 11.570637
0 417.354401 466.247284 24.425781 22.542847
0 399.615112 591.429321 33.294067 28.604614
0 59.073715 262.306305 39.074192 37.468994
0 540.135193 496.764709 30.87146 26.299377
0 281.440521 533.493958 19.43512 19.844116
