0 193.957657 442.951599 146.694916 126.250977
0 298.699585 384.433105 118.507141 102.649231
0 115.980782 256.603241 103.886185 87.840637
0 49.737778 627.914551 37.861801 24.170898
0 193.780991 165.456497 60.015045 48.508026
0 381.146576 282.313812 42.122925 34.049561
0 100.593712 146.766708 38.126602 36.52002
0 471.409515 259.647919 36.445312 30.564941
0 220.89386 312.903259 32.704529 28.298218
0 182.902939 243.328186 53.068939 51.844971
0 306.864899 103.049088 33.810303 29.981781
0 596.132446 69.566681 27.45752 24.58984
0 242.518509 211.972794 27.859894 25.924103
0 526.65094 71.823044 30.563385 27.38055
0 234.005524 46.489628 25.540863 22.426628
0 26.317331 508.311737 37.255573 32.806091
0 506.035217 112.429039 27.984406 27.102676
0 424.959747 608.949768 21.766174 20.506958
0 461.909302 185.756012 34.721985 33.118988
0 492.956909 59.065422 23.009644 21.394741
0 188.110031 311.183441 31.269867 27.191711
0 318.360382 231.535416 59.759094 53.562653
0 481.012909 14.540241 28.757202 25.699516
0 541.513916 197.647705 22.164917 20.499451
0 172.187347 19.05899 23.581726 21.325195
0 121.028618 597.108215 40.431229 36.605347
0 275.248596 592.998779 19.806519 18.902344
0 454.801147 600.425293 22.562927 20.247314
0 100.751106 336.973175 50.666168 47.091125
0 295.90387 138.069733 25.999146 24.708183
0 423.385773 228.291931 43.717957 36.559479
0 44.239548 452.074127 22.047913 21.469299
0 250.142548 585.362244 121.85083 108.126099
0 476.423828 43.676392 22.285889 20.178513
0 617.17865 13.27877 23.973633 22.358635
0 430.59259 200.242615 43.410767 37.050873
0 486.33078 82.000435 22.694519 19.320511
0 450.019897 156.72467 19.110352 16.360291
0 451.15863 70.438499 126.021576 120.350784
0 554.261658 266.796631 46.272705 34.900742
0 344.688477 105.005341 36.726074 32.895493
0 370.063751 187.793869 106.817993 104.738312
0 248.769394 150.168518 61.968781 52.125801
0 191.538574 33.186409 21.123962 18.693977
0 224.584198 8.46821 25.224579 16.93642
0 557.844543 50.573959 19.353516 18.626442
0 568.631226 262.713684 26.516602 23.770493
0 535.652222 27.730797 61.333618 51.167336
0 49.610466 546.961243 87.475235 80.116364
0 320.757904 586.445435 17.435852 16.118408
0 390.475159 380.914978 18.831665 17.928833
0 538.858887 11.906563 49.734375 23.813126
0 170.90654 284.736115 34.188019 32.073792
0 352.557373 173.521988 18.258911 15.669739
0 457.099365 239.67247 31.637878 28.655365
0 291.865112 185.122116 61.961914 56.526611
0 372.867401 156.253357 78.520325 65.654266
