0 380.8862 495.965363 58.555359 54.771179
0 615.924866 606.317627 30.015503 26.900635
0 527.475586 136.780258 80.89621 68.950562
0 488.139526 83.897125 30.653931 28.120941
0 236.453186 21.286407 37.840881 30.890907
0 576.680176 183.221634 83.472656 70.748505
0 322.314575 419.852051 64.710938 58.582642
0 71.003113 191.019684 31.048191 26.846741
0 70.829529 561.537048 38.327255 34.608765
0 314.700409 316.934906 133.83551 106.933044
0 125.880844 103.201973 37.023499 33.093521
0 559.94104 558.067932 160.117889 146.777313
0 356.169861 450.18988 51.172241 45.190979
0 457.112274 522.893921 56.590332 48.492065
0 231.100174 559.460083 24.272003 21.743408
0 521.728455 432.868591 204.90625 174.52832
0 105.977264 43.919174 22.190125 19.68055
0 402.653992 429.162323 37.088196 34.803345
0 185.966797 398.808319 18.767517 18.107239
0 486.211609 38.325134 183.711945 76.650269
0 259.676239 236.386963 113.935425 94.705917
0 354.244415 599.049561 23.285156 21.347168
0 28.923073 612.629761 34.365814 33.521851
0 55.055183 631.394348 39.771042 15.212646
0 549.768066 631.005005 19.113403 16.784912
0 183.671585 578.237183 60.143585 53.184326
0 522.479553 98.155167 39.427979 34.428329
0 163.172104 151.859451 48.514771 39.31189
0 444.870544 83.239777 20.245544 19.19133
0 101.339874 434.840149 190.41861 267.59021
0 459.44281 161.438034 38.168335 35.205841
0 304.728149 367.973938 28.640503 23.685669
0 363.323059 15.451117 47.248413 30.902233
0 263.624207 567.799316 96.710938 76.940674
0 462.930298 593.513916 261.676544 92.972168
0 577.144592 246.509033 23.383667 20.018372
0 307.924835 280.96051 35.085815 29.669739
0 365.72403 473.355164 66.195374 64.509277
0 282.396332 170.495392 15.745117 14.279785
0 619.389038 135.324142 20.720581 18.536766
0 347.59021 129.407578 93.332764 77.385094
0 89.083008 243.211014 158.142334 170.208527
0 36.446575 250.073151 43.104904 40.577927
0 62.734085 68.235634 21.084656 18.908123
