0 583.480347 115.542824 35.934814 32.426407
0 278.809509 205.249084 30.761902 26.187988
0 40.101158 64.508881 37.681534 34.060089
0 108.354553 129.770294 52.176575 47.611992
0 356.226227 139.52005 26.775146 26.045677
0 629.425171 448.403381 20.970093 22.236389
0 592.138123 201.96701 18.726196 17.168274
0 246.131409 45.918823 23.136612 21.646774
0 165.323456 250.098801 34.894653 30.731903
0 446.579865 472.379211 61.870361 55.636353
0 615.047119 294.737274 28.287354 25.505371
0 8.908278 127.927765 17.816557 25.79232
0 234.394058 291.632324 41.847443 40.169373
0 15.207285 412.17569 30.41457 29.570557
0 346.571503 112.455978 18.646973 18.130585
0 415.813904 40.042938 29.231995 27.888596
0 177.990875 85.176346 35.188599 34.84845
0 251.739685 179.49324 21.184326 19.468903
0 149.592072 495.421631 29.903198 21.514893
0 593.66925 181.824951 18.459717 17.6922
0 212.962326 154.799164 41.35849 39.579285
0 101.296036 411.511475 47.703644 42.713867
0 300.378265 33.712936 122.02301 67.399902
0 267.420685 339.051147 42.612427 41.557373
0 159.034332 358.586517 41.744904 36.333801
0 427.004852 117.185379 64.075745 59.3787
0 47.015984 137.737732 33.823837 30.499245
0 134.838394 338.515717 37.270485 35.838623
