0 279.993835 402.758087 31.330017 27.934875
0 297.990509 48.792976 28.570068 25.430923
0 394.593964 310.255005 23.049072 21.5755
0 356.935974 324.30249 23.372803 21.343811
0 611.510986 19.552673 56.978027 37.607254
0 291.871613 379.885651 23.334473 22.061462
0 235.093811 347.079712 20.914246 19.455688
0 357.906128 569.745117 19.941406 19.424805
0 461.876099 609.78656 25.293213 21.286743
0 551.877686 9.583355 21.358032 18.043022
0 128.67804 171.913879 45.932526 42.554596
0 512.514771 633.061401 29.261017 13.877197
0 211.931702 239.446518 21.931488 19.142944
0 120.702675 468.565063 27.755936 24.203796
0 613.786804 553.193665 21.223267 19.039551
0 14.636898 527.435852 28.161507 26.046753
