0 622.428894 462.861237 26.054077 25.067627
0 458.022522 124.645332 44.172119 39.0746
0 346.62207 162.523315 29.517883 26.822418
0 125.534256 485.697876 25.058899 22.990051
0 67.598503 320.591827 25.946991 23.521667
0 540.949707 476.561523 26.731812 24.697266
0 439.715454 10.038734 35.39801 20.077469
0 252.930435 261.66507 27.602814 26.435654
0 21.430595 230.795776 25.425224 22.713196
0 275.509949 264.906616 26.198364 22.133301
0 524.384644 76.398407 75.046631 74.277603
0 161.193726 303.382385 74.085213 70.527161
0 32.702862 251.398529 20.928535 18.257126
0 438.079315 96.562714 22.269409 19.840118
0 421.861877 576.798401 20.135742 19.337158
0 524.722656 451.501343 38.078735 34.426758
0 196.952026 594.541077 27.918701 26.141479
0 258.413605 520.56897 16.883987 16.878418
0 508.478027 412.408508 26.579498 24.252258
0 465.724396 555.380127 31.895813 30.102783
0 163.212723 625.362122 45.132599 28.744507
0 230.694153 20.690197 36.117096 29.771505
0 34.307716 267.85025 20.049255 15.901245
0 212.170486 40.843262 85.42099 70.3638
0 334.055573 569.434753 18.25177 17.914795
0 296.515869 267.552917 22.116638 21.260498
0 17.472153 39.890667 34.944305 37.698166
0 74.492004 48.393463 19.408966 18.211266
