0 502.504211 366.704407 169.297516 160.820312
0 346.785156 496.0401 67.408325 64.331696
0 410.878845 472.610046 23.999268 22.498535
0 607.172852 153.564209 55.261108 52.970375
0 249.497528 282.512329 30.366409 27.599609
0 332.426025 283.978577 31.916931 28.876526
0 157.556717 544.555298 33.61203 28.586792
0 171.487076 242.393845 25.359802 22.642853
0 487.400787 508.516327 122.837952 103.511658
0 205.357285 582.443054 23.427216 22.89563
0 334.396393 186.356644 50.212524 44.548126
0 331.266602 316.904144 152.1651 131.316284
0 364.473999 159.827942 56.076477 51.062622
0 220.31958 96.682335 35.373749 31.370148
0 296.820953 128.576996 127.657349 115.995354
0 97.582703 176.569717 23.971375 21.384766
0 59.257095 617.826477 49.719761 40.053955
0 137.714996 195.639877 30.401001 26.958893
0 280.409271 238.758469 60.3629 51.172821
0 354.789673 330.822479 17.426575 16.275452
0 48.119881 24.680454 22.057846 20.94384
0 391.138763 436.231903 18.050903 17.313904
0 207.107635 380.199493 19.892426 18.743958
0 138.913147 86.74015 24.106087 21.858795
0 489.161591 204.779938 213.361877 204.918274
0 410.581573 417.508606 36.055237 34.002197
0 112.632011 625.857483 46.225571 28.000977
0 325.618042 359.991211 19.63147 17.875305
0 365.817963 231.540085 71.71344 61.425568
0 111.638481 285.97168 28.38945 25.716919
0 109.385231 463.943878 34.635513 33.546753
0 613.057007 629.182007 23.891724 21.636047
0 596.622559 612.221436 36.90918 31.931274
0 20.060295 220.182098 40.12059 59.472229
0 578.372437 116.106232 49.373535 45.256889
0 172.65976 617.383057 83.813293 45.233887
0 98.572601 593.75769 42.071442 39.974854
0 596.450928 217.006851 39.570679 33.919891
0 453.432465 257.042725 122.124939 115.420425
0 68.609238 156.176407 135.874115 144.397797
0 226.945679 216.627792 46.317505 42.886078
0 406.687378 391.710815 35.811951 29.736145
