0 43.535873 152.637665 87.071747 93.435944
0 299.848755 552.899353 280.877747 174.201294
0 149.681305 131.502487 26.470642 25.200317
0 24.016739 506.959198 33.139397 32.026062
0 123.845963 516.578857 28.199089 24.349762
0 231.258194 368.074768 23.514343 23.134949
0 59.306942 496.768677 38.009331 32.131744
0 7.079086 521.828918 14.031214 26.191864
0 158.015717 107.458649 30.74704 27.467773
0 240.846161 435.751465 25.727173 23.679443
0 32.096001 322.045319 20.550499 20.941833
0 457.50061 493.838318 111.837372 95.714203
0 487.717407 620.6875 25.897888 24.579712
0 178.014496 193.597702 22.926117 20.596436
0 193.494659 209.154526 24.924377 22.971863
0 488.195129 148.012329 303.609772 293.944214
0 6.193795 549.122253 12.387589 25.472656
0 169.298309 78.631615 21.823975 20.689575
0 64.243553 235.06427 25.893723 23.199585
0 160.364304 352.60022 23.77951 23.471252
0 596.035034 292.417114 27.788574 25.395264
0 4.127233 34.15836 8.254466 18.418457
0 522.068481 295.815674 22.338989 20.966248
0 252.550934 226.006897 25.633987 23.835083
