0 532.058228 123.200806 97.954834 86.039619
0 173.31546 224.931915 90.17688 82.804977
0 123.808701 501.49115 214.854828 194.965851
0 345.544586 24.965437 86.267334 49.930874
0 294.275665 591.979553 36.258362 29.588867
0 449.149536 319.970795 86.861267 76.852112
0 113.740326 288.297424 43.423668 37.952759
0 62.789417 610.718811 124.501167 57.64209
0 242.468826 232.39238 53.416595 43.057068
0 606.749756 116.231201 66.500427 77.327324
0 436.849457 408.851074 26.392883 24.368286
0 98.320473 138.290237 23.339706 20.497742
0 584.461426 26.119116 23.699707 22.389034
0 220.650467 189.056183 36.078796 31.425262
0 164.424713 613.544006 96.818909 52.279907
0 330.243774 107.405884 21.123657 20.14624
0 385.649567 572.880737 20.125793 18.326904
0 302.456696 345.266296 179.351074 124.357544
0 590.763123 296.614258 47.325684 40.246643
0 33.711956 236.948715 36.104332 32.774933
0 110.570496 210.791977 18.892365 17.277344
0 89.914139 47.666958 25.367767 22.833405
0 377.215363 127.09668 24.112732 22.284828
0 87.710098 354.056854 30.746735 25.576843
0 395.923035 17.532555 18.64502 17.163132
0 124.059387 298.92218 22.665977 20.231323
0 24.052073 74.20858 19.973171 19.235764
0 46.874664 361.196106 69.27655 66.885559
0 419.999268 69.165878 20.996826 18.265488
0 47.723118 414.490662 24.201805 21.323669
0 503.658997 354.301361 48.583282 42.346069
0 275.792236 94.053802 19.633423 19.591843
0 390.088013 259.314392 31.587402 29.178589
0 437.280304 322.731506 17.12854 16.495911
0 492.063995 500.565643 19.512207 19.110107
0 18.178379 221.67807 18.090446 16.345093
0 267.967072 267.638428 51.125931 41.774857
0 257.176727 85.129623 18.17041 16.57869
0 300.245605 382.52298 19.210815 16.285034
0 475.52655 201.060059 18.953857 17.512451
0 145.389816 138.735046 25.918549 21.705788
0 54.740829 214.223953 37.735321 30.11438
0 184.447113 146.962585 50.8414 46.617775
0 126.723923 189.929047 31.301727 30.67804
0 19.181196 203.158463 19.643116 16.987579
0 627.6026 46.941265 18.110474 16.458382
0 116.409622 402.873749 33.142853 27.856079
0 344.195374 89.259521 20.074158 17.434509
0 412.725555 455.539734 19.770325 17.433472
0 339.313232 622.141724 116.488342 35.481079
0 613.574158 457.321411 19.499512 16.023071
0 282.329742 72.908684 20.181458 18.747631
0 590.920837 189.853638 51.309448 44.02829
0 103.51844 12.513618 46.387695 24.582985
0 13.512281 200.263733 25.0051 29.547424
0 392.038574 280.133026 29.06543 26.527344
0 44.027992 226.995789 43.810303 35.439362
