0 617.060913 579.066101 42.084351 42.937134
0 612.004272 202.129349 43.434448 41.415375
0 475.421173 21.500042 44.247803 37.365379
0 408.523132 144.908432 25.078186 26.260193
0 595.161194 412.503082 77.255493 66.824585
0 520.426086 33.126827 45.714355 46.054825
0 282.520386 539.555481 44.944641 39.875122
0 376.451141 539.488464 33.503113 30.064819
0 624.144409 236.313065 31.711243 32.268646
0 568.80188 628.415405 45.05542 23.169128
0 124.641022 394.464569 45.438164 44.36261
0 343.073578 499.854248 34.385315 32.35202
0 389.77356 615.869507 58.692139 48.260925
0 614.54425 615.704773 27.545776 26.168945
0 541.239075 612.854126 23.796875 23.10791
0 370.123047 32.788109 31.663147 32.521019
