0 237.707275 416.83316 86.829086 78.30249
0 225.822678 586.076721 59.914764 62.610229
0 187.754333 180.956146 38.003021 35.223236
0 375.737885 279.413727 52.792114 53.563965
0 600.214355 269.024414 41.023315 36.90564
0 241.773041 27.390369 29.004105 27.529732
0 317.999664 336.683075 31.981018 27.944031
0 454.106018 320.657684 42.167419 38.216492
0 163.02533 598.908081 37.3302 36.441895
0 329.385895 417.542847 31.813782 30.537476
0 227.88443 218.474701 33.019653 30.241547
0 227.594604 90.180634 31.85968 29.884384
0 166.248886 229.490692 28.309509 25.027191
0 227.783325 249.710876 35.015076 32.722488
0 383.485962 231.5681 26.792175 24.383789
0 204.906464 364.428741 32.220856 29.682495
0 95.331818 213.694199 29.608978 29.334686
0 418.259399 517.378479 87.248535 79.869873
0 362.771088 491.307831 32.229065 32.166016
0 28.957626 437.207001 42.713959 36.772278
0 392.225586 543.628723 24.243469 23.504517
0 433.542908 218.69928 22.580811 21.61319
0 385.744873 461.323578 55.312622 51.352844
0 341.48938 599.217285 23.164307 22.251099
0 488.404999 32.974586 27.300537 24.704468
0 418.84613 304.797546 36.655579 35.678894
0 250.01416 78.018578 21.340393 20.290207
0 406.438599 246.013977 29.084167 26.861465
0 520.513428 188.23941 30.994904 27.612671
0 82.506157 391.61026 26.336563 23.694275
0 336.298706 486.739502 33.22229 33.011902
0 628.353271 279.235168 17.377563 17.86377
0 309.853638 10.412046 43.895874 20.763271
0 468.22348 235.820007 26.405212 21.214508
0 553.501587 289.566833 49.899048 44.51416
0 144.821198 402.962433 19.492889 18.499023
0 78.498093 79.401299 40.442139 36.207775
0 80.909225 248.907608 43.48317 38.107635
0 135.218292 205.510681 35.852631 33.797943
0 82.011261 281.007965 28.981277 26.027588
0 449.10321 198.008072 47.276367 43.586884
0 227.897202 339.898712 40.238098 38.092957
0 270.780914 143.282013 33.962662 31.557869
0 315.761963 164.182861 27.59845 27.137726
0 362.794525 580.648315 24.566406 24.373901
0 319.115631 223.998718 21.773865 19.311646
0 352.639465 433.46463 31.238892 28.164368
0 324.007263 67.96608 49.501343 48.576691
0 8.647402 392.333618 16.99831 21.931641
0 141.188095 236.581894 21.147339 19.139313
0 416.736969 8.370632 48.384827 16.741264
0 363.830597 49.513557 20.055115 18.905792
0 134.472351 246.44043 18.653961 17.947296
0 385.428772 406.414551 23.199585 22.758423
0 27.939316 479.353516 52.481201 45.175415
0 476.787231 526.628784 45.526917 39.321869
0 119.899048 381.704895 33.674896 28.141541
0 327.835693 463.507904 20.16333 20.03894
0 620.288086 523.515625 31.157104 29.765259
0 285.661407 539.740234 39.294922 34.706909
0 123.026459 234.424911 24.659019 22.421082
0 600.596924 561.37793 40.657227 34.278442
0 424.389038 426.073822 19.778259 19.393677
0 259.477509 160.969559 16.50264 16.963501
0 278.90332 4.710318 17.217163 9.420635
0 350.802521 409.10144 19.929016 19.531616
0 209.485153 49.822548 17.197876 15.578934
0 513.316711 217.225601 23.751465 20.544891
0 346.457153 491.37384 56.283691 43.732178
0 301.175934 99.269043 16.161743 16.282547
0 429.464905 340.034363 21.384644 21.095886
0 304.555664 530.701721 21.309509 19.859009
0 266.391174 196.414276 18.947571 19.377563
0 66.715401 440.236237 33.584351 28.735352
0 406.747192 406.464325 20.949463 21.13269
0 130.419449 238.772736 27.296867 25.034058
0 98.450264 307.158295 37.044113 36.76709
