0 52.777504 211.587296 39.245041 35.161041
0 240.288513 136.116974 29.724213 27.870171
0 31.900604 312.583374 22.439293 22.906433
0 21.08341 228.908218 24.860165 22.545715
0 233.382645 324.507477 20.826324 19.311462
0 239.039551 503.968262 23.377075 17.57605
0 303.100372 505.404785 21.673706 18.085449
0 107.547318 11.06555 41.868469 22.1311
0 21.399645 152.387726 20.337765 18.999451
0 257.851532 213.381927 19.844116 18.154388
0 259.432068 388.313721 22.352417 18.461426
0 343.490479 273.198639 21.633545 18.137451
0 75.868019 69.312721 62.441452 60.735748
0 128.981918 476.820557 18.214203 16.592651
