0 20.04941 419.086395 40.09882 34.376953
0 559.000977 24.001888 43.445801 40.111595
0 490.499878 397.913544 45.105377 43.585938
0 569.089111 318.074615 36.474854 33.603577
0 13.228048 562.313416 24.888386 21.855103
0 151.770676 603.049988 171.01767 72.705688
0 115.987488 370.674377 31.864952 28.786072
0 128.088425 35.502502 31.606636 29.69268
0 98.822662 237.132751 21.219681 19.393036
0 169.17662 15.220928 76.126648 30.441856
0 37.500549 465.889282 23.181221 22.325378
0 74.67807 373.33136 23.039566 20.063416
0 102.033783 501.905548 20.069397 19.727295
0 620.071533 347.391663 19.953369 16.823303
0 119.360855 109.04908 31.272194 30.517212
0 100.728355 135.408432 49.072922 41.737427
0 104.486252 76.593452 32.862808 28.384064
0 37.406487 5.687132 22.064695 11.374265
0 153.837585 95.400841 24.782837 23.575546
0 14.116411 461.342957 18.24313 17.798889
0 146.619827 115.453728 22.991394 20.963333
0 25.115822 44.752254 23.86128 24.490646
0 42.500427 362.262054 20.0224 19.042358
0 133.003738 223.631348 162.34021 175.88588
0 8.437374 537.057251 16.834763 25.674438
0 57.967522 468.80249 17.578999 16.249207
