0 97.46106 187.217697 33.606567 30.681824
0 323.797852 202.909317 30.964722 28.589722
0 29.64909 76.958961 42.43586 41.684906
0 136.715195 164.38446 24.848022 24.68277
0 594.392395 229.808487 26.546875 24.279236
0 47.432056 380.308533 36.58268 33.266541
0 66.238403 522.151794 83.07251 78.697723
0 387.52533 40.780891 70.912537 67.309555
0 217.926834 260.754852 52.031342 44.898941
0 569.5979 258.690033 24.783569 23.523926
0 264.695312 170.869751 23.179306 22.024567
0 62.771629 417.220764 29.139847 26.469177
0 566.672241 77.076584 21.319336 20.296127
0 81.063133 78.109352 19.550766 18.655579
0 252.391251 576.902039 29.139252 25.878174
0 139.019012 6.300654 35.96933 12.256407
0 54.063889 225.328461 27.230423 24.442963
0 292.020538 212.611938 26.559875 24.110046
0 338.520569 16.612633 57.075195 33.225266
0 271.02713 229.056793 28.343628 24.947693
0 20.936085 232.424652 22.921455 21.421051
0 404.831512 70.998337 24.316284 20.650589
0 200.887085 212.13205 26.846649 24.591217
0 408.313507 327.169525 124.98999 123.320557
0 421.444519 40.532398 30.651733 29.776466
0 278.965515 443.521545 33.31781 31.204651
0 598.459412 494.368591 27.701416 25.578613
0 589.726074 136.46286 32.951294 28.25605
0 161.206543 461.578857 149.823853 120.179199
0 238.016754 612.332031 114.037476 55.335999
0 173.574875 596.977844 40.183014 38.240967
0 535.125061 251.936234 27.694214 26.031708
0 11.627484 9.307953 20.755293 18.615906
0 614.106506 109.893791 24.285034 21.079819
0 630.266663 526.823975 18.266602 21.663818
0 297.936218 238.796616 34.0896 30.227692
0 260.208801 12.477049 61.651855 24.954098
0 446.526764 531.260803 21.151428 20.992676
0 174.779083 332.434753 36.01825 33.324585
0 624.186401 248.774673 31.627258 49.355927
0 204.929916 232.990891 23.895386 22.37973
0 141.684967 261.527191 123.207855 106.412415
0 422.847992 113.867661 33.301025 26.970291
0 333.989838 235.20134 31.754822 27.632538
0 363.949493 219.147629 33.304626 30.855865
0 317.208496 251.812607 19.079041 17.090729
0 536.933289 406.512939 20.459595 20.040161
0 551.814819 129.315735 24.378906 21.096649
0 143.83783 105.667465 245.677917 201.805206
0 445.232727 213.539597 18.386047 17.009949
0 155.132935 239.606323 20.785645 17.710327
0 606.743713 155.123474 18.791992 18.891083
0 595.201904 463.193085 19.060547 18.510925
0 426.595612 283.272644 60.235474 57.041016
0 166.178848 593.363342 65.510895 64.039307
0 294.574432 282.442688 58.501221 47.783936
0 534.030701 437.289001 40.348389 36.567505
0 116.762604 516.963806 21.446838 19.689819
0 246.044769 222.665939 22.492737 21.134979
0 170.486328 516.738342 185.660995 173.42392
0 174.448441 136.766937 18.234406 16.812927
0 561.411987 234.971024 17.352417 16.175018
0 93.019272 342.283539 78.245949 64.203552
0 406.88382 286.981293 102.668518 86.618729
