0 20.233149 50.704201 28.131603 25.055939
0 378.974365 51.550461 42.120605 37.604126
0 76.006218 628.797791 28.984936 22.404419
0 115.829521 617.855042 33.846542 32.290039
0 235.772339 60.959461 210.142685 121.918922
0 92.887161 213.250717 35.558472 33.166138
0 229.408783 209.883865 44.682404 37.770355
0 10.955854 121.836395 21.802998 37.267639
0 151.309586 219.601852 21.533386 21.949432
0 19.033363 424.074249 34.216385 35.10199
0 5.752682 349.47171 11.380764 31.643799
0 162.407455 340.240906 37.880096 34.1521
0 36.415268 35.155117 21.516722 18.686102
0 178.447052 68.021553 25.594482 23.725128
0 312.885651 469.059723 44.216919 34.404297
0 212.838196 226.491165 20.478638 19.376343
0 188.440994 17.724609 33.969269 33.185188
0 6.643003 162.374344 11.991343 22.516022
0 409.060455 38.149918 27.406006 25.584358
