0 201.167221 12.157648 25.542084 24.315296
0 195.504013 42.439789 28.493896 25.627319
0 293.817596 402.906616 25.929321 24.911865
0 108.511467 237.300751 24.542816 22.047607
0 449.325989 493.097504 25.592529 23.314941
0 353.602722 415.14505 22.324585 20.154419
0 541.257935 235.93924 31.763672 29.01004
0 168.161621 393.547729 20.126221 18.952332
0 497.042664 21.529316 21.947815 20.431053
0 239.279587 23.206568 20.204193 19.202328
0 518.185791 216.140457 22.289429 20.787201
0 134.752655 191.492172 18.341316 18.320435
0 34.118374 591.426208 26.786743 24.00708
0 534.246887 615.424438 19.135864 19.390137
