0 161.953201 604.71582 68.604004 70.568298
0 251.011719 176.287872 36.113464 35.556702
0 518.911011 266.765533 26.206146 23.883408
0 270.812744 81.404655 33.718994 31.412384
0 183.567581 540.567322 62.170166 62.335815
0 184.237289 482.413879 27.233093 25.50415
0 104.397003 364.645508 115.713654 101.138428
0 345.992584 318.51825 25.277954 24.456787
0 255.965393 453.519684 25.912216 24.875366
0 16.396904 39.845676 22.256458 20.790642
0 518.664917 547.63739 122.374969 128.793488
0 412.710175 630.883667 50.056519 16.145752
0 12.944016 129.55188 25.888031 69.296356
0 44.894913 323.924896 19.84111 19.112183
0 363.108765 285.916809 25.06543 22.834045
0 167.173706 279.313324 35.52359 32.762878
0 549.195496 462.924683 22.657593 20.790588
0 63.951252 294.827545 26.483315 22.958801
0 189.40625 305.068909 34.790436 32.638123
0 84.468819 159.017532 133.812881 131.276855
0 47.158875 592.949158 21.192291 19.478149
0 40.274261 283.648285 28.132545 25.291077
0 227.657745 557.849243 21.952606 20.036011
0 235.421814 536.191895 45.180313 40.834595
0 286.027557 273.173065 27.284119 24.151917
0 72.016022 13.872841 88.69223 26.475246
0 321.534576 92.518494 60.0672 53.698608
0 196.335907 632.972534 30.058289 14.054932
0 409.364624 188.678909 149.812561 126.245087
0 433.940369 579.934692 20.498535 18.209839
0 35.954399 409.937164 20.148481 18.032043
0 12.862736 580.765991 18.329899 17.691772
0 89.558136 70.25956 16.852539 15.920258
0 403.660919 48.462746 186.150635 93.758255
0 282.502747 633.220581 21.771423 13.558838
0 31.883965 253.120026 26.776884 22.181473
0 451.383942 335.565002 22.920166 19.90686
0 215.982208 118.333252 37.177094 34.331573
0 325.563629 11.09696 67.100464 21.04649
0 315.399689 632.502625 22.592896 14.994751
0 196.836456 158.564728 25.211914 23.117249
0 228.787369 161.102676 20.494141 18.352692
0 228.959381 549.352051 31.818329 32.333374
0 485.338928 88.674286 90.1073 85.589722
0 109.47049 544.096741 68.199585 54.493286
0 60.679749 419.197815 45.859238 46.381165
0 31.040062 260.788757 36.802856 33.272202
