0 101.613266 325.064362 150.961517 132.824829
0 172.404602 202.523148 31.618103 26.296204
0 105.082291 239.19397 27.209564 24.050018
0 295.340607 29.334263 142.098221 58.186333
0 520.604614 611.321533 38.591827 32.609497
0 555.197021 302.40509 169.606018 240.778214
0 389.991608 526.748291 48.485046 42.664642
0 304.253784 72.651039 41.731323 35.2108
0 55.552345 590.315613 111.104691 99.368774
0 65.75058 554.076965 65.499969 55.935913
0 229.81958 617.156128 24.436859 19.823364
0 583.667358 585.990234 112.665344 97.041748
0 272.066833 58.114067 33.651016 31.249557
0 98.168007 440.221039 25.717026 22.42041
0 426.878174 370.901978 139.625916 115.927124
0 406.835358 634.018555 25.847534 11.962891
0 331.394684 301.479034 37.207397 33.75824
0 343.682526 383.182983 26.503967 23.736084
0 377.991913 119.033981 26.329529 21.712349
0 514.506775 142.718307 22.469269 19.486206
0 66.925766 390.326416 56.444401 56.85791
0 287.176147 563.839111 115.424423 92.151001
0 260.057861 140.0065 40.603195 33.036736
0 482.76828 535.35791 94.100403 81.281616
0 232.242676 559.350403 22.052155 18.925293
0 458.492279 452.016815 60.382812 60.33429
0 422.743408 512.089661 24.864258 21.515381
0 580.604614 615.544373 116.874634 47.697632
