0 132.493317 555.056213 29.171059 26.07019
0 180.913742 547.524719 29.419647 25.869873
0 83.855484 271.911469 28.221771 25.497192
0 512.016968 183.531799 55.610596 50.272034
0 478.385498 200.441208 55.695618 46.841888
0 78.21759 543.508606 28.474564 23.733154
0 378.225189 140.658844 34.020569 28.119293
0 331.183167 141.739685 30.929016 26.058411
0 414.054504 146.531403 34.393982 33.763153
0 34.345833 311.34082 25.095146 22.847717
0 151.040527 61.082474 154.622253 116.567322
0 27.558712 355.185089 21.905434 18.597412
0 107.956497 505.428497 26.403137 20.877869
0 288.7229 205.672745 19.388489 20.419647
0 129.367493 482.282013 22.131721 19.624207
0 533.381104 227.904465 64.984344 60.776947
0 280.015411 630.424072 21.373474 19.151794
0 578.303589 260.281647 48.434692 46.118027
0 4.222091 260.698639 7.577202 24.222961
0 75.131927 175.624908 144.741028 144.278412
0 42.858162 502.329895 22.918869 20.99585
0 116.152878 113.73555 101.315758 89.915344
0 471.387665 160.556915 42.380676 38.175537
0 66.944687 11.939726 64.305313 21.482395
