0 201.528656 602.800476 42.606018 37.139771
0 612.35498 77.179794 55.2901 50.759903
0 568.206238 512.060486 64.686768 60.006592
0 216.430222 577.084961 30.219055 27.598145
0 61.952419 435.771088 30.421684 28.041565
0 60.142883 465.738373 43.144836 41.075317
0 189.592377 346.742218 28.777893 26.581665
0 30.5189 11.194973 25.750858 22.067062
0 101.766228 281.658386 25.517029 23.267395
0 115.87352 114.976852 85.287567 72.856972
0 131.425919 243.887299 21.765198 21.105896
0 601.19043 631.640625 43.473755 15.905884
0 205.249496 241.610535 34.052765 32.478821
0 143.7444 328.434601 33.304688 32.417542
0 553.904602 491.905121 52.532471 48.809753
0 311.575989 31.105286 185.749451 59.181305
0 234.427429 255.316986 27.136749 24.538635
0 21.973473 271.782349 21.386202 21.30011
0 210.441422 292.676147 20.915741 20.552734
0 74.608307 341.162811 27.110611 23.684692
0 490.430115 513.528564 97.990845 98.619385
0 525.95105 460.452087 32.935455 33.383789
0 333.382324 487.079651 259.263733 222.238037
0 40.308136 64.158737 22.047539 21.145294
0 330.203949 160.444534 278.809753 247.156769
0 72.091339 358.683838 20.93668 19.662415
0 466.960754 378.153931 35.408875 32.945129
0 59.755203 547.029785 119.230606 185.940369
0 409.803192 255.063812 18.022339 17.120621
0 553.002869 436.814575 36.049194 31.289856
0 618.311096 609.371155 28.482666 23.875122
0 81.09153 495.144379 71.701157 70.206726
0 592.451721 438.531738 19.13916 18.168884
0 540.742249 132.844803 20.83374 19.181702
0 28.006824 116.619576 23.93189 20.051254
0 127.645424 412.252319 108.167435 95.530212
0 494.135773 102.813255 25.270203 24.564163
0 554.593262 457.187439 27.579834 25.069946
