0 467.505737 464.520935 90.538605 72.940796
0 57.471985 57.346306 109.064026 95.913727
0 262.259552 354.869385 30.126831 26.22876
0 38.358292 551.263306 27.582954 25.282715
0 575.187866 332.53067 30.327026 25.632996
0 240.117798 191.078934 48.154007 40.68811
0 271.210052 173.420715 28.516479 24.655762
0 442.739441 25.782547 96.152161 51.565094
0 527.936035 94.447754 38.50058 33.131927
0 494.428009 352.343781 58.360657 46.574402
0 310.445862 274.929901 24.950989 22.83429
0 253.23587 81.845123 41.730515 35.507187
0 523.943481 317.88266 23.057495 19.554871
0 147.17749 9.602259 42.968742 18.124699
0 242.523956 6.391604 32.514755 11.963219
0 230.097839 271.179352 26.308167 21.72876
0 421.851074 409.148224 20.509583 17.578003
0 452.783936 70.954247 29.56897 26.364124
0 445.505676 292.677338 25.683472 23.84436
0 10.19544 196.400192 20.390881 22.840851
0 346.373627 121.656868 25.117493 21.769547
0 283.91806 279.537323 24.439453 19.731018
0 247.054382 247.100525 20.731461 19.394897
0 629.53595 378.948578 20.59729 41.446106
0 531.69873 367.785706 23.315308 19.626099
0 322.089203 563.203796 25.178894 20.861328
0 634.72229 195.184525 10.555359 22.748779
0 49.597942 213.962646 25.211029 21.014587
0 74.059357 120.903732 96.152634 70.12722
0 295.06601 341.941833 29.544006 29.47699
0 529.27832 524.695435 22.241089 19.461304
0 528.938599 213.824966 37.593994 32.02356
0 275.48877 234.375092 20.569824 18.038086
0 568.605713 259.716919 31.062988 26.018188
