0 213.713715 356.547913 38.402344 35.248657
0 600.056641 208.691772 53.253052 48.569672
0 587.760986 275.423248 28.644043 26.447571
0 471.168152 394.794281 35.48291 31.83075
0 93.049271 271.202179 32.971558 27.574158
0 295.955719 203.730942 29.551208 25.631561
0 405.78717 131.447327 53.705444 53.135101
0 273.745758 59.91938 24.076843 19.398132
0 552.608154 418.377899 19.618042 18.452515
0 553.953613 250.15387 21.143555 20.497665
0 397.964752 156.146301 35.726807 31.564484
0 441.309967 172.716049 23.304016 21.713867
0 177.615921 562.223389 20.669678 21.302979
0 228.582275 304.707916 24.580963 19.924988
0 536.194519 132.891769 22.41333 20.761414
0 225.323792 248.285492 24.268372 21.301392
0 599.137573 330.092957 21.074219 18.706665
0 61.096909 394.503204 24.261398 20.447632
