0 356.587646 251.19751 26.148315 23.443039
0 374.153046 132.366562 21.640991 20.149139
0 493.395477 58.09552 46.398376 38.950943
0 83.338188 90.764755 143.20137 124.879181
0 415.030273 249.327972 20.186829 18.388321
0 357.56897 247.960419 181.851318 135.391418
0 488.072601 593.232422 19.24054 17.82251
0 255.456665 152.856262 18.497543 18.217682
0 522.108215 634.189941 17.887573 11.620117
0 312.145294 602.639709 24.531311 23.001831
0 314.577454 567.911072 28.067017 22.055664
0 11.821608 132.501144 23.643215 55.210304
