0 103.076424 408.489166 83.176834 82.12738
0 370.92926 437.554993 29.534363 27.85675
0 188.557053 108.524529 56.251831 51.965714
0 142.00238 174.615524 32.157257 29.452881
0 193.25946 582.567932 37.945007 37.952026
0 463.860107 592.954285 49.229675 45.026855
0 351.624756 213.62439 32.587097 30.827118
0 562.561035 458.956268 31.086182 30.349426
0 421.012115 218.741913 28.015686 26.147583
0 153.197144 355.107605 26.113098 24.577698
0 25.157673 583.354431 45.713234 40.78418
0 162.487686 599.856445 27.773895 24.559326
0 160.013489 502.016968 20.674622 20.074188
0 222.499298 528.803345 20.565796 20.248169
0 332.454742 157.705994 22.246582 21.286377
0 362.040619 8.52022 27.182617 15.80027
0 564.89563 610.0672 19.494995 18.952148
0 186.771942 19.019722 71.017151 38.039444
0 280.104309 584.927307 24.216492 22.644531
0 278.096313 422.32547 61.90332 57.268494
0 311.726379 270.486084 21.674866 20.562805
0 226.341644 406.654449 22.656982 20.728027
0 538.807678 333.035614 32.056885 28.804504
0 32.898029 170.177765 27.807531 25.199585
0 244.431152 450.488281 22.237274 19.762573
0 194.227188 182.097351 20.238831 19.326416
0 355.899445 174.225311 22.507996 21.068237
0 413.828369 30.516468 22.718628 24.960434
0 529.749268 455.972351 21.700439 20.024902
0 598.737183 43.686779 27.293457 29.154396
0 38.045982 472.880157 75.018814 144.712341
0 411.961182 529.952637 20.954041 20.112305
0 597.721985 510.668213 17.933594 17.96756
0 543.112854 34.213394 26.584351 24.89723
0 392.810547 136.914398 22.080017 20.844368
0 625.046387 622.64502 29.907166 34.709961
0 109.466286 308.48526 18.012894 17.310059
0 447.597809 82.868172 18.317078 17.995712
0 7.795472 385.39212 15.398056 20.774597
0 246.542969 108.82148 40.116837 37.507965
0 214.936584 503.501129 21.392822 18.740662
0 228.908905 433.954437 20.316986 17.548157
0 250.425705 347.197205 17.823212 17.684937
0 34.549255 314.456909 69.098511 67.16748
0 478.444763 110.639816 55.163879 53.402985
0 199.267029 541.311707 22.421173 21.587891
0 399.105316 451.982391 19.928406 19.823608
0 54.55521 360.833649 17.263451 16.345459
0 135.752136 92.105515 21.865234 21.304306
0 402.920563 406.718262 19.089661 18.025513
0 383.217102 341.992615 16.081665 15.447998
