0 334.529938 572.102966 27.918396 26.599731
0 232.14502 170.647888 52.775742 47.143799
0 324.336914 15.417514 41.196594 30.710814
0 106.465935 420.571472 25.063156 22.743774
0 627.841125 485.074982 23.655518 24.721313
0 244.326447 59.250381 83.363998 81.072968
0 33.861176 491.948181 67.722351 64.008392
0 536.055847 107.177856 37.950562 34.578598
0 146.413788 587.095825 27.058014 27.916992
0 284.633026 545.383972 21.810913 19.172974
0 84.558243 496.547974 22.051544 18.668335
0 307.210815 219.096695 77.91272 67.493439
0 538.133667 153.491943 41.345825 40.193604
0 195.850021 622.349915 19.001648 17.293701
0 26.76103 592.259827 26.618229 23.053833
0 173.457733 161.57254 19.813019 18.622253
0 165.761337 84.76162 54.194946 54.702194
0 173.819458 41.477509 24.939758 22.609327
0 268.040955 324.94397 31.24736 31.765625
0 543.396667 184.134171 40.936401 34.949738
0 570.924683 262.234863 75.83606 71.994614
0 9.837942 190.058212 18.987019 20.558167
0 521.185852 76.888824 26.614624 27.992004
0 48.114883 576.717957 18.70195 17.363892
0 38.879658 83.522934 31.187662 28.475266
0 353.335022 12.041046 19.444458 19.390701
0 241.130478 252.682251 20.397736 21.679703
0 204.540756 507.728516 60.47702 52.636353
0 282.187256 175.081741 52.614212 49.794769
0 310.657806 259.446198 49.274475 44.654068
0 339.764435 486.691772 59.807312 53.547211
0 568.635681 133.369186 34.749634 32.88163
0 488.495087 494.207825 58.692688 60.782318
0 210.679794 456.924286 21.086212 17.824463
0 488.388733 358.498871 66.036987 57.649536
0 63.759689 433.607544 20.590302 18.946167
0 461.611938 304.84613 42.709778 39.069519
0 144.91449 490.015991 20.387817 17.342529
0 141.99794 581.031555 21.423767 20.529297
0 206.685333 291.276917 29.162445 26.977783
0 552.018921 217.65477 59.42749 51.612885
0 217.906998 9.698357 50.844696 19.111523
