0 71.518257 468.326385 82.336502 65.989075
0 273.028717 28.653732 43.066589 34.236954
0 354.263672 509.415833 80.35498 72.308228
0 70.913132 406.344086 95.844391 84.001099
0 605.736572 194.381668 68.526794 70.080078
0 546.54425 342.621277 41.415405 36.103088
0 143.776947 539.602356 44.852051 40.825073
0 399.600098 55.604408 35.578918 32.976116
0 141.256561 594.664368 32.528229 28.795166
0 320.542175 36.391064 29.37085 26.395376
0 544.10376 490.95047 35.143677 27.482422
0 292.333405 66.317345 34.659241 30.922939
0 39.591984 26.121609 32.790886 28.098486
0 451.093414 345.761993 36.493835 32.392456
0 104.95697 89.962189 62.506317 57.944515
0 524.275391 579.585693 24.702545 23.304077
0 326.319977 218.200104 327.101746 289.749573
0 180.51152 100.142044 80.25766 71.954529
0 490.938171 90.940865 46.983856 41.123886
0 20.932003 328.97641 41.864006 52.183838
0 550.118896 576.44043 26.54126 24.200806
0 617.442261 529.452698 24.638794 22.785767
0 98.892029 145.052704 30.711853 27.242432
0 506.576355 9.14601 25.880341 18.292021
0 603.726318 569.425781 24.248657 20.742798
0 586.338196 315.363617 107.323608 102.766357
0 97.921303 626.108154 63.046036 27.783752
0 467.434296 500.601196 25.96991 23.419403
0 624.769104 239.429337 25.886597 22.87088
0 48.567886 357.316925 30.213745 26.171814
0 322.864685 477.08725 27.604492 23.699829
0 612.297607 609.930481 25.995728 23.178345
0 571.555786 471.023102 21.768921 19.114197
0 332.691589 169.287018 30.717346 26.535217
0 596.809143 150.05278 26.532593 24.404541
0 401.42337 473.546631 23.707581 20.691162
0 595.404358 595.744019 25.102539 21.792969
0 246.422821 487.935883 46.368668 41.406555
0 574.220459 127.093704 23.060181 20.90229
0 613.361023 382.198792 27.780273 24.548523
0 163.671707 253.364594 20.132935 18.324875
0 512.690857 608.998413 24.102448 19.816528
0 54.593971 587.901855 109.187943 99.705811
0 122.242561 358.879608 73.963577 67.141418
0 140.913956 632.205811 28.245605 13.780396
0 574.728882 613.548035 25.993286 23.887451
0 445.893433 624.053833 18.957703 17.890991
0 168.88353 18.933895 40.323334 31.096207
0 73.799622 516.71936 37.511871 32.459229
0 603.431458 243.417923 18.663818 16.468933
0 461.470337 528.658508 23.026428 18.75769
0 454.307251 77.292564 23.100281 20.793427
0 619.799316 63.634438 20.074463 19.246868
0 404.6828 83.885612 21.460022 19.135162
0 534.28772 614.335266 19.763428 17.709473
0 173.552063 535.935791 23.521881 21.765991
0 467.372803 448.373291 62.831543 53.286133
0 180.180679 29.556782 41.94635 32.871613
