0 214.07225 329.700928 28.762909 26.975708
0 35.280201 366.057709 26.755732 25.220581
0 550.993347 630.536072 38.648682 18.927856
0 27.285769 610.796326 26.587337 25.745117
0 329.96701 568.284485 22.395081 21.882935
0 530.092712 407.470642 35.401245 34.602722
0 344.113983 407.266052 30.084106 28.844604
0 228.593887 106.740128 45.528168 39.729187
0 285.605835 430.678528 31.885498 29.226929
0 248.228973 14.191687 25.583557 23.746845
0 506.219055 458.467865 40.056549 32.915283
0 544.35376 183.120605 42.964722 39.613312
0 540.344788 260.498108 37.814575 33.52063
0 79.001839 258.605164 49.845322 48.146973
0 509.239624 626.90448 37.856964 25.048706
0 8.967343 323.76651 17.934687 24.408081
0 483.603912 580.227051 21.771179 19.358154
0 590.636108 225.335724 28.160034 24.848602
0 565.88208 147.368347 34.709106 33.327026
0 595.144714 246.572433 23.586548 23.756866
0 399.823792 470.665833 26.657837 26.177856
0 273.59201 235.68335 19.409912 17.867798
0 47.926277 149.872879 39.992065 40.62381
0 495.136841 438.116302 20.424805 18.253357
0 623.82489 462.958557 31.116211 28.637634
0 631.799316 554.67334 16.401306 22.495605
0 498.392883 293.317566 27.115662 25.429138
0 560.803284 362.248077 26.410522 30.214294
0 590.038452 391.616486 19.219238 18.614014
0 503.431335 198.216431 36.26062 35.553375
0 185.680328 10.998886 20.526459 18.295326
0 213.088196 389.544495 34.228607 31.523376
0 522.779236 325.504913 65.153076 52.434509
0 224.510422 151.098221 38.050507 35.948151
0 59.695641 223.48114 28.765347 28.337799
0 122.914703 20.320953 32.908356 31.253731
0 202.324265 357.579529 17.587128 17.288696
0 402.375671 269.954803 37.21698 35.237778
0 6.810846 267.233856 13.621693 32.345505
