0 295.260406 437.327881 184.414352 191.731659
0 48.737984 332.920319 46.736633 39.371277
0 69.166382 150.802094 26.581787 25.473938
0 161.545547 566.858398 24.39386 22.774292
0 452.267487 351.200317 26.110291 23.5755
0 529.231628 317.510223 32.664429 29.823792
0 502.325073 209.310089 64.703094 59.136871
0 95.495316 246.524368 22.738159 21.180511
0 335.164368 569.552795 172.009949 140.894409
0 480.283966 530.794006 24.847534 23.610962
0 18.483719 131.20993 21.958084 21.810066
0 135.552994 37.025764 94.773399 72.662033
0 225.672729 280.332764 42.993927 39.169128
0 120.85833 374.814575 98.115524 92.082275
0 192.471466 504.597015 21.185516 19.266663
0 46.6278 373.387756 81.907913 74.830811
0 577.947327 492.269531 33.000366 32.828735
0 113.691841 319.598846 32.674637 26.195801
0 80.335983 309.327911 34.245327 31.442627
0 304.666748 294.41568 19.305176 18.812317
0 97.451797 215.391632 17.940598 16.561432
0 114.263168 618.360962 18.284058 16.325073
0 246.374908 7.148273 22.374268 14.296547
0 541.928406 264.989746 68.964081 60.332092
0 181.776062 411.89325 64.784424 57.798218
0 291.813751 196.249069 22.651306 21.305359
0 349.384552 17.677109 40.940063 35.354218
0 107.739433 40.702919 16.76535 17.065552
0 299.259094 163.095306 23.040405 22.910797
0 391.981384 60.289955 21.548706 24.551708
0 49.019165 239.142914 65.768494 54.365356
0 512.833557 9.901375 22.187012 16.886425
0 384.374237 253.809723 19.703918 19.175278
0 119.781456 321.310883 19.750381 17.921265
0 560.760742 210.873627 44.302368 42.182343
0 574.498901 592.704712 18.274658 16.969604
0 576.124023 321.273407 22.079102 20.947876
0 453.426239 14.841944 37.5401 26.364559
0 184.593643 151.785843 97.365143 92.10965
0 128.162613 567.537842 19.474434 18.265747
0 432.99353 471.292358 20.808289 18.714478
0 290.927063 218.747955 19.573792 17.81427
0 506.858887 40.504997 50.570465 41.78595
0 502.793518 326.409149 19.48288 17.948364
