0 259.564606 306.345367 60.886658 59.187561
0 156.663589 271.82901 32.963715 29.472473
0 415.092377 99.805725 33.892273 32.989929
0 298.987671 480.098419 36.515564 38.99823
0 151.364182 239.616577 36.704437 34.318787
0 556.272766 426.787109 31.422852 29.956177
0 248.629807 490.783508 29.044525 26.814209
0 58.424271 424.559723 21.511246 20.348938
0 196.898407 55.407188 26.283234 24.403515
0 513.605408 329.773224 21.182251 19.755859
0 489.737885 410.1138 44.466064 37.60791
0 180.753876 287.711914 21.852478 18.917969
0 631.1604 437.110291 17.664551 27.471375
0 387.606842 414.41861 33.175964 27.623291
0 47.676941 272.090881 88.354691 77.091309
0 435.382294 418.625671 22.93512 18.986206
0 269.442291 451.460022 59.243729 51.856934
0 167.217972 167.69928 33.778961 29.164734
0 182.512024 264.844727 22.981079 19.95813
0 290.74115 330.129456 20.336914 18.913391
0 99.163155 309.012115 29.492737 27.372681
0 314.726379 205.28447 46.925537 41.675995
0 477.463013 388.559998 20.460815 17.430908
0 152.064743 380.746979 50.958038 41.154419
0 241.946045 226.966003 69.608765 65.722305
0 308.86911 9.722929 38.641174 18.841465
0 183.535721 303.823303 107.150909 117.079117
0 440.739655 45.947617 89.614319 79.885956
0 375.214081 378.769501 18.936584 19.770203
0 84.634857 496.158478 21.165573 18.883606
0 31.66737 374.235596 19.744461 17.418091
0 255.487411 481.273254 44.166595 44.172852
