0 184.163788 43.961288 23.254974 21.983582
0 50.42725 602.576294 27.386192 24.716431
0 163.637238 87.770279 23.601288 20.986893
0 84.901039 497.648376 22.439941 19.787842
0 348.5383 176.355347 21.069336 19.644958
0 203.959106 50.967823 22.939484 21.271027
0 340.893585 589.123535 40.451233 34.012207
0 197.348633 332.619843 17.751923 16.496399
0 101.349899 137.770172 18.369415 17.188019
0 318.047333 441.927032 19.005859 16.995911
0 376.061371 535.052124 20.267883 21.592163
0 119.424316 107.283257 20.981384 20.566895
