0 19.570751 490.610016 38.895615 39.560791
0 227.292419 365.291565 179.181519 187.880981
0 542.329956 122.44931 26.088867 23.898979
0 242.434586 369.514221 43.681427 41.627014
0 145.144791 622.637024 62.005432 34.422729
0 311.947754 165.980789 71.862305 64.312347
0 45.115952 570.183289 51.472477 48.151367
0 526.417725 603.03717 91.741669 70.37207
0 219.631577 326.910431 29.717712 25.061646
0 422.96814 602.415894 113.982056 75.168152
0 34.543053 319.331848 22.577469 18.982544
0 464.81897 564.740906 83.549683 68.083618
0 299.461975 241.104172 121.257828 101.288788
0 635.348877 179.539581 9.302246 29.161285
0 535.075256 233.222214 20.944214 18.949554
0 592.274902 83.227242 24.505493 22.46698
0 566.811951 242.556183 23.620972 18.801544
0 159.712494 532.940796 63.7323 56.077911
0 261.35199 580.276672 34.810852 30.210449
0 574.987793 355.485168 80.388184 78.711487
0 195.00322 588.966614 90.468964 69.994263
0 511.436707 411.996765 34.095367 32.377625
0 421.258392 78.483841 25.191162 20.841629
0 108.305916 210.576508 47.777451 43.288696
