0 72.730217 287.774872 32.675812 31.257812
0 215.522766 427.72052 31.037476 29.043518
0 9.993137 566.73822 18.257599 19.83313
0 530.683167 167.434311 20.190063 18.2612
0 239.548309 418.134003 26.627716 25.653625
0 437.254333 307.693634 23.546265 20.781616
0 142.176849 310.37912 82.708504 77.723389
0 102.623375 236.29303 20.998779 18.092072
0 502.857574 7.058905 31.131042 14.117809
0 301.472382 515.142517 29.632812 26.837891
0 567.83075 8.397266 20.728027 16.794533
0 362.203522 445.533386 38.263611 35.32373
0 606.106628 432.272766 21.737549 20.037659
0 213.831238 299.706116 21.161957 19.915649
