0 559.71875 341.692566 55.514038 54.37262
0 111.470108 189.860474 218.897491 247.345032
0 432.036652 595.89563 50.980652 49.18811
0 442.76358 145.517517 180.843201 156.928162
0 218.664734 404.287109 33.29248 31.542175
0 605.861511 507.845276 46.588379 41.180176
0 425.527832 205.376617 53.634583 47.515503
0 343.322113 68.984726 102.165039 87.663254
0 498.494385 511.081909 34.837677 33.567871
0 515.561584 457.445312 40.83609 37.942078
0 436.611725 547.915527 27.989563 27.454834
0 382.167633 320.835175 48.374573 44.071899
0 440.922913 357.547546 28.503174 26.162903
0 531.522827 90.220795 31.08667 27.806351
0 53.859535 184.683304 28.625912 25.594879
0 604.615967 120.854416 28.334351 24.398865
0 567.890015 153.818878 23.231201 21.182739
0 502.846832 304.713104 32.998596 31.088318
0 505.483643 579.129822 26.551117 27.001099
0 540.512939 436.650543 31.374268 28.522827
0 209.497192 99.621727 30.411957 28.336502
0 295.79184 23.67046 114.135315 47.340919
0 568.491455 560.752136 29.830322 28.48877
0 360.437927 393.856415 25.180969 23.806274
0 547.412781 617.901367 24.040649 22.213989
0 281.119232 150.482925 24.079773 23.382355
0 226.441208 215.276642 24.749176 23.408997
0 240.882141 83.401489 47.945602 44.866669
0 41.558365 317.12439 77.634399 72.422974
0 410.559021 494.601074 59.879211 57.421021
0 562.360413 22.321354 23.339355 20.585501
0 413.495941 395.541809 22.659851 23.000854
0 265.261353 94.695129 24.273987 23.149597
0 629.471191 554.428284 21.057617 43.536011
0 329.443756 274.882355 19.32782 18.746216
0 419.875244 365.758575 19.727356 19.015686
0 520.764038 487.326843 24.502594 24.421204
0 119.071991 492.920837 222.952698 294.158356
0 501.935791 9.169195 20.47168 17.489265
0 612.059082 341.024292 20.408936 17.869934
0 507.243896 606.242859 19.844452 19.817749
0 397.052185 372.499542 22.474915 20.778625
0 286.816895 305.514435 22.389465 20.625488
0 235.699997 318.340912 18.70636 18.827576
0 345.529907 332.013336 20.778503 19.768738
0 295.452362 113.325363 60.828552 57.431389
0 479.151398 402.866394 23.752441 22.093079
0 95.250336 140.346283 22.210205 20.977631
0 157.026733 14.433931 59.719414 28.771099
0 467.646179 188.083481 21.643616 20.219543
0 462.136658 64.344101 20.695374 18.61203
0 120.538589 43.684437 20.06884 18.748749
0 623.15033 442.96524 32.373413 64.617676
0 621.129211 410.860046 25.815796 22.966187
0 487.486206 555.459595 152.715485 143.216675
0 402.366333 357.413635 20.588928 19.161987
0 285.226562 317.762695 23.277771 20.464661
0 228.042587 126.688461 22.845978 20.070984
0 628.389954 600.676453 23.220093 43.244751
0 453.355621 20.05407 17.711975 14.631599
0 468.09668 355.523529 25.13739 22.687622
0 544.092773 489.87561 70.436676 64.255524
0 20.045166 40.565422 29.078278 26.495863
0 475.651337 28.348255 16.925293 13.97872
0 616.815369 173.579163 16.536011 16.396667
0 205.861008 633.193787 23.131683 13.612427
0 618.713867 634.205811 17.982544 11.588379
0 608.133301 389.118073 16.431152 15.249329
0 149.86264 316.361786 19.074402 19.417847
0 601.9823 373.85675 19.897339 17.869812
0 635.649414 275.320953 7.543213 20.920532
