0 91.234772 306.878754 109.998993 107.216187
0 188.021347 573.490967 137.963715 107.558472
0 311.391174 605.924683 78.298828 68.150574
0 281.499023 14.004072 26.759094 24.900227
0 608.350098 398.373596 62.86377 72.771729
0 37.555542 133.654602 72.991745 122.008186
0 447.988617 204.42392 26.232483 24.666595
0 254.597321 423.756897 53.753983 50.108765
0 437.53418 70.132385 205.079071 132.495453
0 26.998417 270.202087 53.996834 54.227249
0 627.719543 36.713375 23.205566 23.841545
0 603.057678 461.301575 22.224487 22.486328
0 399.147522 617.316162 59.269531 45.367676
0 373.273315 557.71875 41.062012 37.464111
0 35.994644 624.639648 56.045712 30.081665
0 319.28949 540.825928 68.066528 62.955597
0 209.18692 403.411804 67.534302 63.782898
0 65.712341 516.02002 21.384674 20.554199
0 631.645752 484.679108 16.708557 45.722656
0 552.694702 364.773895 58.74231 50.769897
0 575.607422 86.801178 128.660492 153.042572
0 245.796906 488.107452 52.654724 45.684143
0 208.615768 341.157104 21.085144 20.30072
0 491.977234 312.877502 46.81308 45.95874
0 277.597473 379.995056 41.211914 37.765381
0 621.110107 443.908966 18.68689 20.651611
0 383.327576 224.073303 120.417236 111.204407
0 413.821869 281.536194 68.466736 62.164169
0 103.519676 514.347839 29.263062 25.594269
0 403.468658 370.143616 48.955383 46.548218
0 232.287903 413.816956 94.05574 63.595886
0 630.523071 164.259872 18.953918 31.369568
0 364.874023 605.135376 31.855469 29.010864
0 30.374882 358.493439 60.749763 102.106689
0 619.554565 202.917847 40.07251 54.130737
0 78.395851 235.854614 58.425217 54.607925
