0 335.52063 39.916603 28.769104 26.809868
0 509.301514 369.429688 26.077911 24.43335
0 439.468933 508.79715 28.181824 24.38446
0 579.814819 545.016052 41.129028 35.684937
0 474.126007 528.100647 30.703369 27.432251
0 18.747208 181.593521 26.722633 23.447357
0 403.56131 207.425247 23.286316 20.024384
0 18.930866 315.73877 32.307793 29.348633
0 401.188446 449.510742 22.092407 19.438293
0 436.195984 577.703491 26.027771 21.511597
0 459.388519 595.657654 42.261169 38.693848
0 582.428772 435.118591 21.96875 22.195007
0 298.711792 65.664406 20.853149 18.208557
0 5.406544 555.816467 10.813088 32.231079
0 629.863953 572.52887 17.252563 19.085205
0 282.284882 489.123169 19.176453 16.671509
0 465.974731 521.533691 29.642395 26.837402
0 536.35144 552.22937 88.381592 75.828857
0 377.358002 453.162598 25.622864 23.032288
