0 162.512192 324.403442 296.325043 295.389893
0 319.740112 449.593201 135.95665 113.145569
0 282.259644 540.854553 21.469727 22.129395
0 543.847534 565.686035 77.116302 76.365234
0 537.467651 628.340027 57.559814 20.248535
0 256.214752 58.464798 22.21344 20.833767
0 465.782288 355.769684 22.955688 23.017517
0 501.322693 550.028137 32.980835 29.36731
0 171.652649 309.501801 25.0867 22.949158
0 529.765747 16.892366 24.474976 23.947201
0 613.628662 13.193388 19.432861 19.592484
0 66.380661 587.680969 132.761322 101.430664
0 406.399353 332.816589 48.884949 42.545105
0 423.478119 479.409363 63.749451 56.919434
0 162.256668 462.559631 29.134003 23.951843
0 548.934082 500.700134 26.5802 22.76712
0 34.249584 271.109436 25.599136 21.848267
0 613.613342 599.331604 52.773315 67.627563
0 594.28595 329.568176 58.481934 50.549988
0 49.500778 95.633865 27.259453 24.102966
0 334.611267 424.251282 48.009888 40.51532
0 452.213135 390.683746 143.058685 128.519226
0 621.7677 571.19574 36.464661 50.116333
0 286.140015 434.556793 73.850098 68.16272
0 345.057434 614.372314 72.126343 51.009155
0 445.101257 361.347443 20.348389 16.621033
