0 594.310059 294.944458 82.054077 71.488037
0 260.812134 343.237457 98.788574 84.562073
0 342.626526 301.613861 79.123779 69.427734
0 486.273621 533.246094 72.364716 60.884674
0 520.492554 354.177826 61.083038 54.625549
0 450.297302 434.393921 71.40033 59.45282
0 570.99231 515.216064 58.241455 48.589508
0 385.265564 439.468597 45.274231 38.584778
0 475.108643 339.673157 45.245239 41.745605
0 564.511414 401.07019 53.282349 47.097778
0 624.374695 428.240509 31.25061 37.963684
0 363.252686 381.638702 44.329468 37.476074
0 616.027832 360.610809 47.944336 46.335815
0 237.259842 541.161743 129.505646 96.605438
0 495.405212 568.976868 48.266357 39.481323
0 594.508179 541.659363 56.699097 44.640869
0 179.18132 106.750328 32.981812 28.564362
0 459.268158 308.39856 45.680237 36.865479
0 584.769409 589.28363 33.400513 28.457275
0 121.046509 84.634819 23.579826 22.866669
0 583.794739 49.801575 28.974609 24.752182
0 176.680206 132.837784 123.553169 93.293236
0 154.895203 201.405197 51.482361 41.271545
0 543.179688 174.607239 21.861206 20.755249
0 537.790222 423.970032 27.16272 23.859253
0 228.97998 212.681976 45.178467 35.238586
0 428.357758 573.975708 25.023254 21.021851
0 623.284302 517.079895 33.385742 54.14743
0 322.442719 476.469452 25.646973 22.414307
0 628.897339 40.20359 22.205383 30.813454
0 148.826584 241.858154 45.57975 43.199112
0 554.396301 570.062134 33.019287 30.405151
0 385.016846 515.78241 27.230835 24.060089
0 88.579018 150.96138 21.247025 19.2117
0 93.716606 228.460098 19.859543 18.49054
0 521.360596 598.137939 54.516449 41.623413
0 278.74115 11.085031 30.957275 22.170061
0 182.866501 161.546585 46.675171 41.302094
0 217.323044 145.608536 38.521576 31.794922
0 199.065155 318.057495 30.314301 28.832703
0 181.792145 115.327515 70.95578 57.803108
0 407.206299 297.857178 38.017761 37.625122
0 615.149841 334.967926 31.041504 24.682251
0 508.369873 487.905914 84.11438 69.344543
0 389.520386 276.894745 26.044006 24.924805
0 605.50531 407.254486 26.525879 23.891968
