0 440.065216 452.275421 27.212952 25.519226
0 467.058105 606.026978 28.365601 25.23291
0 26.122658 133.505692 25.957748 25.124573
0 212.663681 548.045959 46.761169 43.204224
0 394.373993 92.81955 21.044006 19.546555
0 278.522217 193.844254 16.18634 15.968384
0 480.432953 448.573975 44.06665 41.171326
0 275.266144 406.218506 66.051025 61.647644
0 270.614105 619.042053 63.710403 41.080566
0 508.120056 102.22258 45.593109 42.209167
0 19.885538 163.153442 39.771076 56.970306
0 505.754272 161.516922 47.304962 45.322601
0 625.37207 13.011894 29.25592 26.023788
0 124.947502 620.372131 34.310135 33.908203
0 630.997681 40.345673 18.004639 34.698929
0 536.485596 453.896057 53.768433 50.460938
0 565.167786 96.731499 29.0802 26.776047
