0 123.918884 627.047607 42.501015 25.256104
0 301.810211 87.305679 30.037842 28.664673
0 389.582062 374.79657 27.0271 25.460022
0 305.555023 134.459763 26.067078 23.727905
0 12.22146 104.976974 23.826138 23.966995
0 337.220337 90.568832 24.700806 22.658859
0 335.141815 62.743469 22.013672 21.903561
0 611.913879 589.091919 44.305176 41.373291
0 390.752106 176.664886 39.054077 33.948334
0 315.766327 301.501099 38.267639 33.659668
0 531.191895 246.053955 55.319733 53.775879
0 126.70433 425.528687 28.145409 27.059998
0 286.350433 106.19603 20.018005 18.385681
0 410.487854 352.031067 34.191711 30.213562
0 209.732056 488.444275 39.493652 36.219421
0 504.243011 583.517029 34.785339 32.915527
0 442.105652 424.427338 29.898743 26.093811
0 388.805115 53.393887 35.12323 29.307823
0 389.730011 628.894653 34.887024 21.53833
0 353.636292 175.421585 30.165955 27.481506
0 210.625473 446.194336 53.590759 46.82782
0 119.582703 594.986511 34.21714 29.047363
0 115.254539 570.427673 54.833054 49.668823
0 506.19278 553.315186 28.956604 26.78894
0 379.825195 234.985153 23.513916 23.535217
0 51.130859 62.147026 19.764015 17.307007
0 284.143005 434.900024 29.512817 27.526978
0 404.838928 77.918289 31.996277 29.034702
0 71.55986 252.722549 32.599899 30.572906
0 316.393372 498.733398 40.15448 33.180664
0 504.118073 462.319733 21.638245 19.570374
0 402.592804 258.581848 50.951599 44.388351
0 63.502243 428.230621 44.892868 40.090515
0 596.827332 403.125397 24.316772 23.760925
0 314.302277 517.459106 25.433533 21.992889
0 213.667603 617.300293 20.590393 19.975586
0 68.18808 375.401093 31.019131 28.05426
0 170.537659 196.119888 35.066864 34.623993
0 573.767273 396.350403 24.188354 21.49469
0 256.499359 516.425964 76.738693 70.161713
0 594.29657 226.065582 87.5896 86.940918
0 401.178467 523.338501 38.704468 35.335938
0 352.730865 20.997921 18.375305 16.793987
0 150.233612 213.054123 20.469849 18.063507
