0 479.747528 186.522568 69.935852 62.405151
0 558.913818 614.139221 32.660034 29.699951
0 615.579895 44.556335 28.538818 27.01152
0 517.02887 427.424866 40.033569 37.672058
0 65.007736 137.092377 37.037674 33.792259
0 307.351013 375.70636 40.818359 38.14801
0 615.672607 570.051025 30.331421 28.295654
0 238.134857 281.997406 24.313385 25.356018
0 356.826385 372.0112 28.911621 27.378723
0 466.190247 477.072876 36.728394 31.999695
0 609.516968 513.745117 32.143921 33.228302
0 410.596527 451.824799 40.818726 38.454285
0 253.495361 362.639526 21.686584 22.322937
0 52.305733 316.138611 29.246414 26.209229
0 551.416382 421.655945 30.655396 25.610229
0 418.188538 373.914368 29.138245 26.56543
0 278.07486 90.863571 25.246155 25.372131
0 472.977661 504.525757 34.557678 33.463654
0 60.563232 334.089508 18.163773 16.865234
0 497.274902 620.825195 34.583984 32.310181
0 147.775421 12.580789 39.428406 25.161577
0 570.700989 345.344727 20.232422 17.609009
0 511.193176 223.6129 34.48587 34.879456
0 520.530762 611.073975 19.989716 17.508179
0 323.852142 537.967651 23.371948 23.458984
0 313.61319 151.496201 148.683533 140.916779
0 502.762817 361.912415 21.829437 19.808044
0 214.821213 180.564972 56.205963 51.966217
0 628.946167 499.630737 22.107605 30.202911
0 631.018433 436.831451 17.963074 25.130127
0 636.156616 576.568176 7.686707 18.617188
0 230.045212 37.588577 20.540527 21.576942
0 553.631958 234.577271 31.052002 31.463348
0 196.838058 344.35611 29.549438 26.335266
0 550.450073 435.009094 31.484253 28.254028
0 303.590851 325.140747 23.655151 22.227905
0 160.76062 163.454605 24.133789 25.244965
0 175.520554 198.07608 32.402069 29.560333
0 593.918274 454.570129 23.702148 22.016052
0 33.335194 214.620224 66.670387 121.371918
0 527.956238 592.103943 19.821899 17.674683
0 8.117142 144.353516 15.755032 22.189453
0 452.379425 417.401855 23.493591 22.332336
0 467.643036 210.201111 27.631775 23.236938
0 591.951355 251.606216 18.188354 17.124542
0 583.167847 332.165039 18.724243 20.0401
0 86.009583 555.665649 172.019165 168.668732
0 456.686615 357.750458 17.152405 16.843994
0 111.286057 254.976685 38.104919 35.62207
0 504.752808 590.873718 29.884369 25.859863
0 321.797577 78.592636 36.104431 31.441807
0 146.375351 347.316803 30.359955 28.913391
