0 445.154205 320.019043 87.839661 83.878052
0 115.531891 176.851501 123.721191 107.994385
0 457.703613 415.682312 35.113464 31.864868
0 413.917877 138.556808 26.704956 25.066841
0 531.253662 203.927979 63.875854 54.042114
0 485.988037 153.864014 30.605225 27.521973
0 595.721191 215.899963 34.414429 31.176575
0 169.86557 72.788017 298.049622 145.576035
0 30.028275 481.931946 59.9785 168.331757
0 11.872195 312.978271 23.74439 66.928162
0 551.024658 17.784624 37.325195 32.749416
0 23.176598 142.535889 38.72316 38.747345
0 357.252594 226.143524 79.972473 71.326706
0 231.541092 271.787201 21.479126 21.436462
0 134.77037 140.791733 42.839195 39.330414
0 447.100006 101.619072 39.453552 34.318985
0 433.032288 16.839523 58.989258 33.679047
0 272.888184 274.536133 40.560532 35.244629
0 305.036224 269.80365 21.916077 20.352478
0 279.826599 339.648804 36.336853 34.141479
0 630.499634 277.921387 18.651001 20.971619
0 408.24353 615.202332 65.842163 48.692017
0 468.827301 567.779114 22.578735 20.095703
0 599.219727 598.137268 81.560547 83.725464
0 211.090042 466.652344 349.814545 339.501495
0 484.893677 175.090912 76.043213 64.199951
0 487.078644 161.026016 47.319397 42.856232
0 362.954559 201.907944 70.889954 58.248779
0 544.452698 73.73877 126.737152 110.986145
0 518.939819 625.424255 69.481934 28.694214
0 506.945496 319.141754 36.341919 30.879028
0 509.138855 8.62211 21.526367 17.244221
0 104.746902 313.514099 170.463287 138.667786
0 309.337433 233.792358 21.158936 17.620422
0 172.491287 76.031982 21.519531 19.245636
