0 41.152206 426.450531 73.362015 64.244568
0 485.953461 307.785767 53.299744 48.273193
0 245.761475 226.099533 87.027542 80.368744
0 286.856384 418.001312 83.383667 78.322937
0 183.748688 327.06781 55.899353 48.186646
0 48.350952 256.278748 65.608948 59.967529
0 539.172974 300.116119 31.248657 27.12146
0 149.762009 440.641785 35.062958 33.221802
0 151.060318 238.628082 124.238747 123.983826
0 211.945938 623.879272 23.018127 20.651855
0 447.618805 218.104828 26.201172 24.116943
0 352.288391 253.527191 34.130859 30.244858
0 603.963684 460.700684 68.55835 64.182739
0 83.992508 192.017395 38.73468 36.16214
0 71.99791 26.972662 38.503178 34.894848
0 30.340122 610.15802 19.62294 19.3479
0 355.931488 273.591156 20.17865 19.334412
0 377.294952 284.428253 38.85907 35.886536
0 140.300827 264.00705 83.343964 81.293823
0 136.562958 142.497864 80.447746 75.542175
0 402.88089 201.275146 35.750793 33.825195
0 251.966217 379.932037 28.044052 25.758911
0 607.951721 560.693481 21.738525 20.407715
0 418.80426 233.484161 32.043945 28.499817
0 444.962646 380.632812 52.143921 46.303833
0 29.022541 382.471558 26.466652 26.086975
0 548.082886 496.59903 79.694916 72.851746
0 50.13076 61.290215 46.557709 45.481964
