0 474.314758 336.054779 85.379425 85.522461
0 303.489014 173.659683 30.676819 28.589935
0 372.239441 330.378754 28.362549 26.254211
0 329.962311 215.918747 23.713501 23.705627
0 26.149981 318.554382 25.023785 22.987427
0 419.005157 188.043243 30.558533 28.658417
0 528.333069 26.95373 28.235962 26.079121
0 253.985992 529.500366 46.669266 41.578613
0 50.464439 243.496353 28.242847 27.816559
0 13.318693 530.196045 26.637386 25.936401
0 48.782501 204.130402 21.855667 21.878479
0 201.743362 394.789764 25.653809 24.12207
0 479.513763 494.206665 26.975342 25.828552
0 146.059967 327.324097 36.214264 34.369263
0 226.752167 28.378155 33.73291 33.33622
0 41.318825 72.507034 20.503387 20.774704
0 389.008545 517.497009 97.302124 82.805145
0 50.354462 521.811462 62.540802 53.463623
