0 520.817383 346.301849 44.948975 41.616455
0 569.491577 484.786163 35.212769 32.636658
0 153.159164 107.222107 36.255737 34.960052
0 273.499329 335.02887 25.560791 23.983887
0 546.080627 30.599257 30.704102 28.114628
0 574.938354 254.856857 26.515503 24.668182
0 148.455887 13.787903 33.314819 27.575806
0 330.336334 98.736931 34.73053 34.463135
0 476.858948 17.300297 51.148682 34.600594
0 175.929962 24.791355 38.243073 35.065613
0 630.483765 164.304337 19.032532 22.285736
0 39.94133 12.158909 23.968712 22.539993
0 246.603119 174.553879 44.346176 41.870667
0 324.214722 168.638138 22.165833 21.054108
0 58.141594 86.588425 23.234909 21.88295
0 77.194336 177.357025 28.665955 25.630249
0 620.001953 219.283417 35.874634 34.081879
0 100.593605 370.0802 28.251709 25.505798
0 538.931274 275.075256 25.992554 23.981812
0 438.050903 55.446335 51.830627 44.366577
0 260.912872 469.954071 33.534592 30.532104
0 620.596191 280.624695 37.909912 50.531494
0 87.186852 459.508911 174.373703 112.68692
0 187.70369 58.285828 31.562286 29.167141
0 48.664822 243.443359 25.741768 25.389816
0 436.499023 266.958984 27.786133 24.147522
0 103.802742 137.623474 21.542236 19.702782
0 311.427612 197.77684 74.362732 61.791656
0 404.853363 378.651123 34.492676 33.408691
0 243.536758 269.850952 21.75351 18.799683
0 410.679443 286.526154 27.112 23.554993
0 625.073608 243.684937 28.581909 27.415833
0 122.711617 264.408569 100.52095 87.236145
0 426.164398 15.54291 67.514099 30.730015
0 473.588501 407.431946 28.100769 25.279236
0 141.509766 441.044067 28.751015 26.361938
0 460.808136 391.201538 21.89447 20.931824
0 551.039124 371.440338 23.905518 21.41803
0 302.545502 108.953835 20.826294 19.220901
0 181.611282 13.206005 33.879547 24.471916
0 35.419769 164.605515 19.629776 19.52713
0 374.301208 246.550964 106.931152 92.384445
0 22.810387 297.547058 25.529045 22.200684
0 278.156799 43.436451 162.897705 86.872902
0 174.44368 351.636475 19.916748 19.232788
0 520.935547 289.418121 25.730194 23.341614
0 519.496155 4.974116 23.647583 9.948233
0 592.793274 46.941696 22.670166 19.766327
0 625.345215 132.974091 29.309509 42.673706
0 517.418213 96.23159 21.371338 21.46286
0 611.719421 64.494858 22.262451 19.986202
0 201.999191 223.547119 18.9552 18.311279
0 74.379242 195.960083 25.129471 23.458801
0 626.670166 43.483364 20.838501 18.242897
