0 168.752457 341.630127 51.151978 47.971375
0 75.749741 427.233032 31.710583 30.346741
0 425.557281 17.295238 78.761536 34.054268
0 32.2062 230.770279 31.428497 30.766144
0 199.458984 626.420654 24.420441 21.869019
0 401.658478 67.355209 30.239929 28.582424
0 548.676697 456.343811 22.873657 20.971008
0 184.13829 100.859879 162.172882 160.844696
0 63.998348 299.191132 22.259407 22.831909
0 298.181671 5.949323 22.765991 11.898645
0 99.41584 28.046227 20.944031 18.677412
0 489.366272 9.545013 49.752167 19.090027
0 545.871704 177.616272 26.054199 25.514038
0 348.628784 589.240479 30.659241 30.46936
0 314.000641 258.012817 20.827942 20.113159
0 514.796936 169.814972 37.035736 34.602295
0 357.043396 298.52771 33.952698 32.232971
0 507.74585 69.40509 73.388336 66.506317
0 600.631653 160.066391 21.753296 22.269836
0 371.792969 430.275055 19.782104 18.372742
0 390.255646 123.213646 30.967773 28.748367
0 570.842651 24.663551 32.598999 27.950111
0 454.519897 147.743118 44.315308 38.954132
0 547.928345 590.645386 111.886017 98.70929
0 128.612747 579.027771 33.086243 32.406616
0 443.954895 55.748596 48.839783 44.518703
0 176.173935 615.74762 22.4039 22.388062
0 293.029053 305.420349 19.393982 17.423645
0 296.136169 397.320618 20.04364 17.00354
0 465.781525 33.716751 34.639587 32.921303
