0 421.050964 379.864685 66.242065 62.15094
0 59.737755 597.999268 32.584885 29.560059
0 385.205719 203.569092 87.197327 84.001465
0 503.220367 416.049011 49.445129 47.413147
0 549.34021 101.382889 51.077881 47.352921
0 612.641296 224.865479 54.717407 68.266296
0 78.52491 572.870178 34.460346 33.790771
0 399.750244 342.506165 37.848633 35.150879
0 248.167358 153.309158 74.568375 64.730019
0 182.402832 272.736511 31.72699 29.419312
0 35.284592 532.319092 30.397537 26.605103
0 423.588226 22.904436 98.017822 44.224094
0 377.780823 444.175079 130.815063 112.585327
0 259.917114 606.100647 33.096024 31.561279
0 566.810364 484.915863 25.149414 22.121948
0 466.160614 497.719299 30.741455 28.995697
0 401.479919 50.60215 25.369324 23.5392
0 150.156158 154.94249 134.366211 118.850807
0 295.364044 485.908234 26.95343 23.457275
0 224.856964 59.052593 139.934998 112.014458
0 280.197235 319.67514 33.39093 29.173218
0 347.449005 152.371338 55.629272 46.696808
0 345.197662 124.686432 23.917969 23.728333
0 162.479691 572.61084 37.40451 32.024414
0 168.338806 245.047531 31.626099 28.840546
0 304.747498 168.508957 29.942444 29.041962
0 83.991272 56.854919 122.47287 99.513519
0 536.501465 136.613586 21.566406 20.595695
0 496.076691 270.289337 20.20105 18.767639
0 593.883301 347.309845 92.233398 110.384155
0 299.065399 197.221039 28.195679 24.734406
0 223.254562 125.006973 21.30423 21.31382
0 332.300385 441.826019 25.486084 23.201111
0 578.911438 186.936462 34.568481 32.457947
0 497.904968 7.176953 28.281952 13.955589
0 234.204788 433.856171 308.368134 256.222961
0 628.079529 6.851792 20.195312 12.719427
0 44.283623 372.697754 86.000488 79.57605
0 293.031433 462.177704 22.452515 20.439148
0 433.540039 110.071625 20.339539 18.866089
0 41.135254 461.166321 82.270508 104.131744
0 357.495728 20.694309 29.601624 27.936142
0 612.374207 144.890884 33.540039 31.232788
0 440.949829 503.721069 28.464233 26.740234
0 354.549347 500.136108 27.682617 23.829803
0 612.752319 406.02063 24.484497 20.449219
0 346.63736 327.536926 24.614258 22.82135
0 483.409729 351.312378 124.99649 108.814453
0 426.30661 453.3638 50.547974 49.686401
0 426.082458 608.687866 17.131287 15.979248
0 336.616058 54.186756 39.648315 32.939064
0 13.551085 148.352951 27.102169 40.071014
0 623.848328 78.924744 23.784546 22.811996
