0 285.778168 161.82135 104.982864 91.45285
0 626.845886 550.377686 26.308228 28.152832
0 490.999268 442.252686 29.11969 27.504578
0 327.72345 354.42865 34.109497 31.756897
0 596.907959 579.804871 27.707764 25.551147
0 424.282501 298.011475 50.363892 45.763245
0 246.165405 352.516571 28.068497 24.771606
0 336.417694 280.94873 29.935181 26.688232
0 412.124054 595.319214 24.693604 21.339478
0 155.412766 191.281494 109.291534 99.268921
0 471.286255 156.034363 32.694519 29.018951
0 372.614349 264.237396 46.930725 41.994812
0 257.419189 385.749939 18.708847 17.61792
0 502.370758 512.194336 21.145813 20.180389
0 178.247543 258.677917 64.094543 60.002686
0 220.767975 37.036919 72.764511 65.315079
0 166.564133 469.271912 33.092163 29.06073
0 212.831757 85.366066 23.75116 21.476959
0 48.088818 39.348816 49.140526 48.361519
0 448.876007 337.137085 76.361145 68.013184
0 302.359924 52.650864 106.661301 88.327484
0 14.489586 98.03862 17.219501 16.353012
0 521.807007 378.266418 75.805939 66.967773
0 511.396973 458.707825 22.010284 21.354797
0 351.121368 325.720917 48.374939 44.486267
0 79.362045 77.097122 39.586227 42.228119
0 363.889526 30.19647 29.569214 30.705143
0 34.623703 253.27475 19.849855 18.568924
0 602.192749 590.465088 20.751709 21.696411
0 149.350128 34.540749 80.598991 66.078049
0 485.227386 296.110199 28.536804 25.258118
0 89.635277 269.716644 119.876236 119.197998
0 632.332275 376.49884 15.335388 27.209839
