0 463.118347 609.679138 30.099792 27.205566
0 276.744995 478.875763 43.827087 39.609253
0 224.965302 354.85434 27.026733 27.005554
0 432.986755 407.815735 22.98822 21.188293
0 329.786987 537.845825 29.226562 25.077026
0 430.859497 121.293564 24.832153 21.38327
0 181.0625 594.104614 25.900421 21.878906
0 354.843872 526.40271 24.184387 21.283325
0 90.780663 315.177765 25.635788 22.742798
0 319.865051 41.687344 70.326965 56.909233
0 318.965332 283.870422 35.972839 31.623657
0 604.922729 550.73761 22.086304 20.546997
0 269.892181 481.316193 29.918411 24.067017
0 65.208115 324.611542 26.59425 23.806519
