0 375.093475 358.547821 33.829407 30.581543
0 613.787842 381.873047 42.150146 36.941772
0 526.532166 624.555786 35.405518 30.888367
0 269.077759 56.861557 36.273865 35.004532
0 490.959198 418.57608 24.161865 23.501038
0 43.100403 403.021149 30.374069 27.425232
0 351.036224 72.577446 19.655457 19.414532
0 39.708401 315.176544 21.006874 20.44519
0 391.174561 437.308563 21.581726 20.415588
0 390.840637 34.400589 20.426331 20.100527
0 571.710815 72.388855 22.471191 21.460739
0 584.186157 402.285248 23.003662 22.384521
0 300.916473 181.961044 25.078796 21.374817
0 479.987213 449.91745 37.789062 31.176575
0 538.132324 120.30619 22.575684 21.415115
0 281.965057 145.71846 29.404724 26.014496
0 127.417694 338.985077 48.700897 46.354675
0 332.439331 247.572601 25.455627 24.131897
0 319.598267 263.78244 31.00647 28.359985
0 226.606934 69.945129 17.283569 16.170979
0 131.897995 444.281769 20.515778 17.232666
0 542.704224 336.901489 19.62561 18.594849
0 387.339478 582.398315 106.673218 85.192383
0 258.340851 15.737701 24.160751 23.695614
