0 563.604553 420.955811 31.018799 27.85437
0 346.872894 335.492554 34.365173 33.532959
0 541.4646 267.230347 83.30899 78.347763
0 308.020294 260.432861 98.138428 84.001083
0 474.745148 283.194885 30.096985 27.917175
0 155.872009 614.380859 76.106941 49.727905
0 438.485382 217.876678 86.078796 76.30275
0 585.411133 505.993774 100.702637 101.986084
0 540.809326 152.471085 29.060669 24.261292
0 615.001343 42.216293 49.997314 78.056061
0 630.218994 430.755188 19.190552 20.68988
0 493.054626 315.02771 50.273773 44.626099
0 378.607178 187.583282 47.973328 42.183472
0 123.428452 247.855865 23.414803 19.887863
0 542.936096 379.128845 22.52771 20.437439
0 104.833557 464.997925 209.411194 250.431396
0 223.984344 352.889191 21.294067 20.81311
0 171.715561 148.592728 23.275269 17.27652
0 505.225983 534.06842 82.206726 72.454712
0 422.627686 560.696838 66.752136 59.552979
0 439.371826 615.31958 130.330261 47.512695
0 555.492004 614.538818 121.919769 47.64502
0 118.343903 266.141083 20.24939 19.177368
0 546.637085 611.342896 57.246826 43.268433
