0 620.077454 497.536865 32.359985 29.462891
0 280.661926 377.624237 26.841919 24.631287
0 625.2052 172.801514 29.589539 31.066254
0 440.083862 491.665863 24.982178 23.275513
0 338.670319 597.019897 24.930847 23.565186
0 569.019836 187.564621 24.508911 21.913361
0 292.906433 440.206818 23.129883 19.595764
0 350.573792 247.035339 20.702942 18.719971
0 293.805298 294.281403 21.786133 20.042236
0 596.777649 220.319244 24.069214 20.564697
0 384.570587 13.442944 29.393005 25.683311
0 76.120331 401.475616 19.484222 17.879395
0 490.056244 633.724243 20.982666 12.551514
0 453.509369 219.310501 19.709412 17.056274
0 632.355835 16.428591 15.288391 29.646725
0 97.767426 370.946625 20.363388 18.297913
