0 406.780945 557.418823 104.577759 90.963287
0 523.213989 322.153809 52.607788 47.264832
0 351.071411 274.654449 27.185791 25.207214
0 448.655945 194.625626 34.507812 31.416962
0 611.778931 377.570068 54.268433 77.213806
0 427.414032 495.247131 36.801208 30.366089
0 250.769867 498.079315 33.708923 35.54071
0 463.823792 63.977631 214.147705 127.955261
0 537.69574 191.823944 28.907837 26.540436
0 624.97998 89.468735 30.0401 33.569855
0 494.628632 341.477295 27.294373 24.127869
0 89.712067 340.692139 33.106323 28.807007
0 417.994446 443.079956 36.314148 31.842285
0 203.406006 501.192688 37.248627 36.407959
0 48.179642 481.323425 43.365967 37.381958
0 14.614155 466.166138 28.719513 28.179199
0 39.151707 553.678772 24.71673 22.422852
0 326.96347 333.76532 25.444641 22.889526
0 43.43721 354.21405 22.779358 21.759094
0 358.679413 450.279999 97.485535 88.110657
0 603.300842 546.492554 27.835693 25.946533
0 451.877777 308.105316 59.608643 49.467896
0 264.031128 61.709774 59.964005 58.455879
0 92.663734 421.471008 25.333878 25.528259
0 119.163704 364.619019 24.404495 20.871338
0 45.477066 458.456024 37.263412 28.480469
0 574.661804 391.432709 25.570801 24.705322
0 536.499329 398.261261 28.730103 24.710205
0 493.803467 252.954651 172.005585 119.11499
0 160.028107 166.442139 277.34845 250.336548
0 171.442108 290.499786 22.229889 19.872986
0 240.49234 538.183533 35.684448 35.682129
0 266.903961 282.762939 97.134216 87.011612
0 293.878479 584.885742 140.543335 103.792114
0 620.581604 425.209808 33.056396 29.292969
0 219.408585 607.987122 23.575684 22.423096
0 584.696533 125.268906 104.680542 102.88504
0 356.444641 378.256683 26.208191 20.937561
0 289.608215 470.192719 37.290466 33.111938
0 497.715363 409.374176 25.833557 24.039307
0 598.111816 225.459869 83.776367 120.148804
0 387.926483 361.140869 26.000305 21.089294
0 5.262346 303.391418 10.524692 21.617004
0 417.881805 457.534424 22.9151 18.660522
0 331.383453 93.735687 77.69043 67.333344
0 302.570984 206.345795 46.771667 41.934601
0 420.664429 457.274414 39.573914 63.480347
0 28.920609 469.871246 43.894547 34.481812
0 208.24884 588.503357 24.839478 25.708374
0 313.609406 279.361694 18.920532 19.130432
0 448.623352 345.528839 53.335754 41.516357
0 630.097778 60.382526 17.651123 20.046501
0 38.646908 456.110138 23.708735 19.649231
0 374.518463 186.526978 33.174194 30.705719
0 297.42923 234.511353 32.271484 25.165771
