0 80.327309 290.306091 25.320908 24.18158
0 294.881775 538.444824 47.666077 40.354004
0 153.468079 453.879669 36.307587 33.062134
0 58.433197 353.134277 24.885258 24.767578
0 106.874992 534.830811 32.768219 29.395386
0 183.248138 70.392693 24.992706 22.637272
0 197.075241 246.763901 20.530579 19.160919
0 132.117065 554.599426 35.3974 30.577271
0 123.124939 493.639038 29.825806 23.460083
0 133.521774 529.319214 23.234283 20.914673
0 290.193787 11.987864 34.443665 23.975727
0 309.144775 374.007202 23.959961 20.172607
0 96.889565 493.064575 23.831375 22.69989
0 311.854614 433.057007 31.517639 26.433411
0 299.218689 116.055573 33.186768 30.769073
0 120.322647 622.704407 18.569313 17.989746
