0 222.421494 538.796326 216.451935 202.407349
0 525.307617 468.253601 32.945404 30.443176
0 573.080933 417.239655 70.404663 65.291138
0 78.199844 539.775818 79.688858 73.438477
0 211.403397 58.955967 37.166351 33.089378
0 56.745392 184.090485 113.490784 161.075485
0 407.848511 49.301434 26.370605 25.826637
0 371.965973 138.484772 29.763916 28.595886
0 173.758408 30.121166 103.153717 60.242332
0 29.188478 22.829355 26.346729 24.087597
0 478.626953 173.948608 31.919617 27.687866
0 21.248535 549.186401 42.49707 55.906006
0 507.357025 141.087357 87.22345 86.631653
0 33.903435 465.222229 20.64341 20.492432
0 456.367767 315.752991 58.341187 52.292786
0 68.988586 601.344116 137.79718 77.311768
0 372.619263 61.089539 25.991211 23.54015
0 503.264771 223.589462 21.472778 18.756866
0 573.694885 255.5009 31.304688 26.84903
0 6.582719 357.449005 13.165438 29.624512
0 322.538513 360.683075 44.641052 40.165222
0 467.991089 224.757065 48.536072 44.699768
0 80.720566 84.843742 26.906006 26.990524
0 345.516266 36.476124 42.477478 38.351143
0 326.130798 175.556763 76.257629 70.518555
0 22.55018 527.558289 38.620136 39.210083
0 451.616394 41.61784 43.718384 41.178703
0 188.804428 93.189331 65.551727 60.695129
0 51.763969 443.669617 38.815838 34.69696
