0 361.761353 540.091309 35.283142 32.345337
0 307.815002 548.498596 28.781128 25.376343
0 27.503595 577.408447 55.007191 54.386963
0 370.236755 138.205399 29.194092 25.76104
0 173.218536 500.673187 23.00119 21.319519
0 148.251068 290.878784 22.626221 20.132324
0 200.089767 133.327423 25.434174 25.185455
0 48.34737 70.653641 20.7752 18.694767
0 15.22382 558.41333 28.584202 32.083496
0 240.259186 8.610429 20.486023 17.220858
0 135.454636 387.19342 26.974831 23.985107
0 217.764175 176.578995 17.510864 17.226318
