0 610.350464 403.882141 30.495605 29.093384
0 488.660187 303.926147 40.528076 35.566467
0 344.79129 392.238525 22.649963 22.179932
0 608.580566 514.826843 30.90564 29.456909
0 581.510559 560.098694 35.737305 30.344482
0 60.188896 130.242035 38.512375 36.842804
0 631.204712 471.911713 17.590515 24.045593
0 100.781212 189.655884 21.465347 18.440613
0 371.957001 593.947021 323.386902 92.105957
0 542.44519 330.79007 22.783325 20.787598
0 315.168182 301.875 20.104065 18.189209
0 404.865906 18.614122 21.326111 18.135395
0 465.801788 327.750854 30.646912 30.085449
0 611.441467 541.608154 26.850098 27.549683
0 382.359589 115.591599 34.448669 37.192696
0 454.402954 298.070007 25.771912 24.231506
0 144.372101 399.841217 78.724762 66.888062
0 93.069862 259.018829 19.360123 16.798782
