0 545.254761 508.933319 90.034912 80.420227
0 225.793274 469.3414 82.910156 74.775574
0 139.867813 101.839462 79.488068 70.178894
0 333.223389 422.174957 31.61908 28.003296
0 160.836975 547.890198 32.892303 29.387085
0 529.174438 235.34845 29.168457 25.498169
0 546.766052 403.45813 26.440063 25.942017
0 209.429611 564.414001 28.235077 26.819336
0 115.645111 444.63562 25.409637 22.611084
0 364.071228 512.214905 33.170471 28.910767
0 407.396729 314.287323 34.272095 30.790405
0 73.602959 428.817017 23.224228 21.026489
0 42.43586 474.91333 84.871719 119.984619
0 242.629486 517.138428 29.279984 26.132935
0 11.395792 278.191284 19.724712 20.432495
0 532.776489 98.339233 21.097168 18.759598
0 156.960587 196.489471 26.177582 21.970123
0 234.607162 546.269104 33.671967 30.112671
0 140.229446 383.692322 21.574432 20.107605
0 185.437775 498.174988 19.351196 18.188599
0 541.09906 114.080956 22.197754 19.763474
0 292.372101 199.080063 45.599854 42.274445
0 114.496193 532.861755 24.76445 20.138306
0 76.204353 629.974487 19.803833 18.023926
0 188.619873 618.457581 17.882812 17.140503
0 277.896637 633.299377 22.24823 13.401245
0 199.214783 306.07428 20.627228 18.64502
0 449.65033 632.34491 38.184998 13.36084
0 351.719055 550.008484 106.677246 85.708405
0 258.094025 168.660767 59.639404 47.200592
0 71.776077 189.565201 24.283665 22.196625
0 45.703087 396.450287 27.039368 23.374756
0 105.974182 399.187256 51.571503 39.176697
0 295.74762 288.978821 59.617554 50.472046
0 557.149719 314.463104 165.700531 202.305969
0 633.574707 131.841812 12.00293 20.594879
0 106.949326 500.615906 35.970978 31.557526
0 61.534943 500.623047 37.828156 35.574127
0 415.889618 473.787201 17.841919 17.007751
0 217.673965 557.200989 34.740662 32.390137
0 301.866364 17.065832 21.897888 21.545734
0 137.896973 259.599091 146.6474 109.358261
0 314.953705 585.493774 22.285461 17.392334
0 358.740814 521.90271 60.458679 50.885254
