0 443.200165 368.252319 41.851562 39.238647
0 561.673401 162.806015 40.490845 37.296631
0 60.703888 237.541077 33.111557 30.336945
0 100.320946 19.209576 28.011566 25.588593
0 389.43045 576.112305 35.615601 32.50415
0 11.208241 521.545715 22.416481 24.723389
0 607.282104 96.459854 29.010864 26.325943
0 383.042816 220.215027 23.580078 23.449249
0 493.963318 201.382919 23.524841 22.194305
0 310.121246 19.176451 33.629028 31.232769
0 279.324768 449.700928 22.103088 21.658081
0 606.596985 131.383835 20.474487 18.940605
0 352.19519 585.689941 30.076843 28.571167
0 341.521545 31.516943 24.446045 24.138805
0 596.11969 320.731232 35.579834 35.272949
0 484.121704 619.246948 24.855835 21.233398
0 92.24588 104.37236 21.590836 20.961136
0 519.446045 147.302124 21.482422 19.896912
0 454.441559 325.097595 22.777344 21.123718
0 416.086914 549.585693 19.178772 17.163696
0 10.700714 333.15564 20.422157 43.772827
0 88.094078 183.775787 21.943863 20.961456
0 628.078857 320.634399 23.517334 31.704041
0 346.087616 299.776825 29.29071 24.907776
0 41.196735 154.395935 24.713217 24.864838
