0 446.166687 181.044144 27.999756 26.027649
0 94.710701 51.842224 30.409531 28.888386
0 624.192749 485.35025 28.056641 26.827759
0 304.817017 32.867756 28.304016 25.569605
0 491.067261 9.264021 41.731934 17.910969
0 215.162659 69.896019 26.425385 22.842667
0 595.552673 132.097626 27.613037 24.800873
0 160.70372 116.04628 25.536407 23.665695
0 181.442627 267.429749 24.651245 22.842407
0 69.835518 525.288391 27.007568 23.44397
0 202.216797 426.847778 22.641815 20.643066
0 60.770439 360.173981 121.280899 109.913696
0 390.535553 35.478039 28.334778 27.695541
0 301.627045 572.666565 23.696472 22.276978
0 43.068745 474.087128 34.98526 35.71582
0 600.957092 360.886383 33.165527 28.546082
0 514.638 133.324585 24.189453 21.407616
0 631.214111 93.885651 17.571777 28.613007
0 459.039337 456.288422 25.539673 22.597717
0 285.555328 154.342072 21.366028 20.019836
0 323.810455 156.255035 41.816101 38.767456
0 71.594658 41.849815 25.208328 23.615816
0 70.326645 62.960938 22.546539 21.064667
0 66.919548 578.303833 27.814556 23.966187
0 391.311646 8.101626 21.492981 16.203253
0 281.925507 21.093966 21.309692 19.470772
0 562.415161 517.398132 89.47229 83.894897
0 179.837845 515.161194 115.954193 105.362427
0 129.86972 582.313232 46.039062 41.928101
0 490.227448 133.813629 15.267212 17.902092
0 491.23764 134.128235 29.289917 24.775764
0 553.226196 149.371674 24.035156 20.419952
0 8.472597 310.516571 16.516552 35.014221
