0 597.435364 436.442169 49.951782 41.767273
0 222.190964 107.764732 31.305756 27.853897
0 623.920959 557.26355 32.158081 38.668457
0 299.095459 362.739319 150.001587 122.224487
0 112.264496 396.558563 216.632812 232.204529
0 116.98645 556.75885 27.776512 21.594482
0 625.539917 513.986389 28.920105 51.052734
0 573.002808 172.597031 24.859741 18.841888
0 271.347656 241.792206 24.238525 21.248627
0 573.779724 238.861282 26.180176 21.218414
0 39.115723 31.794682 73.291183 63.589363
0 529.230347 530.312744 19.66272 18.083008
