0 451.139893 286.565979 27.109863 25.026123
0 58.387001 570.625061 116.774002 134.863403
0 218.3452 112.750092 26.196747 23.160706
0 630.179871 417.116699 17.711426 18.67334
0 198.017715 346.633789 21.991913 21.129211
0 421.894409 627.983398 30.946045 24.033203
0 592.22522 79.775528 22.960327 20.236115
0 409.537537 338.441376 36.685486 34.993469
0 458.147827 90.097107 24.809143 20.053909
0 325.096558 150.68988 126.244751 110.448677
0 608.45752 274.923248 51.623901 44.468307
0 129.450989 69.254929 88.466858 90.421814
0 262.85022 616.685486 96.375244 45.228027
0 170.177826 158.088226 21.192963 20.594086
0 276.444946 533.95459 146.209717 120.362579
