0 28.15358 619.981934 28.97574 26.461914
0 46.891685 18.913486 49.419601 37.826973
0 74.676796 277.875275 21.265625 20.330383
0 468.319275 41.922768 26.530701 21.49292
0 111.713882 226.271866 48.98288 44.39325
0 453.50351 98.473434 60.436646 53.032455
0 24.897755 488.932983 47.119598 62.490143
0 515.848694 212.911346 34.348969 30.038849
0 482.261993 142.243164 48.503845 43.944519
0 170.736115 214.062378 38.91864 34.630157
0 309.109253 199.430374 69.357605 65.186157
0 34.097748 195.554871 22.225143 18.194366
0 18.683113 242.570557 37.366226 43.53772
0 524.252869 37.182064 67.592773 58.485649
0 109.321098 38.644604 45.959579 39.654953
0 8.366573 15.200289 16.373566 30.400578
