0 131.228638 585.579773 122.698883 99.535156
0 227.686874 285.221802 41.786285 37.116882
0 497.690002 452.541748 30.611694 28.403809
0 447.351257 43.833694 151.761108 86.302582
0 337.141174 513.079529 38.98877 35.193848
0 463.546326 110.505165 82.8078 68.996017
0 88.724785 27.264065 26.975677 24.749838
0 170.312454 94.880379 118.56311 107.653122
0 434.338013 449.850739 24.836792 22.32135
0 93.774399 273.580292 112.180176 107.154114
0 464.99527 241.182083 157.200134 131.717926
0 559.73584 58.67905 73.352539 60.417503
0 398.831329 312.083405 36.100037 35.822449
0 111.469681 139.541595 47.238304 42.931953
0 77.215065 114.137276 26.121536 23.276459
0 281.028931 40.764397 80.319946 74.381882
0 217.071899 544.179199 68.829651 68.755157
