0 240.450745 39.325066 80.14772 69.305923
0 110.41333 135.90329 30.48262 28.958679
0 593.268616 618.764954 45.318604 38.189575
0 42.437149 419.486938 84.874298 105.665527
0 379.852783 41.004234 38.351196 34.1455
0 311.785187 543.536072 23.866516 21.012207
0 284.637909 284.114777 37.574463 34.992249
0 72.861618 58.588455 22.240509 21.715195
0 557.306458 603.77301 165.387054 72.453979
0 438.297363 116.185242 128.066589 113.498047
0 42.268806 523.769165 84.537613 126.683838
0 566.674744 177.843307 22.974731 19.764954
0 128.615204 463.643616 135.620331 117.605835
0 504.724731 334.523438 20.825348 19.918091
0 565.552307 202.213654 47.807617 42.182312
0 445.373108 437.464111 110.882324 97.665222
0 239.180206 430.828857 74.630249 63.469971
0 120.033653 603.827454 23.036728 21.999146
0 336.026154 296.50528 39.937439 36.415894
0 611.554993 339.714813 53.269653 58.945129
0 422.902039 381.873444 22.305237 22.127625
0 527.981628 309.07309 76.354584 61.138855
0 119.163284 478.208801 19.709068 19.134644
0 588.271606 42.408699 102.208862 83.248077
0 37.125221 555.679626 72.413406 84.221436
0 278.643311 581.677795 62.509338 54.268677
0 388.910858 50.780464 34.479431 30.401638
0 172.21817 528.540588 215.725098 176.519135
