0 271.681152 487.013 195.45433 168.606934
0 283.961212 28.949402 34.30603 32.965973
0 296.579254 98.840813 27.779785 26.870148
0 148.868103 422.726349 95.109772 89.258423
0 375.143677 26.253304 27.14917 25.785902
0 126.160492 45.22757 20.970604 19.439713
0 524.983948 218.794159 27.225861 24.478271
0 31.336351 11.129102 27.820454 22.258204
0 361.019806 540.785156 28.633667 26.495728
0 119.415482 181.30722 62.478394 60.639221
0 186.953857 568.999451 113.193237 81.427002
0 503.518494 405.541626 30.572998 25.91571
0 195.409805 141.133743 20.683594 18.775848
0 330.690216 624.646118 27.006165 24.977783
0 36.063538 356.491241 21.071899 19.19812
0 604.351318 622.111511 71.297363 34.08667
0 455.34436 149.724243 43.239563 38.348816
0 515.832153 78.988976 248.335754 157.977951
0 483.328979 526.830078 99.598999 84.92041
0 569.371582 562.649658 79.775513 70.05835
0 242.919006 391.983582 37.932907 36.205566
0 611.156006 253.147797 21.790771 19.881226
0 504.720215 592.339722 62.388306 57.900024
0 618.042908 277.533875 43.914185 46.764771
0 476.754211 494.784607 105.430664 102.837677
0 45.9823 501.004761 89.830627 87.430939
0 85.11525 519.96698 31.164658 26.758423
0 329.826447 33.659317 22.74115 22.257263
0 621.57843 322.989807 36.34729 45.508423
0 563.66571 462.372375 19.909424 18.639343
0 73.119026 330.662384 20.499252 19.603149
0 342.891327 567.329773 43.644226 37.504395
0 170.319382 612.762939 159.736786 53.169556
0 254.801941 248.946625 21.745789 18.419235
0 56.762383 559.499451 113.524765 107.843628
0 301.777405 566.215698 29.010376 27.902832
0 578.395935 587.22937 92.340332 82.803467
0 260.009857 26.451054 16.543686 14.856636
0 246.849808 178.86792 17.685638 17.199066
0 622.322083 541.698547 34.164307 58.413086
0 601.166626 474.624725 77.666748 156.026672
0 420.47287 206.850906 81.507751 71.079559
0 284.255951 4.711555 16.697205 9.423109
0 539.033508 68.083412 19.15332 16.091675
