0 459.257324 170.303955 137.451904 122.914307
0 259.633972 11.841133 34.328476 23.682266
0 533.443909 220.137848 40.257324 34.854065
0 303.407257 272.499969 38.939758 36.405228
0 570.41156 176.265411 22.616943 21.111511
0 604.40448 101.997864 33.185059 31.274689
0 441.136627 372.280548 25.905212 24.743591
0 414.415955 390.486847 39.381775 36.793884
0 19.769604 8.710663 27.379303 17.421326
0 365.244141 338.153992 25.842651 25.560425
0 553.498474 300.492798 22.871338 22.966125
0 609.877808 22.885277 59.891357 44.574615
0 97.505417 436.874939 18.687851 18.265991
0 417.90451 429.087402 23.396423 19.955627
0 78.434158 517.203064 20.557465 21.541504
0 94.933914 29.515818 23.645508 20.936993
0 318.888306 58.377365 23.399597 22.125622
0 103.470284 301.251953 162.599503 139.719116
0 616.167969 372.485687 20.190186 18.16272
0 10.879051 321.721222 21.758102 23.13739
0 592.496155 34.47163 21.652222 21.340073
0 286.287354 32.656387 36.790039 36.734894
0 475.588898 319.881256 21.193542 19.975891
0 372.350586 219.418274 75.864624 63.383698
0 131.666016 137.223343 37.23761 38.383911
0 394.745483 539.426819 20.924622 17.526611
0 529.241089 452.531586 21.393433 18.870728
0 392.040131 411.690094 27.787842 26.80835
0 319.938812 196.977966 32.54303 31.705811
0 71.525482 199.855362 21.12262 19.135529
0 622.638184 179.830841 18.554077 16.768066
0 370.136841 12.994219 20.258301 17.215996
0 584.105408 233.588104 57.654419 44.962143
0 28.415119 376.78125 49.875496 42.898926
0 159.325104 260.729218 58.442383 58.00975
0 438.389099 220.862946 17.807373 14.555878
