0 281.65097 627.939087 33.868164 24.043579
0 109.307594 40.927551 49.017899 41.615974
0 324.232544 54.538383 33.692993 29.157867
0 134.862442 18.333191 42.256844 36.666382
0 538.34906 184.614365 39.480957 35.401703
0 255.631409 34.094772 49.418716 42.17186
0 184.189835 293.219025 38.195007 33.503479
0 532.323303 580.604797 36.687378 31.686401
0 467.493866 437.785553 25.619629 23.39624
0 447.92453 197.54245 23.569824 22.249115
0 141.583511 61.927319 36.452301 31.306221
0 471.755402 373.828522 25.310974 23.187073
0 339.428253 528.430237 27.586243 24.273438
0 491.486023 585.87738 29.297485 25.053101
0 273.066833 59.816078 35.994858 29.709534
0 491.180298 497.100555 25.161316 22.47467
0 413.359772 460.533508 35.385864 30.500244
0 405.061462 174.936752 26.319824 23.016571
0 377.993958 615.281555 23.716248 21.019775
0 4.782003 292.279022 9.191711 35.195801
0 12.477318 334.802917 22.812748 21.732117
0 382.836121 482.614349 23.39856 20.394104
0 538.57959 480.682556 26.185425 24.194519
0 202.44133 195.139709 24.18512 21.160339
0 612.920471 240.98616 24.008179 20.068756
0 449.674988 103.930679 24.386475 21.358887
0 605.540039 225.565781 23.232178 20.224335
0 523.227905 308.563568 26.039154 20.425232
0 478.324799 516.944336 19.838623 17.574615
0 24.796246 145.606186 20.563347 17.164612
0 306.46698 250.616989 22.815613 17.953827
0 82.577148 145.072937 22.000168 19.140381
0 627.775696 479.896301 18.969971 19.760681
0 309.126099 119.541504 24.836792 22.781433
0 295.450134 134.95491 22.454407 20.278481
0 228.82547 189.089188 22.429382 18.891724
