0 115.599091 412.087158 29.300934 27.029175
0 108.575409 452.789764 28.791489 27.085022
0 77.760162 305.314301 39.502258 36.485046
0 161.510223 390.233582 42.282837 36.111023
0 338.82312 97.580132 25.549316 26.482681
0 190.438095 251.569916 27.728241 28.493286
0 625.506348 554.521729 22.843506 22.545044
0 583.887695 56.685448 31.826416 28.486389
0 184.846725 522.401184 22.834717 21.580078
0 433.600098 618.872681 21.295532 20.202515
0 84.864998 409.778046 32.151138 29.406311
0 479.14563 329.450958 23.546997 22.168152
0 505.125702 630.026611 26.162048 19.946716
0 361.158905 513.96936 21.772339 22.62854
0 396.64621 609.945618 23.735962 22.518799
0 443.253174 554.859802 21.880737 20.68457
0 434.350128 357.186005 20.585571 19.245911
0 21.191235 6.76389 28.306076 12.486988
0 44.209229 317.425598 37.31852 33.38147
0 272.993805 529.798767 16.87616 17.916748
0 414.58551 542.751404 23.382019 22.427612
0 18.321421 345.246246 21.655159 20.842712
0 75.156181 180.624054 30.75946 25.975342
0 348.862762 437.690918 20.028748 19.668457
0 514.577332 515.644836 21.595337 20.660889
0 482.189636 590.390869 72.681152 68.876221
