0 236.623566 505.967102 148.820129 127.907593
0 72.543243 404.549255 144.532196 150.024963
0 76.221252 527.331482 141.7612 132.609863
0 285.77713 225.18103 145.576614 121.88269
0 434.588379 460.303436 92.59906 79.521423
0 574.943481 274.720032 130.112976 139.330322
0 516.570801 574.989868 182.005005 130.020233
0 564.27417 232.536072 55.538696 51.298965
0 491.62262 419.940887 23.219727 21.93689
0 313.447937 515.071289 33.815186 32.089966
0 376.703125 496.994568 45.896362 44.67923
0 627.051575 136.622208 25.896851 29.883537
0 14.09753 252.743835 27.382919 84.04805
0 404.112305 517.270752 107.715637 84.966064
0 49.020332 46.819004 19.326981 16.937218
0 568.516968 6.418452 32.275391 12.836905
0 273.039276 374.935883 320.905151 248.30481
0 277.151855 626.852234 44.085556 25.968872
