0 368.844452 296.986755 161.613159 153.328369
0 240.494843 185.688705 107.392883 103.183197
0 82.130661 70.294182 125.967255 111.159683
0 121.623192 377.885986 70.811935 67.069763
0 358.375946 292.604523 27.937256 26.71875
0 158.832809 410.194763 24.549988 22.925476
0 170.984818 260.18457 204.385712 173.26062
0 296.960419 37.800102 147.878662 75.350632
0 460.962067 611.62085 135.048767 56.134277
0 188.320114 356.376129 71.979156 66.920227
0 184.694519 25.491135 88.507965 50.982269
0 361.643829 300.374817 100.555054 73.378662
0 359.153076 295.458679 50.526489 50.783203
0 434.774963 539.353455 47.530212 43.383179
0 454.907593 373.272034 21.142334 20.451599
0 411.329315 462.995728 20.621643 20.438721
