0 352.891785 492.075287 125.374939 108.284729
0 344.570007 299.401642 152.254517 128.778992
0 96.100204 300.507111 191.986542 185.132629
0 124.530197 459.42627 30.295265 27.01123
0 392.743805 348.041962 34.331238 31.639404
0 402.375153 189.298294 33.355774 31.24527
0 562.911804 519.378418 34.464111 31.240875
0 178.762131 592.162231 35.544373 33.690308
0 628.135376 117.112907 23.729187 37.091385
0 239.122925 517.070923 121.546677 105.842987
0 257.835419 256.29129 27.466064 24.65358
0 131.058197 149.803818 27.335205 22.494446
0 390.973267 574.814575 27.046936 22.146729
0 553.941406 272.76416 64.318115 54.894409
0 154.752258 387.202057 23.485229 22.656677
0 254.910767 115.287964 20.778671 20.101303
0 596.304443 382.881012 20.728882 19.791138
0 161.222839 504.764954 20.865112 18.541168
0 480.076172 103.318367 23.189087 21.832794
0 181.1651 441.091064 22.007294 19.244568
0 416.314087 103.218216 19.173401 17.984314
0 497.144409 475.865295 21.565674 19.343262
0 309.631409 37.752407 35.901001 31.448624
0 558.206116 221.212402 18.379761 17.77713
0 111.31559 580.382568 18.096085 17.173462
0 335.708801 602.706421 47.464294 37.918213
0 342.439056 168.8741 23.128357 19.532532
0 271.557709 192.035492 20.009338 18.107208
0 378.907532 184.347992 29.009827 28.039062
0 506.22345 234.255798 18.912476 17.992126
0 563.189087 259.080933 28.217529 25.692322
0 419.540985 124.011505 19.200134 16.196991
0 409.947571 51.572166 23.557739 19.113678
0 352.487305 401.566528 134.498291 96.270142
0 118.75882 362.920868 94.655792 83.679871
0 601.520508 583.663696 76.959045 111.006958
0 531.543823 47.421768 20.141724 18.497375
0 30.660042 112.358376 19.827187 17.748352
0 356.699219 236.365356 21.363159 19.139435
0 375.202911 4.794534 22.58728 9.589067
0 573.014282 159.528687 64.349854 56.938965
0 303.494385 149.933838 18.544006 17.12854
0 523.946045 62.864765 20.772095 18.063026
0 478.441284 88.360626 23.06073 23.664032
0 558.599792 549.866455 19.45813 19.39978
