0 505.898499 303.739563 34.351959 34.640625
0 156.93837 458.043671 29.852722 28.466187
0 53.973789 364.094269 24.101143 23.138794
0 439.004089 470.532867 22.890686 23.078369
0 514.181641 41.848949 23.51828 22.554939
0 345.962585 506.023804 23.195374 22.539307
0 587.787903 161.19191 22.208496 20.758453
0 52.611526 634.415527 22.993393 11.168884
0 172.541229 483.869141 21.710724 20.763062
0 546.03418 281.99057 21.327026 18.936951
0 8.514381 270.884308 16.154686 35.475815
0 75.896996 233.169144 19.853195 19.131653
