0 389.406525 226.937637 149.977722 145.117218
0 548.979309 241.135651 37.272949 36.499435
0 350.182373 531.499756 25.190491 24.606079
0 52.751793 119.909584 44.192307 39.406235
0 599.474854 32.584724 24.096802 23.868849
0 489.515045 573.5047 24.819763 23.068481
0 546.707397 591.375732 21.117188 20.517822
0 101.829826 355.691772 23.974686 23.47876
0 484.342468 376.441467 40.43103 39.104126
0 64.765053 6.974887 24.659698 13.949774
0 228.606628 517.59021 76.095886 70.425659
0 446.169708 571.86145 19.306091 19.201904
0 325.27536 519.676575 23.990417 22.305634
0 235.916718 265.203278 63.28833 59.726196
0 84.175797 116.760605 25.115692 23.146355
0 632.097107 392.832581 15.805786 19.782654
0 182.047928 311.828247 19.98288 18.77533
0 210.540009 348.052521 18.549377 17.627991
0 264.606201 445.41095 16.744751 17.166504
0 586.125488 279.183441 104.644165 110.296463
0 40.139587 221.4254 71.431732 77.591217
0 574.892761 25.042645 25.690552 27.452469
0 487.514587 602.228821 17.204834 17.912598
0 423.578552 440.778503 58.071716 57.46698
