0 101.960709 106.981171 35.417999 34.483246
0 62.88414 344.96225 25.305023 23.352478
0 430.99295 444.662506 19.817688 19.439026
0 90.766098 351.417725 26.142822 23.078369
0 492.315094 496.168579 23.302246 20.280823
0 598.929565 10.921892 30.100098 21.843784
0 21.367424 224.017059 38.426346 34.717743
0 461.920288 559.790649 22.468384 20.927002
0 429.355194 393.549835 20.28479 20.508179
0 416.615875 565.292725 20.992249 20.760498
0 538.409912 438.696991 18.507446 17.170593
0 377.078827 336.591949 27.364197 25.180786
0 568.598206 399.075287 30.528564 30.066772
0 467.041595 627.158569 20.853455 17.558228
0 398.69104 591.584961 18.576355 17.132202
0 271.022064 112.557259 18.30188 19.217972
0 17.844505 100.973869 22.615341 19.660034
0 34.986809 9.148579 30.416231 18.297157
