0 300.826294 600.454468 30.010315 27.203979
0 157.44516 297.508575 28.363373 26.9599
0 555.873596 77.14267 36.046265 34.003296
0 148.071564 52.883701 53.136383 47.023033
0 82.808937 19.637581 28.759628 25.250893
0 301.472534 9.481197 32.071167 18.962395
0 259.675476 25.348061 23.840576 21.318741
0 468.582977 591.552368 176.466248 96.895264
0 626.612061 224.884079 26.77594 33.91449
0 354.290863 330.115967 35.236389 32.249573
0 309.079437 241.828217 29.585999 24.88501
0 631.583618 142.804962 16.832825 21.185608
0 425.329437 329.168152 22.084534 20.858826
0 517.64032 374.903015 24.412476 21.066956
0 35.75309 215.632706 21.315203 19.854828
0 363.664825 101.672325 31.535278 26.53949
0 433.033936 519.852661 55.825439 48.46048
0 290.357422 501.610382 22.03479 20.622864
0 589.32074 609.584412 101.358521 59.394165
0 370.637054 631.271362 19.398499 15.886597
0 39.91114 16.25218 72.691788 30.527443
0 221.095993 116.407623 130.353973 132.045502
0 506.694397 103.038193 21.271118 19.143112
0 450.754547 454.545502 18.581482 17.617493
0 264.990021 534.712463 20.851196 17.965576
0 93.326797 159.717346 56.603607 48.896942
0 93.38047 280.983948 46.076431 42.094727
0 554.242126 379.873657 21.453125 19.151428
0 544.218201 367.296448 18.718994 17.748535
0 17.192654 387.867889 34.385307 42.919312
