0 367.34726 558.982849 148.398132 146.2164
0 176.931702 600.880371 52.980804 49.034424
0 474.455872 601.22522 170.762085 77.549561
0 419.087158 290.591125 42.185303 37.932373
0 278.529205 51.619812 26.351196 24.889538
0 411.965729 72.111992 239.687317 144.223984
0 272.741333 346.522095 34.756287 34.30304
0 243.725006 536.979736 27.427109 25.189209
0 127.694748 176.254303 255.389496 258.229553
0 348.666534 623.741333 59.136169 32.517273
0 457.723724 473.584839 27.809448 26.582581
0 164.55835 431.090729 23.496094 21.293274
0 515.005188 419.030334 26.184448 24.242615
0 512.380188 232.327316 50.75708 46.458832
0 480.133667 506.792694 24.945007 22.219055
0 626.242798 364.872559 20.208862 20.233582
0 31.298134 515.345215 62.575241 123.346191
0 476.417908 353.140411 30.845032 27.653687
0 616.893616 629.439819 30.59082 19.805176
0 512.318298 482.265961 65.156128 58.663147
0 561.395874 569.775757 146.192261 125.712158
0 577.954895 376.227448 19.06604 18.082397
0 493.310089 434.22876 24.489075 23.649536
0 434.06189 253.013885 27.293091 25.901001
0 409.656189 327.446198 37.589355 38.249695
0 469.608978 408.616333 21.967773 20.202332
0 251.60936 481.89151 21.251434 18.622375
0 573.165771 233.111694 124.98056 233.517883
0 534.449585 542.505127 99.504059 87.162079
0 304.056458 218.912033 19.800232 18.237671
0 447.2005 207.795441 90.581848 76.584106
0 252.579895 237.905334 24.470383 23.52417
0 69.285507 75.30172 127.62265 103.813431
0 294.526672 447.508087 20.47937 17.472839
0 273.531708 11.211939 51.327591 22.423878
0 607.215881 78.020119 32.943481 30.255585
0 50.663116 336.642944 21.06459 19.311096
0 629.524231 336.826538 19.441406 19.749451
0 431.780701 265.298065 31.929565 31.86525
0 636.183228 387.782379 6.748779 21.123474
0 634.679443 487.906494 10.224365 21.375732
0 430.895447 423.099762 32.293518 28.670837
