0 460.894653 192.191147 27.833984 25.743988
0 266.960785 560.973572 24.730713 23.557617
0 65.428574 70.659958 21.353149 20.288666
0 188.071136 624.702271 86.898224 28.774658
0 353.384491 66.094414 26.204773 25.802017
0 88.007324 201.549011 19.906967 18.39151
0 247.932495 312.420685 23.319275 20.850647
0 235.948059 19.157944 88.60437 38.315887
0 264.982269 212.795914 20.101746 19.319794
0 395.421936 543.550415 44.848145 40.996704
0 164.298187 86.1091 38.534088 31.737946
0 66.508888 218.70343 22.056183 17.918152
