0 410.132629 52.033546 33.726929 31.175201
0 317.135895 367.500763 27.681885 24.318481
0 451.9216 93.953278 28.254944 23.749847
0 445.700592 119.40802 43.691956 36.25721
0 555.918884 57.484753 28.752686 27.201668
0 520.361633 59.767582 50.015503 40.432793
0 469.52951 125.032677 26.248291 25.106827
0 414.93277 595.814758 102.878601 86.982544
0 153.727905 278.960693 27.6185 26.010498
0 93.251785 298.134003 24.143753 22.766479
0 426.581421 23.229 32.517334 30.252205
0 151.34729 267.252991 24.324097 21.834473
0 415.872925 90.507751 19.601807 21.21199
0 535.179749 29.582935 26.271484 22.962027
0 371.952362 41.195137 64.010986 53.227646
