0 247.14679 580.753235 67.34613 64.223389
0 148.232224 446.594482 26.066772 24.786682
0 595.575867 132.979431 23.932861 21.398689
0 439.746887 179.701218 22.730713 23.780731
0 379.268555 140.791351 21.686157 21.382263
0 328.66095 577.686035 35.171997 31.604736
0 631.543274 418.909119 16.90918 19.207581
0 75.989319 210.101807 21.180542 18.937164
0 491.447754 310.91153 20.872742 19.192505
0 365.644226 602.535095 28.845337 25.565674
0 159.324875 552.585022 26.516296 23.666992
0 134.044159 553.960205 24.358429 21.212891
0 350.203705 593.281738 23.285278 21.632446
0 574.330933 451.163452 18.831543 17.895813
0 556.534302 630.041077 19.901489 19.814575
0 388.830048 109.557709 17.401184 17.793518
0 229.928162 497.064911 21.811798 19.723572
0 568.088196 155.8125 21.134521 22.199402
0 100.037422 596.607117 23.076401 20.056885
0 317.456787 602.302612 21.86554 20.004395
