0 532.998169 167.27301 143.978241 140.578552
0 533.560791 66.470001 146.917969 125.195374
0 337.32901 244.155945 66.429504 62.177322
0 42.026321 280.59845 66.82338 65.48645
0 403.68335 387.913727 60.952759 50.547119
0 422.363831 52.540112 29.350281 26.864265
0 52.254555 232.746307 39.040283 36.412384
0 212.128204 517.012451 251.779739 226.046112
0 432.391724 352.155853 66.715515 65.315247
0 89.33226 152.299454 34.850403 32.682434
0 79.08213 183.328125 38.250568 35.8862
0 98.186523 73.634911 161.671021 147.269821
0 534.414429 578.309692 28.330322 25.496094
0 521.93689 415.346466 26.531494 23.986755
0 467.299103 20.51424 29.219116 26.148544
0 45.174145 569.771729 30.753555 28.260132
0 82.753914 403.266846 25.190475 24.144226
0 587.52948 530.155823 23.71521 23.294189
0 55.53352 530.775879 22.521431 21.988159
0 374.912964 85.529175 23.547119 22.979156
0 617.657654 180.374115 38.110229 35.38269
0 13.898342 179.418137 25.844978 24.302216
0 34.741714 188.87085 29.972734 26.955444
0 135.783005 236.937912 56.860138 57.227875
0 615.212036 481.359985 34.04187 28.876404
0 134.006729 253.483856 35.86129 34.598526
0 575.878174 420.035706 30.349487 27.19519
0 436.067139 530.656555 29.645203 27.62793
0 322.899811 353.670929 36.985352 32.141113
0 545.093445 430.292511 35.377808 31.732056
0 583.096741 567.405518 25.001587 23.323975
0 611.33783 334.652405 36.947754 31.306641
0 201.8302 387.132172 31.762451 29.249756
0 598.27124 580.81842 19.639282 19.06311
0 394.369904 59.355236 25.997009 22.789726
0 413.477173 523.766418 23.514282 22.589355
0 444.683655 250.447632 24.607483 21.938889
0 154.388809 295.617188 20.148407 19.497681
0 32.063622 161.238281 20.554359 19.060425
0 497.577972 518.286804 20.294373 19.306854
0 225.999283 475.453796 18.972809 17.129517
0 35.146591 529.290955 16.735878 15.261353
0 469.029938 632.981934 28.856506 13.952759
0 163.220123 376.907684 17.007568 15.249878
0 31.60894 117.06102 21.822723 22.230736
0 239.175507 265.394348 33.657288 29.478897
0 207.746582 8.449481 21.724701 16.898962
0 281.137177 313.358826 49.53064 42.475159
0 491.333344 635.320007 19.771423 9.146118
0 30.767056 221.08287 18.117514 16.959045
0 75.542732 299.949615 19.026382 17.554932
0 368.94043 67.860107 20.473022 17.60614
0 545.92865 339.01712 32.30542 30.795227
0 61.581879 604.011963 25.940418 25.343018
0 9.774511 205.50856 18.258198 19.84198
0 451.340485 575.58606 16.629578 16.259155
0 208.871613 33.547333 23.767944 22.306023
0 280.586304 635.314575 20.65094 9.036499
0 244.406647 217.337921 21.92984 20.119232
0 442.915131 539.647095 23.128723 20.933838
0 462.588898 535.138916 19.776245 18.708984
0 195.696198 598.827393 17.942078 16.998657
0 6.315694 438.837891 12.631388 21.338989
