0 120.831436 458.631531 48.313377 44.605652
0 305.87442 411.764801 40.27832 38.097046
0 117.351501 168.883545 34.418037 32.327271
0 131.42543 22.266012 27.788002 27.42992
0 118.400314 334.888763 67.516083 64.443298
0 472.680725 378.836975 24.692139 25.432922
0 191.506226 512.042969 21.98111 20.895172
0 513.0047 98.223373 23.205902 22.463699
0 77.448524 380.232727 29.226883 27.073547
0 236.825287 630.913025 28.573242 16.678711
0 342.440002 612.861572 39.859253 38.284302
0 170.27417 593.778259 76.824402 74.674438
0 548.210083 352.437653 34.450928 32.171692
0 148.642807 282.715027 67.774536 64.414307
0 588.560913 281.148865 102.878235 196.258667
0 508.638062 299.970978 66.36441 57.442688
0 510.306671 607.160767 103.140808 65.678528
0 357.723755 107.725517 20.416382 17.357315
0 611.88855 473.347229 21.164795 20.131714
0 6.906222 377.378265 13.616022 17.931763
0 574.897705 592.888062 42.316772 40.45813
0 418.375488 249.483765 47.635742 41.622986
0 495.698242 513.178223 250.785889 225.154022
0 625.051392 7.793912 20.725342 15.587825
0 135.744278 49.165043 19.517639 18.476921
