0 188.463776 314.94577 32.851257 29.076172
0 372.378357 270.84967 68.701904 61.486755
0 443.905548 171.986267 105.418335 87.84671
0 104.626709 157.860168 64.654907 57.107971
0 37.784378 331.22287 30.727516 26.770569
0 210.55687 295.073364 27.823303 24.828125
0 177.522079 88.267929 24.97641 23.368179
0 296.306976 483.433624 26.245483 26.241699
0 48.475403 619.265381 96.950806 41.469238
0 199.769531 342.17395 23.146881 21.935974
0 260.546051 138.336197 39.297607 36.984924
0 83.96312 42.665794 54.557358 47.343765
0 82.444435 334.453857 22.85347 20.888
0 15.253386 123.484253 25.566837 24.974457
0 168.192749 260.769287 25.040192 22.63562
0 11.970749 45.994152 21.176437 20.944084
0 353.864746 328.315369 29.25885 26.611633
0 105.854675 193.983109 25.959061 23.511566
0 220.9646 238.349274 69.499268 55.728104
0 457.132629 55.767643 22.225098 20.969765
0 286.681671 301.613831 42.484558 36.334351
0 323.010315 104.535843 24.221008 21.700485
0 124.274704 267.904602 21.706482 20.031555
0 148.929871 58.6763 64.207916 57.873684
0 631.560242 472.525909 16.879517 23.96106
0 15.017071 245.510712 30.034142 64.302124
0 150.058472 509.057617 36.725189 33.35965
0 104.744133 517.282532 40.857498 37.096802
0 164.513565 413.009735 19.289307 17.849792
0 173.826462 149.389496 81.754486 68.227203
0 368.107941 95.624374 37.500854 32.929794
0 632.269775 32.212139 15.380737 20.786224
0 167.787994 22.401741 24.499573 21.726362
0 51.172531 23.249237 23.878975 20.379686
0 377.535706 134.139465 86.311035 68.913361
0 102.335304 266.974457 29.35144 24.919617
0 42.370277 183.595093 81.868393 77.937439
0 434.410461 319.367889 25.97168 23.139771
0 335.183929 463.381714 263.426208 220.742676
0 10.658854 96.867233 19.751976 19.401062
0 530.275574 549.772827 24.322754 22.101196
0 410.903107 229.067291 36.201904 34.518677
