0 50.808502 622.977966 47.804886 33.468262
0 234.215729 221.985855 34.116699 29.080444
0 396.990936 485.025177 26.317688 22.725769
0 72.813889 478.878418 52.513004 48.306274
0 117.121201 73.199028 21.864502 20.032104
0 148.724182 496.834686 49.084496 44.478943
0 135.600128 518.307068 32.093109 27.755737
0 369.64563 503.632507 26.214294 24.222382
0 93.915939 462.629639 22.740326 19.527893
0 210.468414 83.211029 70.038818 65.763062
0 80.424042 291.594757 27.461288 26.196411
0 264.717957 360.535004 68.143738 53.164185
0 295.506775 614.778076 161.437439 47.988647
0 198.084671 174.890823 23.441406 20.450623
0 346.071228 311.837524 47.712708 39.623657
0 337.603638 261.079163 75.282349 65.416977
0 55.932568 566.188354 108.681633 118.631714
0 140.719421 510.146332 47.844818 42.603577
