0 291.057159 334.956787 119.224564 113.75061
0 446.182922 176.641251 60.675659 56.409943
0 342.819244 248.452362 43.109131 41.192001
0 216.710999 328.772949 39.878876 39.460938
0 121.968979 437.286835 66.26889 62.056335
0 506.805054 503.874146 21.705811 21.052002
0 29.811596 452.896271 40.106773 38.963867
0 206.734375 525.272461 104.24617 96.117096
0 513.788574 408.293457 34.265747 32.901001
0 282.906158 629.129089 22.013062 19.576538
0 208.509064 411.212097 31.220459 27.342346
0 567.665588 617.074951 26.558105 24.142944
0 22.290222 539.585693 25.532961 22.75708
0 369.898804 607.276978 108.807129 65.445984
0 594.080139 522.657104 27.731934 27.379059
0 285.728729 555.976685 20.642944 18.733154
0 596.613953 554.373535 22.706177 20.619507
0 92.041245 349.149536 23.443054 20.593323
0 285.227783 311.489014 21.941284 19.22522
0 86.763664 48.250027 57.586773 52.506935
0 71.497787 216.814026 142.995575 277.8927
0 561.944763 12.273409 81.762085 23.389027
0 515.007019 521.00824 149.492432 123.221893
0 96.341049 368.826538 27.630035 25.779602
0 454.412262 482.306458 26.187866 23.477722
0 72.05999 478.490356 33.908936 31.325684
0 256.144318 585.334961 19.760025 19.372925
0 583.61969 594.619385 27.759521 24.448364
0 531.673157 608.97821 18.909058 18.030762
0 37.371597 28.167374 72.042877 54.625854
0 599.028809 138.518265 20.160034 17.958984
0 69.749084 455.605438 26.153316 22.539734
0 431.112579 580.40625 114.339844 107.061401
0 575.142151 579.199829 21.005371 21.11084
0 466.203674 413.456207 18.847595 18.611572
0 525.289307 610.314941 34.934082 29.698242
0 43.806602 588.370911 87.613205 103.258179
0 140.696503 496.217743 36.049622 32.037903
