0 438.291931 396.134003 34.43396 31.940002
0 461.304871 226.83226 34.952148 35.207214
0 69.755356 619.081421 31.093166 28.202637
0 623.908081 295.418274 30.79248 29.379639
0 622.025208 516.414795 35.949585 38.316254
0 558.133667 51.253525 71.883667 69.74118
0 320.285004 352.80658 26.833313 25.395203
0 89.018898 587.973877 30.781006 26.501221
0 182.53183 232.716248 25.147827 22.842438
0 15.296362 148.682724 30.592724 44.794197
0 42.008568 404.792267 56.350342 49.031067
0 582.364746 239.797714 24.637939 21.286255
0 8.163645 112.451248 15.634357 38.415932
0 472.050598 268.426758 25.540894 22.711853
0 205.90686 402.750397 39.733307 35.505127
0 184.782913 178.806488 28.285553 25.496399
0 598.530396 622.41626 23.984985 22.375
0 9.361673 58.438015 18.281986 59.434441
0 177.325027 555.512207 20.569489 20.071411
0 371.3237 29.216652 108.474121 58.433304
0 150.712662 320.888519 19.879822 18.303772
0 552.263 243.315277 22.485474 20.528656
0 98.944077 407.662628 19.438614 18.420837
0 493.962585 30.698387 65.519379 56.541405
0 105.143242 224.498657 20.702911 20.849152
0 138.717148 634.18335 21.644257 11.633301
0 579.887146 148.390381 95.714111 80.634918
0 385.980988 465.361816 38.929504 33.516663
0 318.529938 311.54776 25.672852 22.592468
0 69.230644 433.855316 54.985413 47.18512
0 612.854858 72.402794 54.290344 72.478867
0 13.706083 438.456421 27.412167 38.589722
0 339.553558 419.652863 45.189148 42.473999
0 8.020664 23.551386 15.758751 21.291714
0 306.79541 508.268616 44.788513 42.286469
0 184.295059 534.967346 20.826111 20.454102
0 595.101013 38.244705 21.122803 20.568817
0 482.880341 125.14447 43.994629 42.970589
0 386.406128 438.093903 19.412781 16.810303
0 149.293549 203.105911 19.819305 16.779602
0 532.312622 177.630661 21.107544 19.167084
0 596.487732 122.152222 60.932617 51.65667
0 273.171448 302.694336 18.135193 16.620117
0 242.952286 47.094166 178.698761 94.188332
0 389.123505 240.044907 25.680298 22.082764
0 139.970032 283.123291 40.672249 38.890747
0 116.117432 381.158142 35.680878 31.876709
0 565.540344 152.143219 61.224365 55.282341
