0 508.422302 26.592766 31.744171 29.566284
0 504.496155 445.950775 51.996979 50.899536
0 591.029541 248.480835 56.075317 52.027222
0 334.598633 548.303101 30.038574 28.22168
0 486.351868 285.749023 28.293457 26.434143
0 572.464294 424.341248 34.169678 31.520874
0 53.497341 355.323914 31.079628 27.895203
0 398.086578 154.815491 161.741638 136.083557
0 222.297134 349.459381 24.880249 24.149536
0 501.905457 217.670364 29.790985 27.880249
0 116.810555 277.769867 29.874252 26.992432
0 619.93573 171.89415 32.30896 30.139618
0 396.938263 514.784973 47.182983 40.447388
0 113.294838 417.783203 24.072632 22.980103
0 144.339157 191.288345 21.38739 20.876434
0 606.497375 44.857338 33.106689 29.47406
0 256.578979 413.42395 24.087341 23.165405
0 534.420532 617.701172 22.266846 21.34668
0 356.424591 393.414001 195.343689 193.500122
0 618.102539 411.832489 42.827026 92.922241
0 93.852226 375.49762 25.051163 24.52124
0 23.874823 330.972473 22.808353 21.488953
0 548.681335 302.364624 19.228271 18.022156
0 489.035919 497.617371 23.153015 22.028015
0 201.98877 306.072968 24.252411 22.627441
0 21.46917 90.075302 38.075668 38.287094
0 43.897942 130.606323 59.582153 55.123016
0 100.982559 203.510178 24.859497 23.503418
0 105.423096 453.621735 22.587006 20.891663
0 447.762024 371.731384 21.427734 20.655457
0 490.309723 191.766251 20.137634 21.271118
0 22.642033 508.591431 23.554611 21.674805
0 159.365051 355.210754 21.335419 20.679626
0 155.373123 629.115234 47.958832 21.5979
0 433.415894 45.327065 42.895142 41.112778
0 56.960709 506.471344 35.969894 33.580627
0 113.495987 120.352676 19.730255 17.881447
0 52.158104 392.922211 20.486755 19.719116
0 27.972343 446.51413 20.238647 19.938843
0 56.251431 98.235077 29.972054 25.525925
0 243.763428 390.075592 30.720627 27.914734
0 48.683315 186.606979 36.579521 30.12796
0 434.422638 358.472809 20.599121 19.000854
0 590.538818 13.592108 22.380371 22.645664
0 542.352844 428.510406 17.405273 16.102051
0 560.916077 213.850723 17.550415 16.599152
0 560.881165 330.515381 19.653076 18.283081
0 419.907227 12.087111 30.454224 24.174221
0 110.740562 152.723175 24.474136 23.65686
0 515.301025 215.916946 48.039062 38.137817
0 22.435669 373.867004 43.126587 41.165039
0 440.574951 186.771576 37.495728 34.319458
0 333.411774 570.81897 22.575745 20.804199
0 104.811241 35.399948 21.788391 20.695259
0 92.317848 103.447083 22.61763 20.297623
0 74.839691 460.60965 39.113037 37.212952
0 352.5914 79.560783 45.890198 40.323441
0 329.451782 103.971054 39.773193 36.016129
0 198.355225 291.06778 30.715179 27.610229
0 313.510803 361.543701 19.620544 18.554443
0 603.851257 493.584656 16.548218 14.480286
0 67.103172 339.51767 21.465164 18.27594
0 5.29674 20.372856 10.593479 25.385529
0 189.744781 17.381918 16.745789 18.001553
0 111.50769 181.617722 20.653519 19.30838
0 122.03392 19.366894 30.384369 26.831034
0 17.881325 625.774597 35.76265 28.086304
0 582.525269 169.515808 23.052856 19.348419
0 459.097504 636.16449 17.754333 7.671021
0 581.71228 59.194515 27.306763 22.328468
0 367.992126 632.056152 22.796204 15.589355
0 557.237244 350.061371 45.84729 45.907043
0 95.527122 11.338137 47.990417 21.740467
0 252.271698 288.136658 49.139725 42.285522
0 241.827637 379.368347 32.688522 35.328918
0 598.712524 181.113251 21.078247 19.159546
0 142.934204 101.062401 15.904694 14.698898
0 7.982917 111.987572 15.744946 24.55423
