0 195.798889 180.233215 53.602325 51.080109
0 309.443481 570.459106 28.489563 26.172974
0 50.510952 464.640533 36.39518 36.545166
0 326.827606 180.310577 27.413391 24.58902
0 485.483887 46.208447 23.547363 22.606079
0 263.291992 147.427597 25.260376 23.378082
0 30.661068 631.353943 46.523468 16.032593
0 101.776428 628.649902 21.91153 20.618774
0 227.650589 318.020874 19.802368 18.21228
0 558.555237 277.287018 68.37207 61.669312
0 438.895813 113.653282 22.126343 20.590149
0 491.805237 13.2827 23.437195 21.695412
0 440.415955 370.898682 25.453735 22.426147
0 429.476868 75.777596 18.831299 18.100403
0 430.143768 412.350189 86.858521 69.419983
0 558.750671 10.752485 37.944946 21.504971
0 362.632141 614.222839 88.048645 49.353394
0 490.400757 513.096313 22.197021 19.332062
0 518.833679 7.374848 23.224823 14.749697
0 249.437622 323.087555 33.335571 30.671387
0 112.004379 108.928802 87.035187 76.892334
0 84.978027 76.515579 161.857178 142.146515
0 433.848694 21.458939 22.272766 20.370602
0 275.547455 353.508392 140.305237 119.67511
0 61.001968 398.131195 17.345211 16.262878
0 199.742294 212.586639 20.292053 18.282593
0 221.320709 443.592773 50.654144 45.880493
0 349.155426 586.749451 47.233459 37.681519
0 557.087036 619.877197 20.967163 19.66394
0 526.481995 142.869308 36.431396 32.166412
0 323.944855 30.665882 68.59613 53.474205
