0 131.401245 373.086853 59.346069 58.547241
0 348.963196 194.050613 31.111023 27.450897
0 258.184296 359.297302 21.913651 20.838379
0 628.074097 146.416 22.183472 22.305054
0 493.49176 608.628845 65.565063 58.281616
0 97.816521 607.094666 21.98288 19.997192
0 183.339142 23.653522 25.620331 23.199669
0 259.481567 9.559414 24.146362 19.118828
0 162.159348 348.525299 23.763824 21.723389
0 600.76416 581.395447 43.106567 41.713867
0 605.284668 514.39978 19.865234 16.522705
0 169.716339 617.172424 34.502014 32.759766
0 227.785248 633.468872 20.319672 13.062317
0 288.096222 44.447735 20.239136 19.245094
0 5.023486 410.332031 10.046972 25.618347
0 597.7146 497.067688 40.837646 36.489868
0 142.319061 146.859436 32.163231 29.933777
0 438.995239 360.784454 36.506287 33.753235
0 334.333679 261.867981 36.389038 30.578598
0 163.774826 321.570709 22.708496 21.031738
0 315.729919 287.128113 16.749451 16.27002
0 594.873474 130.431473 20.24353 16.881592
0 557.570801 35.348068 42.190918 32.317596
0 435.265198 499.202087 64.102966 54.640747
0 70.845634 333.402283 23.201977 20.925354
0 589.386292 200.790329 51.281006 47.143311
0 298.347931 7.60229 27.032593 14.096636
0 52.858707 27.264843 44.940147 41.418404
0 426.69455 11.718866 49.36084 21.327858
0 45.018387 278.959686 36.42746 33.33374
0 265.429016 434.972382 45.105225 38.317383
