0 492.228027 9.732338 38.437988 18.958473
0 540.224121 83.720779 36.599609 32.627396
0 146.065842 309.156616 40.466713 33.389893
0 351.091553 301.811157 31.628967 26.059814
0 407.861023 55.447647 26.451294 24.468811
0 564.345764 407.26532 48.854004 42.636353
0 339.379456 170.350189 28.652954 23.50528
0 575.296021 625.133911 31.299683 23.709961
0 464.831268 104.877235 50.585144 44.122421
0 148.207214 93.897316 25.384521 20.835953
0 465.915527 369.027588 29.519775 25.755432
0 275.636719 302.311707 28.048767 24.297241
0 516.995972 375.20636 77.43042 71.780701
0 244.058685 627.049377 24.762741 19.880859
0 233.625397 72.224152 23.380157 21.786251
0 252.789764 187.454636 26.271072 21.88736
0 148.855164 377.329895 25.589691 21.296021
0 195.869553 56.939331 26.043976 24.171143
0 219.933411 88.427711 23.4617 22.712143
0 267.809753 17.733862 23.446655 22.120098
0 411.505615 221.256927 28.786072 26.028473
0 537.343994 618.123962 22.404419 19.17688
0 331.390808 361.883759 25.651367 23.47644
0 324.897827 207.228348 26.456787 23.536835
0 279.500549 68.709702 27.032654 23.892391
0 615.784241 417.588226 42.522583 44.868164
0 166.669662 392.448456 22.730255 21.870728
0 593.269958 341.303223 23.189697 20.03949
0 355.456726 367.658478 22.925049 20.990967
0 217.66658 213.624817 19.154602 17.107117
0 297.283752 392.752319 26.631958 21.912109
0 23.457438 196.153214 46.914875 58.966888
0 586.631104 153.898773 21.354248 17.508575
0 525.434875 258.190308 20.347778 17.783676
0 248.919647 108.744354 52.85199 47.848427
0 265.446075 55.253296 21.183151 20.56995
0 10.765871 374.718536 20.418953 19.845093
0 6.500171 616.764771 12.978529 32.355957
0 289.211945 332.559631 23.457214 20.116028
0 544.788208 166.407425 32.711426 28.654816
0 498.689087 327.446472 41.764557 37.451172
0 56.602161 379.754395 113.204323 147.85083
0 519.403748 224.300598 66.705841 51.745758
0 550.671082 632.921082 20.586548 14.157837
0 420.440155 7.65669 22.065002 15.313379
0 614.299377 101.623871 21.625854 18.768661
0 180.350861 173.582626 18.912323 15.625671
0 410.351257 335.318848 31.278015 28.323242
0 324.019379 294.780701 23.255188 19.343079
0 484.078247 185.364197 77.895996 62.787384
0 246.191467 344.886353 21.549088 17.060974
0 101.150208 319.903442 23.762772 19.733643
0 515.742554 373.656281 56.022827 42.437439
