0 363.833038 572.260742 153.254578 127.23645
0 522.925049 576.647278 62.935913 62.371094
0 195.294174 185.243195 89.988098 75.358063
0 427.559082 388.610291 66.964966 63.67041
0 34.301407 398.595947 68.602814 128.634521
0 393.572388 316.599915 93.151489 79.077759
0 329.422363 69.546654 35.192871 32.077839
0 343.260529 139.545685 36.779236 30.315826
0 320.553162 453.746979 29.785217 27.776367
0 125.413155 257.973114 26.770462 22.722473
0 81.650146 154.980865 39.850342 36.426086
0 274.572357 86.376442 28.771545 26.430313
0 539.250549 333.333435 201.498901 309.960449
0 428.005524 480.624023 25.294739 22.466125
0 363.667572 62.838188 27.454041 24.833511
0 301.296448 199.854187 76.402527 71.999817
0 112.634613 200.461319 35.307007 33.231506
0 168.208755 296.862671 83.189972 79.486206
0 459.633179 526.510193 54.84375 50.824219
0 74.566162 545.172913 29.834377 27.429199
0 316.678192 630.5802 26.613953 18.839661
0 100.185867 10.313717 23.305679 19.530178
0 150.959457 228.207214 61.85321 51.24408
0 319.017639 584.325684 26.369507 23.326294
0 555.760986 595.747314 24.123169 23.401367
0 531.55188 322.277191 23.020752 21.769287
0 35.430023 526.280518 64.565979 59.976929
0 18.279627 118.938446 36.559254 166.249207
0 550.393982 169.611282 33.809937 29.856262
0 413.908936 185.026306 18.562561 17.050018
0 65.615463 246.122345 124.49588 136.06427
0 45.374367 460.30188 39.572983 37.478271
0 305.691772 296.094238 83.271729 73.802307
0 497.58316 84.063416 23.558472 21.265549
0 43.380203 22.565125 86.760406 44.548248
0 539.409668 515.234741 74.216705 68.528168
0 261.053162 526.642517 81.872559 73.280487
0 491.979858 26.389791 116.236664 52.779583
0 366.665009 629.085083 46.251831 21.829895
0 193.69928 102.310303 220.79274 184.7258
