0 272.430878 300.868591 117.678207 109.692459
0 156.171631 560.166077 58.414635 54.121216
0 170.606094 17.255035 33.505585 31.143831
0 274.964142 17.318081 39.794739 34.636162
0 99.617233 472.728363 36.683655 34.479919
0 391.193268 331.67218 32.751038 29.154846
0 183.116776 164.612717 46.64212 46.085846
0 357.975098 81.964981 33.500122 30.858154
0 165.976059 254.221527 30.635864 27.902481
0 348.000244 275.958649 57.236084 54.720718
0 609.324829 541.638794 24.11731 22.307373
0 511.440186 93.85231 20.530121 20.623825
0 373.452637 118.57634 28.483398 25.652321
0 82.665466 411.046814 124.320625 112.539673
0 49.708549 42.934208 19.296341 18.851166
0 537.400879 343.332794 27.195679 24.076721
0 358.025208 490.46991 287.365601 274.720703
0 10.219536 486.495819 20.190468 21.03656
0 183.822784 86.403854 24.979095 23.52684
0 543.174316 170.822083 41.985229 39.701843
0 476.32431 19.581001 46.867798 35.842773
0 73.222641 217.775925 25.677338 23.422424
0 95.57476 225.649155 31.524948 29.686249
0 622.843628 191.082596 34.312744 31.819244
0 110.919708 589.106934 216.797607 100.882812
0 521.44397 333.849976 25.430206 23.25061
0 466.942383 364.223053 20.913635 19.28302
0 97.561066 205.683807 23.473251 20.192383
0 429.614655 161.523438 17.763184 16.500763
0 345.996918 248.538528 38.656677 32.164215
0 259.341919 50.061047 20.131149 18.21183
0 216.5271 226.643326 21.616058 19.774628
0 328.18042 102.4086 28.455017 23.773499
0 605.127319 39.359913 23.479126 20.693291
0 528.313538 338.419586 31.286865 26.533142
0 606.124084 461.767517 19.873779 18.02002
0 405.323608 588.294312 256.513947 103.411316
0 6.202559 228.351105 12.405119 21.124268
0 585.477905 303.84021 20.333984 17.941895
0 227.982285 444.917175 22.359589 20.000305
0 31.949221 413.299469 24.709339 23.471985
0 532.108032 518.537537 104.437775 93.387115
0 372.788361 359.474396 40.156189 38.075195
0 450.7005 350.090729 23.997681 19.681763
0 588.962158 599.654175 17.303711 16.648926
0 5.385347 114.216896 9.735262 15.04512
0 525.698608 598.960327 21.076538 17.649902
0 228.279068 375.15448 31.239563 24.435242
