0 485.374756 103.360489 168.602264 168.524872
0 165.999863 81.27597 56.007965 52.572876
0 114.478806 395.452881 113.458344 105.352051
0 22.719547 601.765015 33.968117 31.09314
0 207.340561 501.983521 26.864105 24.536255
0 350.167419 531.890259 39.91333 36.302612
0 559.186401 405.204254 32.18042 29.235168
0 257.516663 456.096588 29.686417 27.557373
0 204.4646 51.31258 99.897949 88.939308
0 60.034874 275.198883 110.482224 107.4366
0 160.725311 363.366089 20.875092 19.846252
0 112.558853 118.923691 103.996643 88.048981
0 508.564636 257.515961 19.176544 18.074966
0 532.401672 626.120178 52.228546 27.759644
0 475.86792 436.629822 28.898743 27.017578
0 497.340179 493.87265 20.853455 18.105469
0 26.709068 85.832138 49.839508 55.154388
0 157.23114 405.905823 19.400085 18.641052
0 365.76709 29.717426 167.567444 58.336121
0 565.462524 606.587097 49.153687 40.383911
0 327.221008 82.692886 156.920029 122.39624
0 260.563416 484.668823 32.69873 30.868652
0 627.300537 364.941772 20.805054 19.156921
0 349.130798 609.701965 20.591919 19.579956
0 58.23114 101.304214 21.089581 20.100479
0 274.341614 219.863342 22.36438 20.60553
0 312.151581 434.726776 23.168945 21.099976
0 406.51532 206.134048 24.597534 19.772827
0 631.544617 378.450714 16.910767 20.308655
0 361.965759 588.062744 27.463501 24.890625
0 388.851868 621.085632 39.267334 29.397583
0 75.574928 59.876297 20.482391 17.065464
0 481.452148 330.42627 98.725739 81.884399
0 298.031128 113.328773 21.364868 17.083481
0 12.037827 455.888245 19.733646 17.231262
0 22.299934 180.23761 19.761566 17.759949
0 405.312195 557.805054 45.772156 35.486572
0 614.195862 135.867493 50.669312 58.171021
0 332.33905 514.364136 20.127747 18.09079
0 106.48275 627.965393 42.176773 20.893433
0 515.419922 275.468201 22.703125 20.381104
0 250.453568 209.134171 220.285065 186.647369
0 627.392212 355.768585 21.985596 24.777771
0 71.067619 255.077286 76.293259 72.231171
0 265.905029 36.854088 29.349411 26.644272
