0 102.020248 341.328674 34.011292 31.540039
0 168.011139 259.840088 60.957977 56.655197
0 340.898804 476.162933 29.328552 26.529663
0 100.988953 239.865448 34.416656 33.46405
0 591.238403 52.756844 27.668091 26.068085
0 635.483032 251.82341 8.501709 25.976654
0 451.644897 190.601562 20.374573 18.126465
0 602.424683 525.082947 19.357544 18.607422
0 311.256287 64.748436 22.617859 21.787048
0 163.64241 33.560699 33.270782 29.622597
0 113.833328 198.459564 22.136108 21.026184
0 78.675896 141.771484 46.157455 40.130554
0 283.276825 569.246521 29.061707 26.298584
0 591.50824 618.069092 54.043091 43.861816
0 296.137421 316.875732 22.259949 20.936035
0 16.269768 172.85553 32.539536 44.492065
0 64.782967 67.892105 24.446102 21.441452
