0 76.571991 240.924072 140.343933 115.865234
0 104.761978 32.90855 47.758331 43.361252
0 226.38562 319.466248 49.985535 43.095215
0 402.357239 46.73103 26.521606 24.097145
0 369.229004 318.283813 27.108337 23.832764
0 620.494995 428.143585 25.535889 21.313904
0 103.315407 66.394653 39.048615 36.765198
0 206.881836 73.904846 32.650421 27.975269
0 292.390137 512.979065 28.999329 26.37793
0 101.537109 377.928528 27.874603 24.258423
0 264.967346 79.662201 25.596268 25.073242
0 73.219025 386.313141 24.704174 22.821594
0 403.926453 142.12178 54.013184 48.547607
0 458.967834 616.525818 47.444519 39.756348
0 159.250595 51.907204 46.761688 40.624908
0 591.148376 198.828796 96.280151 97.823212
0 454.144196 421.733429 19.388916 16.800171
0 7.225191 138.657028 14.450382 20.718323
