0 107.93985 445.144012 78.274902 66.927795
0 537.921143 321.148193 63.296051 60.217346
0 82.33625 375.459045 76.723221 69.345703
0 164.843826 519.987244 59.038757 53.203583
0 123.010223 180.519592 111.917717 89.479004
0 471.120178 177.935501 81.590332 66.061127
0 149.164307 244.933655 75.550568 61.975693
0 523.84375 472.606018 55.383301 52.87323
0 384.709106 553.829224 121.447144 97.024506
0 600.354065 243.341583 76.910889 65.690735
0 204.952286 220.801865 45.800781 37.33316
0 379.497284 235.85318 56.739075 46.272766
0 300.784515 177.300903 48.086792 41.847809
0 566.320435 50.646564 53.364624 51.261208
0 72.50869 277.077576 25.931381 24.367065
0 168.405762 342.675964 54.527588 46.031982
0 115.394318 541.92572 27.826263 24.827881
0 191.583191 473.143616 39.483887 34.483154
0 563.500244 544.627136 57.559448 52.210815
0 370.865936 371.729736 73.144714 61.67218
0 439.655823 343.245209 79.163025 72.343994
0 364.1586 271.522369 67.847961 54.401047
0 159.868134 114.495331 40.324707 34.917015
0 196.640686 260.40744 37.003662 34.335327
0 626.404541 188.581802 27.190918 28.504211
0 23.34486 377.578796 23.804071 22.122009
0 11.836332 302.006744 22.842266 65.452759
0 592.641357 91.857361 53.197021 48.814316
0 262.283752 368.303497 197.992126 179.145447
0 150.247665 301.563202 34.146027 29.878845
0 584.742859 225.415298 59.905029 51.970428
0 626.56665 283.020172 26.866699 35.964844
0 93.503967 311.138794 26.771255 23.270874
0 345.713165 433.695374 22.932251 20.807434
0 491.719543 607.279846 62.160522 52.811646
0 615.452698 486.643555 49.094604 50.600586
0 90.595139 545.563904 181.190277 188.872192
0 548.769897 441.448303 30.467651 26.545593
0 51.728752 326.445709 49.615662 42.578186
0 427.600281 138.057373 135.213135 100.561462
0 51.010178 18.248482 33.009003 29.731987
0 547.745239 594.997986 61.089111 51.169922
0 275.791351 468.084991 26.946228 22.160156
0 627.251892 117.805023 22.960693 21.456764
0 252.849792 13.876709 42.790543 27.294411
0 162.268738 460.389221 41.672485 40.907104
0 398.131165 489.89505 247.200317 192.57074
0 265.886993 134.703262 40.033218 36.559296
0 511.064758 274.249268 34.768036 30.60907
0 230.599075 192.427307 29.535522 27.737976
0 127.39946 630.311279 22.769798 16.89917
0 208.886978 507.168182 39.497009 36.561218
0 235.097641 174.728546 37.930573 31.989136
0 533.375732 129.248367 91.070435 85.523865
0 394.827545 309.204102 50.247986 42.233887
0 421.393463 27.976334 107.282104 55.758118
0 530.67749 245.455597 21.289307 20.401947
0 64.710007 117.982529 129.420013 220.683685
0 140.624771 332.260162 20.045471 20.612976
0 221.699982 303.04068 29.611023 28.052979
0 517.190125 94.712524 77.110565 63.803532
0 305.641632 617.065125 20.2547 19.519165
0 235.632233 103.294624 57.864441 44.707321
0 225.323303 484.513397 32.524719 28.302734
0 297.827576 591.036133 248.497864 97.927734
0 17.076263 466.341644 34.152527 36.010742
0 585.544128 173.568695 69.694824 58.154999
0 577.62561 324.965088 24.68335 23.121765
0 169.271713 284.254669 28.303131 27.325073
0 613.752441 38.018219 51.378784 73.414978
0 554.193298 507.130127 20.859009 17.510773
0 343.11203 362.446747 39.328125 36.283264
0 242.732697 336.842438 20.361572 19.302856
0 287.980103 268.410522 41.142029 34.13945
0 89.45459 196.396362 53.301132 46.859467
0 452.70047 378.664856 34.812317 27.938477
0 328.865021 333.756287 171.602493 138.9245
0 573.731995 623.722168 43.711304 31.709839
