0 532.897522 221.46727 34.230225 31.433014
0 451.227234 41.790131 36.310059 37.730927
0 558.470825 327.814819 29.046509 25.848083
0 571.887695 364.76297 24.659668 22.172485
0 345.683838 203.310455 24.689026 21.692871
0 329.624268 375.156219 24.366821 23.729431
0 567.941711 27.068293 23.108765 23.712391
0 499.738617 150.0224 19.349548 18.654999
0 359.262054 159.297455 21.718994 18.828705
0 585.932556 5.05289 30.489502 10.10578
0 513.632019 399.888885 18.661743 17.427795
0 554.819214 140.25914 19.697876 16.868927
0 558.264038 349.206512 18.626099 17.313477
0 599.922058 403.207367 30.343506 28.399292
0 619.240295 267.860748 21.026367 18.236267
0 569.74585 243.875717 18.377808 17.135376
0 507.28595 210.992462 20.907684 20.799194
0 571.221252 258.612183 20.962402 18.501389
0 566.673706 195.005905 36.045654 33.48587
0 633.91333 249.683914 12.17334 27.886444
0 636.159119 167.862427 7.280762 23.082672
0 559.408936 163.873367 26.526001 25.516418
0 113.371765 66.299911 38.061493 31.224579
0 5.22635 134.781494 9.803808 34.702904
0 633.3479 63.427597 13.30426 19.054932
0 494.42627 616.502197 47.490448 39.180908
0 629.708801 309.335846 19.764404 22.480652
0 388.117859 5.669393 31.297668 11.338785
0 55.116066 43.845371 25.039326 25.886047
0 418.797729 570.525879 27.404785 23.998535
0 558.635376 279.703583 19.48877 18.904663
0 416.472565 556.485291 25.941223 23.452271
0 369.65213 268.06012 20.347107 20.70929
0 398.690369 168.77774 48.628967 42.929016
0 402.772156 576.469788 22.714172 19.049561
0 411.300171 48.783501 18.79895 17.330635
0 576.461914 349.364075 18.245117 16.469849
