0 502.849274 157.069382 117.868591 113.574768
0 264.229767 427.072845 46.956543 43.220703
0 469.3367 607.606445 52.743347 49.757568
0 408.825043 329.780762 29.64386 28.737061
0 234.176193 499.358887 25.529877 24.715271
0 311.727814 143.324219 41.816284 39.390594
0 223.27121 184.549179 76.671951 67.393646
0 482.031677 319.499481 44.957153 44.246399
0 361.244263 386.779785 36.177856 34.996704
0 354.369507 264.582092 39.482849 34.255432
0 419.241058 251.531342 27.356018 25.830093
0 547.437744 583.5495 34.718872 31.669067
0 247.497101 224.817902 48.025879 43.326721
0 445.751099 548.584534 28.123352 25.942383
0 100.076767 579.289978 27.566544 24.126465
0 240.763 347.012848 25.567688 23.979309
0 326.12796 475.591888 27.059509 24.834106
0 406.131104 371.24173 50.88147 47.856689
0 433.069916 495.14563 20.16217 18.668823
0 331.514709 606.400391 26.755737 25.849365
0 179.55098 334.861053 30.412872 26.198059
0 272.912842 476.246613 49.329041 40.996521
0 55.391785 580.040405 20.686588 20.212036
0 15.471069 233.190353 30.942139 38.540802
0 218.388031 42.913803 23.558929 22.259918
0 63.201675 118.891891 48.108677 41.192169
0 182.444321 133.816925 98.19101 81.906128
0 600.289307 530.353699 79.421448 124.686127
0 481.144409 572.309998 30.305664 27.943726
0 587.920776 614.580322 47.793945 43.218628
0 168.459839 451.494934 25.053406 23.022034
0 122.287155 20.606728 34.419006 33.56665
0 58.568985 93.499451 40.554092 35.408279
0 214.513565 478.996613 34.859467 33.307983
0 602.653503 425.835968 34.247681 29.390076
0 174.708694 557.980469 37.107941 35.078491
0 612.959229 174.783112 54.081482 103.991699
0 49.894745 147.486725 53.655643 48.138885
0 155.749908 5.374045 23.429871 10.227222
0 539.893494 418.936249 18.195435 16.685852
0 175.749924 585.651672 33.963776 32.689453
0 466.253571 537.438171 19.197693 17.189453
0 138.94841 97.989128 43.07843 39.708221
0 5.581582 475.26828 11.163163 20.573914
0 343.085052 442.441864 23.962341 22.750183
0 292.050262 434.857178 20.556885 18.670837
0 101.956802 165.27739 54.080902 50.240021
0 392.678741 580.777283 22.007385 21.949585
0 111.37133 191.619705 177.565567 124.589294
0 541.903809 622.576721 58.631836 34.846558
0 172.479584 72.160538 35.215363 32.891785
0 139.58255 335.921539 37.585205 35.66803
0 141.720001 227.204926 40.313324 34.750488
0 68.630234 196.782333 64.544373 55.785919
0 232.615921 84.23513 35.371429 32.189255
