0 323.532013 340.952698 81.299133 76.295776
0 510.045471 266.525299 29.549469 27.68927
0 58.932377 440.862976 115.806374 162.047485
0 614.238281 557.115784 26.775269 23.601562
0 48.914513 107.036331 23.707893 23.436432
0 389.289276 101.630333 24.81012 22.883942
0 377.487244 7.866699 31.681763 15.733398
0 235.207916 514.762634 21.413147 19.650757
0 131.008545 152.916397 22.195869 20.339874
0 586.008484 508.712769 23.438599 23.781006
0 265.083771 267.315063 25.779251 26.077271
0 587.428467 587.816467 29.852173 26.771729
0 606.118286 605.620178 32.146729 28.03894
0 320.79306 458.357086 33.676208 30.858765
0 28.864777 409.90863 21.680809 17.95813
0 609.111877 574.549377 20.453613 19.089111
0 556.838562 217.330231 32.981812 31.036835
0 428.598206 425.024933 39.010559 37.651306
0 498.888702 25.865803 22.495605 18.218536
0 572.330261 622.761353 93.386719 34.477356
0 527.537476 181.899216 143.022461 114.201508
0 16.62941 549.601807 32.674744 40.565063
0 193.699905 517.639709 20.170776 19.064911
0 338.052063 617.373657 61.737793 43.563599
0 348.056152 236.409897 20.546753 17.434692
0 201.027557 525.214233 271.247131 229.571564
0 9.81662 234.921494 19.63324 26.436188
