0 546.194824 145.884552 187.610291 217.18045
0 313.411041 585.25238 180.987717 109.495239
0 427.529205 425.5578 42.075806 39.135132
0 504.46051 575.525085 243.490967 128.949829
0 451.955811 611.927856 28.341431 24.83667
0 151.993958 436.046417 87.327461 72.187866
0 349.52298 327.099731 35.709229 30.913269
0 343.082947 528.585449 60.374329 52.203583
0 150.180908 306.178772 23.162628 20.158508
0 545.234009 156.836975 46.46814 46.148621
0 197.342377 471.6026 29.760254 25.752502
0 628.238647 619.360962 23.522766 30.009033
0 308.232422 499.905792 27.070801 24.211853
0 546.574646 157.441788 98.748932 57.865112
0 439.170227 188.991119 28.841736 26.30423
0 434.905884 524.26123 44.856567 40.110718
0 214.904129 311.702179 25.914642 23.800049
0 576.183472 422.003052 19.595947 18.263855
0 563.71167 266.301666 30.839478 28.212158
0 524.62439 333.422516 41.958466 36.450684
0 242.984421 237.922363 34.491791 27.266663
0 185.423126 603.93042 66.495148 52.29834
0 373.676666 486.141449 22.093445 20.204346
0 359.805481 374.439697 99.780212 86.961548
