0 429.377991 236.706421 35.372986 32.430786
0 43.378426 587.104431 25.726067 24.895508
0 493.199158 14.829985 39.691742 29.659969
0 248.671097 592.864319 41.367584 38.707642
0 172.734909 300.295746 26.277222 24.068726
0 119.57653 628.875732 26.089859 22.248474
0 613.851196 564.210571 52.297668 88.047363
0 585.97113 491.570251 26.877808 22.895996
0 566.992676 56.663628 40.512207 37.687195
0 294.410492 54.717449 23.63385 23.143593
0 262.424774 259.943604 51.137268 44.17804
0 553.225037 149.761673 23.940063 22.209351
0 40.480755 361.250458 27.09127 23.967285
0 215.061981 317.113953 27.02005 25.514587
0 187.982635 483.614594 30.232117 29.483765
0 373.73233 221.78653 26.516357 23.747253
0 325.369995 491.362366 34.219238 30.235535
0 307.154938 424.073517 24.993408 20.617798
0 535.517395 160.596527 22.953735 21.05661
0 87.574364 633.790161 20.224823 12.419739
0 63.665657 631.228821 27.871002 16.998901
0 575.858032 81.251328 30.005737 29.955856
0 513.963501 157.843597 22.510773 20.143463
0 631.048706 78.474915 17.66333 28.911667
0 155.860641 617.677856 63.196594 42.891968
0 83.247658 128.182907 35.160675 32.925438
0 598.935486 428.830688 24.400757 23.553345
0 341.83783 458.969452 40.832092 37.975769
