0 209.10289 236.549744 76.122894 60.150558
0 36.057922 85.050598 35.878098 32.1539
0 26.452915 629.343872 51.385742 19.479492
0 17.674114 604.530151 30.832504 27.319214
0 100.502159 398.809235 43.401779 37.748718
0 177.829865 19.516958 53.76886 39.033916
0 626.722046 471.54248 26.555969 58.214661
0 93.487885 150.401642 24.072128 22.081055
0 505.42511 463.320251 48.256683 39.613708
0 469.678528 464.977966 110.506683 94.220917
0 170.539719 336.337219 202.895233 160.496155
0 218.631744 56.925903 33.990326 32.601608
0 51.154266 538.457153 30.674274 27.302368
0 241.545944 325.508667 23.201996 21.14502
0 44.576729 235.570374 23.128769 21.598175
0 86.03949 506.023743 26.680496 20.636108
0 627.619507 626.416382 24.761047 27.167297
0 391.024597 306.577454 105.836914 87.879883
0 521.147705 243.973297 202.77829 182.695877
0 328.973663 338.712982 38.802429 33.90271
0 568.027466 412.544373 35.436035 29.771484
0 208.003098 432.762817 40.148895 37.270752
0 314.476959 25.517796 120.676025 50.644714
0 84.805801 354.524384 69.318726 56.269958
0 297.919098 395.023499 47.00531 40.356201
0 292.022736 478.492249 20.796143 19.641724
0 408.70105 197.905426 35.509277 28.102783
0 328.578552 374.833405 35.754517 32.37561
0 54.703365 530.742065 23.071831 19.679077
0 515.72522 382.048859 96.411377 81.794678
0 164.698059 408.206329 41.651459 40.347595
0 258.062714 27.336084 20.712112 19.348476
0 227.36795 310.233063 22.514923 20.139221
0 403.464661 516.613831 113.360352 98.053589
0 279.097412 51.056732 34.240112 34.338272
0 28.26519 388.304352 49.373734 43.629761
0 524.396606 629.99176 22.695312 17.742798
0 23.139563 286.593933 18.680157 16.991333
