0 500.420898 52.447132 36.964142 34.719902
0 410.95108 581.101624 20.389709 20.654907
0 415.140259 196.875565 25.074402 22.531616
0 200.696869 400.582031 22.226532 22.131531
0 419.573151 262.937073 20.746155 19.770935
0 377.273926 323.69281 22.420166 21.523621
0 9.686541 373.848816 19.248821 20.898804
0 236.632721 237.028458 19.099579 19.542145
0 592.462097 152.601288 18.76001 18.055481
0 545.279785 35.78931 31.293457 29.259247
0 344.863251 233.974091 22.626282 20.22345
0 72.582413 122.519958 52.369968 49.018272
0 364.992035 341.290588 19.820618 17.714233
0 148.441132 188.60614 24.532776 20.281311
0 619.491394 217.191147 39.500244 57.913879
0 531.739441 59.948414 23.840454 24.393593
0 174.475342 383.26413 22.062836 20.806091
