0 606.675476 156.409607 66.649048 67.901482
0 328.633301 79.514771 43.373352 40.084091
0 581.905823 498.850677 30.660767 28.458191
0 59.644684 439.447632 26.703274 24.346313
0 553.315735 12.479832 26.275024 24.122406
0 263.950043 60.38665 30.573242 27.280807
0 370.610504 496.37262 19.718445 18.347229
0 326.905609 34.117435 28.549377 25.415915
0 560.753784 65.839989 69.927246 72.071487
0 632.527954 465.177551 14.944031 27.703491
0 393.076599 257.664917 24.650146 23.473679
0 412.83075 6.801465 34.662842 13.478634
0 493.026917 542.850098 16.522644 16.066162
0 393.898743 149.014496 165.31427 172.611145
0 202.525146 120.70005 23.548126 21.830856
0 550.965088 37.81356 38.911011 32.219475
0 343.54895 22.384254 25.09668 23.651924
0 25.708992 24.833042 49.370087 46.481041
0 341.590576 230.562271 31.891663 26.363922
0 253.836914 87.158844 22.984619 22.480927
0 186.582199 138.270477 39.611389 35.860657
0 591.88324 237.384125 24.655273 25.221283
0 66.756668 423.402985 16.026035 15.937317
