0 297.479431 513.09668 108.849182 95.651947
0 220.970154 422.869507 141.489807 132.315979
0 111.285538 484.117126 153.873627 124.470673
0 384.755524 545.090881 54.41864 51.58728
0 183.697205 273.616638 90.065796 85.30629
0 298.036835 247.855408 93.522827 81.851318
0 92.113533 331.762878 33.048935 31.226135
0 388.665283 360.478302 31.156128 29.481384
0 378.7146 389.086548 28.571289 25.894287
0 434.248688 608.659302 143.794678 62.681335
0 246.315277 162.955811 29.391739 26.253479
0 583.157288 526.447205 30.192505 27.851685
0 153.133347 306.488617 31.420837 29.16687
0 240.904327 560.522156 59.985123 53.166748
0 303.449554 176.906677 42.104614 39.396057
0 348.59137 591.922913 90.080688 87.082642
0 298.296448 124.119019 29.136353 27.53643
0 304.848267 66.494965 26.582153 24.498566
0 594.578125 466.591553 28.721191 27.698608
0 127.789024 340.47995 22.528 22.130615
0 554.117493 132.97496 29.052856 25.401917
0 70.287369 241.991516 28.301579 25.082672
0 282.488861 85.693398 24.884644 22.446915
0 26.962418 518.601624 25.425972 22.392914
0 497.917999 551.384949 163.763245 152.418091
0 88.824982 41.158516 177.649963 77.751236
0 325.115906 286.478973 26.196594 22.585999
0 206.514847 230.565079 26.422729 23.293671
0 108.65567 633.312744 32.659882 13.374573
0 16.789215 267.210968 26.541508 24.333923
0 230.053467 495.831299 23.968964 22.372925
0 558.913696 385.224152 75.6698 70.660645
0 564.84491 59.811996 25.115234 22.756699
0 396.790833 494.10553 76.067871 67.592865
0 550.482117 446.562439 42.652344 36.404419
0 454.55719 279.491425 25.202881 22.1828
0 527.745789 430.611084 24.729858 23.249634
0 565.721375 468.719513 23.661865 20.573914
0 524.948181 215.656418 22.110718 20.417694
0 337.781769 383.791077 29.465515 28.594543
0 562.529541 495.553528 58.996094 55.710907
0 200.589233 532.115601 91.945618 82.785156
0 163.689529 177.605942 23.202026 19.877716
0 498.728699 407.584839 39.34021 32.911438
0 96.225922 457.223206 22.78363 20.591492
0 344.811462 615.56604 65.633728 45.730103
0 39.144295 275.683777 23.110573 21.937195
0 18.573814 397.232178 35.571182 41.066467
0 299.522522 314.184509 20.795837 18.171326
0 488.904419 547.985413 105.333008 72.951172
0 4.524389 288.417023 9.048779 19.448853
0 606.331909 600.360107 67.336121 78.435303
0 395.714417 7.649569 32.411621 14.578243
0 84.282417 633.544189 24.176804 12.911621
0 512.59729 472.933289 48.401337 47.023621
0 632.594116 165.060944 14.811707 20.260925
0 486.851532 546.020996 48.999329 43.322876
0 534.448547 436.025452 32.52356 29.511047
0 362.218628 342.898193 33.548279 27.906982
0 300.885925 39.060867 21.477905 21.495802
0 359.488312 523.791992 27.775513 26.356567
0 359.970642 307.253387 34.291504 30.825623
0 60.101429 542.122253 43.017952 39.345703
