0 480.246643 489.636902 30.319214 25.450928
0 488.583557 107.441124 46.572632 38.588135
0 82.741287 432.94397 43.073532 31.806824
0 485.04892 132.452545 31.162781 28.353882
0 416.806732 142.670807 29.759155 24.578033
0 202.299347 177.73291 40.587555 31.226074
0 562.172729 127.648315 42.481934 37.546333
0 192.892792 12.424809 26.123383 22.793983
0 6.463049 602.102539 12.483616 25.48291
0 202.752396 126.166733 24.916626 20.51815
0 547.8797 237.541748 28.061768 26.354797
0 365.418365 128.140976 24.115112 19.952759
0 583.98114 17.538626 52.801636 35.077251
0 259.407959 271.190338 69.607681 57.152893
0 542.56073 384.146027 54.518921 45.198975
0 572.078247 590.310303 24.878296 19.200684
0 190.084595 136.550812 30.564148 25.870758
0 176.789658 154.294327 25.050964 22.239227
0 236.804749 177.890366 24.168671 22.223083
0 522.638 144.9328 25.297516 21.494934
0 209.048264 204.337173 18.706573 18.846863
