0 160.43129 365.192017 112.952209 101.531677
0 457.883789 389.257935 29.395508 25.116638
0 164.015076 247.278412 34.271027 29.687271
0 141.997818 583.900146 82.517395 76.733276
0 25.166023 216.090363 50.332047 53.118958
0 367.405975 174.703629 23.260132 22.252045
0 311.974548 262.890808 26.499084 25.182373
0 580.630615 565.792969 118.738831 148.162506
0 309.493225 115.529175 91.094055 83.821747
0 372.013428 53.501766 24.222778 21.955498
0 592.301025 39.10281 38.122437 36.09771
0 385.938782 111.095558 76.424194 72.82869
0 620.139771 160.562973 26.741699 25.585541
0 82.116974 32.000923 164.233948 63.021042
0 548.374146 96.019096 32.522339 30.116882
0 55.059555 364.934021 108.664322 170.63324
0 51.052132 169.698166 24.624191 22.601715
0 417.618164 143.550629 33.586609 34.372063
0 448.656494 142.907257 16.031616 15.726807
0 515.027405 171.402512 78.971588 71.375702
0 555.822754 15.175434 54.098022 29.390656
0 434.955872 203.438461 112.555542 102.755981
0 403.949097 71.433975 22.81427 20.674637
0 325.929443 9.226149 76.294434 18.304302
0 301.249146 225.622925 21.514282 18.6138
0 3.659689 430.541748 6.9535 27.318481
0 388.753876 159.148819 38.225281 32.711639
