0 41.188583 289.103149 82.002838 101.966675
0 284.916748 502.210175 73.487366 64.988586
0 601.112976 252.999451 61.93689 54.495987
0 414.39325 241.545105 32.713867 29.37001
0 596.69458 395.426636 33.335327 30.3703
0 239.992218 482.695129 56.501587 51.809875
0 29.374826 360.169861 58.749653 57.689148
0 305.663452 12.433376 38.738525 24.866753
0 492.298645 94.387245 28.251099 25.171524
0 548.892761 146.019913 45.944946 40.362083
0 215.987671 407.695587 46.185638 41.650513
0 313.332153 306.655457 22.829224 21.874268
0 268.668457 437.556885 26.051392 23.918213
0 528.545593 550.843323 37.075592 34.779541
0 625.309082 543.518188 21.516479 20.788086
0 210.937073 380.19989 24.723846 21.818115
0 120.75042 571.101379 112.611099 91.429321
0 379.797943 80.287163 42.283142 38.46764
0 401.109039 46.247299 50.011475 42.165009
0 630.629395 273.38678 17.270508 50.480713
0 303.938629 574.545532 26.387207 24.267334
0 603.49408 424.56427 47.609009 39.671692
0 497.267639 340.779114 35.455536 31.588013
0 74.872917 392.216034 39.065811 33.9646
0 396.304871 107.755653 59.239624 44.85051
0 303.987671 249.419235 75.080261 62.316376
0 376.558044 19.030376 109.638977 38.060753
0 457.717651 484.383362 35.938049 32.363159
0 556.728027 285.579865 54.355835 50.829834
0 381.078522 291.683228 35.250122 31.627563
0 346.158417 225.408569 35.315552 32.584534
0 620.834839 376.192017 38.330322 41.703125
0 307.316193 31.183205 20.873779 18.210144
0 244.862671 110.164658 204.423462 157.588287
0 387.852325 557.777649 78.922913 73.011963
0 11.854698 81.221893 23.523792 20.83931
0 560.965271 375.951141 34.109985 32.519714
0 345.812958 49.408501 40.605469 38.130127
0 365.06665 125.573799 30.795166 26.564072
0 221.645966 575.556824 20.21875 19.148315
0 543.496094 594.03772 17.658203 16.219849
0 604.736328 180.794189 43.168823 35.557312
0 617.310242 426.819336 22.781006 19.113953
0 362.419189 605.204712 29.763306 26.901611
0 326.279419 633.387817 30.210938 12.495361
0 494.013702 454.671753 31.872559 27.376831
0 111.264168 424.43689 28.252853 26.101379
0 174.880981 392.919312 46.423645 39.784912
0 488.116058 498.152435 28.596802 25.861511
0 632.436462 446.5755 15.127075 22.346069
0 453.363464 101.164047 31.94342 28.751419
0 569.953552 568.101746 26.193726 22.190308
0 548.515808 493.579773 20.154053 18.505676
0 414.443085 100.956787 47.625854 42.311279
0 418.388123 83.362663 40.911987 39.206833
0 210.643494 446.045105 19.183624 16.786072
0 306.589691 21.968403 34.371704 29.286644
0 257.197021 303.62442 81.838623 73.368835
0 596.191772 113.609497 87.616455 101.874321
0 361.469635 270.988403 28.235779 24.561523
