0 394.188538 132.191513 155.075928 137.611542
0 77.505478 105.282776 89.215118 82.835175
0 218.501434 174.819275 39.221802 38.886383
0 517.315247 335.640503 49.602753 45.809326
0 205.77446 482.042877 56.99173 49.068237
0 575.724548 139.999542 41.456787 37.197144
0 442.094574 19.400898 57.120178 38.801796
0 386.713806 203.786209 37.493469 35.241425
0 584.811829 403.412933 77.13208 68.056396
0 74.263725 199.277527 38.907349 35.463928
0 517.406616 17.55442 101.097656 35.108841
0 397.801758 308.725281 58.735352 50.651306
0 577.938721 610.202454 30.97168 28.100342
0 170.114731 96.841919 45.476288 40.749786
0 350.018433 208.898697 32.882568 28.361603
0 102.750916 539.852417 37.107346 34.642822
0 170.789642 456.39563 36.490692 33.441406
0 51.536579 154.90451 36.559761 31.568542
0 422.047272 523.930481 32.798584 29.970337
0 297.159088 312.290619 29.573975 27.110168
0 296.848267 463.655914 24.908264 23.13501
0 558.365234 211.65892 98.218964 83.267487
0 165.522552 591.989624 36.302765 32.958862
0 475.083374 35.934799 27.190247 25.544609
0 391.842316 289.922516 41.425232 37.353455
0 435.029053 55.515762 20.894409 19.480301
0 239.840561 601.748108 24.867706 21.973755
0 86.597244 335.348389 58.436676 51.43335
0 252.021362 177.405777 19.349808 18.342468
0 34.795742 486.177856 21.953985 19.512268
0 459.088867 513.385193 41.854248 38.512329
0 596.174438 326.244598 87.651062 104.919556
0 381.700409 46.169937 29.776733 25.834534
0 141.97319 554.111755 31.949066 27.967041
0 215.706573 599.95752 24.892487 21.491821
0 395.591644 442.292572 19.110657 17.184143
0 237.325943 449.100281 17.643738 17.550171
0 430.216919 292.03775 38.564819 36.459839
0 411.349304 145.142441 18.312195 17.887207
0 201.007523 29.121687 27.367615 23.846722
0 437.187469 74.671158 21.854736 19.521606
0 205.901505 633.399658 18.479309 12.563843
0 89.907394 266.257568 29.450729 26.600464
0 360.05304 475.139191 67.379761 52.899353
0 90.052849 260.240417 19.030624 16.928284
0 101.324821 513.766052 21.86937 18.07077
0 500.288452 147.241638 27.225494 25.305908
0 355.066376 305.976257 19.328125 17.047485
0 377.302856 477.140991 34.42865 30.861511
0 203.675201 213.697266 59.306396 52.58847
0 334.549805 535.749573 163.288696 137.425781
0 286.11618 228.98848 17.788086 17.20874
0 604.515076 576.462769 53.534912 46.254517
0 317.44162 605.045044 21.573425 20.635254
0 294.626343 194.399643 92.393295 80.100189
0 422.945892 411.714722 156.407837 116.32959
0 201.042389 297.870789 48.562317 42.883484
0 41.945198 19.267654 39.802368 34.535431
0 114.944351 471.483337 25.528015 22.726746
0 72.588562 13.955328 67.924561 27.457729
0 69.972122 52.78894 35.574966 34.387638
