0 157.278168 231.542557 27.099487 25.828644
0 232.865677 505.919922 34.416931 32.039185
0 253.374268 289.34082 24.648682 22.76178
0 399.088623 606.886475 26.017639 25.249756
0 216.849426 192.460052 32.86319 30.985626
0 281.099426 292.12738 33.417725 33.841187
0 459.374542 176.094849 33.027466 29.201691
0 120.661026 157.166641 18.195488 17.887573
0 499.647491 595.425842 22.360718 18.844604
0 76.904205 516.028809 18.759338 17.08728
0 126.25528 427.954987 33.918182 34.722839
0 151.082672 148.92099 43.035034 34.521912
0 369.24176 105.668121 19.144287 16.724335
