0 80.8918 491.306305 28.595474 26.151733
0 199.089706 397.725189 26.699982 25.012756
0 253.024963 379.320374 23.680374 22.800598
0 26.062532 119.984467 30.589428 29.149452
0 378.211273 622.920593 25.600525 23.411255
0 121.75341 446.85022 21.465805 20.455322
0 134.259216 324.136108 21.014595 20.725403
0 496.98526 28.698784 22.719299 21.010399
0 16.853218 88.860382 33.592056 37.860535
0 53.056026 376.092926 16.303192 15.458374
0 146.517914 228.595795 81.739838 74.512939
0 382.29184 211.21637 24.757324 23.996704
0 414.153198 199.29158 20.125244 18.56485
0 21.724316 108.739861 33.313805 49.543747
