0 480.229523 362.502075 53.71814 43.951904
0 212.574799 537.943298 198.016235 152.295654
0 181.274368 590.686707 25.21228 23.687866
0 123.279068 590.887024 72.06366 65.371216
0 83.102234 42.138107 42.412109 37.318695
0 39.757305 574.290649 52.756706 46.639771
0 148.197632 456.853821 45.59684 45.513062
0 452.987854 629.041809 49.223572 19.828613
0 476.841644 4.889021 21.504333 9.778043
0 21.466763 434.848938 21.680765 18.548767
0 59.909798 613.560547 32.561539 28.388184
0 299.882324 41.065304 22.692932 21.840538
0 573.411377 49.503502 133.177246 96.181412
