0 52.29377 254.851013 40.818893 34.454483
0 375.513702 389.951599 35.234558 32.355774
0 530.082703 576.356934 49.741089 45.568848
0 72.217438 375.652283 100.580017 92.383057
0 105.462723 225.600281 51.815285 47.947845
0 212.55072 575.081421 39.316467 34.542114
0 569.999878 248.930984 140.000214 236.39328
0 575.425842 417.87738 69.377075 59.334351
0 226.139526 487.38028 23.093994 21.142151
0 317.7005 445.276947 37.97113 32.867676
0 276.334625 602.916443 31.544006 29.037964
0 136.347565 15.411861 57.631439 30.823723
0 290.900452 368.793091 25.507568 22.736694
0 464.477417 67.919495 27.602966 25.269928
0 571.94989 63.039021 24.850098 23.564476
0 215.552246 375.482117 56.69696 49.481384
0 102.639282 568.332886 200.985962 143.334198
0 300.916199 179.326324 55.981995 47.834839
0 398.781494 69.164711 36.487122 32.282303
0 359.426361 17.589115 35.426941 33.596794
0 359.94519 409.197235 26.509399 20.901794
0 389.529266 407.537048 24.219116 19.253906
0 104.201599 80.614677 201.447632 161.229355
0 4.193129 469.714111 7.826933 26.218994
0 256.759399 511.194702 22.177658 19.98526
0 295.36322 64.220444 21.110046 20.318176
0 196.806076 624.372559 35.28006 27.114136
0 564.227478 634.957336 21.304199 10.068481
0 275.396088 306.449127 22.875977 22.180298
