0 92.676178 235.297424 41.355011 32.803772
0 144.599609 551.06311 236.734756 177.87384
0 555.74231 476.174988 29.491699 25.561157
0 333.456726 499.111084 45.888062 38.648804
0 285.940369 29.866219 40.324524 33.257584
0 90.349548 271.545258 28.742096 25.848206
0 596.845886 597.252625 30.507935 24.840332
0 89.486946 472.21933 56.663013 48.074402
0 62.880001 173.972656 53.797554 47.549194
0 310.380127 185.588409 40.884277 36.814606
0 451.218353 38.288822 71.75061 60.179451
0 19.484583 256.328278 32.385548 26.727463
0 28.154873 224.611374 48.964294 44.067413
0 15.641822 190.257812 23.272657 20.249329
0 195.819565 393.842468 22.251038 18.739441
0 260.674561 169.357468 31.767883 28.610321
0 450.827454 320.519989 21.320679 18.613464
0 210.389481 239.082932 28.12442 25.080658
0 86.309113 13.066378 23.985229 20.65324
0 114.672096 428.012817 32.654282 29.651978
0 270.888336 69.430077 18.805603 18.071274
0 33.524208 405.423065 41.100662 40.701172
0 20.764175 529.498718 16.911255 15.679199
0 19.444183 157.850189 36.838097 38.511108
0 193.973892 316.988312 32.487396 28.203796
0 458.399567 471.198364 21.590515 19.964294
0 44.463753 541.615845 22.528862 19.714722
0 53.124161 95.423279 20.829338 18.768951
0 149.276337 407.924622 21.122345 19.220337
0 5.055676 368.746765 10.111351 17.36731
0 398.205048 630.118347 35.033386 17.944458
0 547.981506 408.628784 21.196899 18.475769
0 47.324738 139.051422 18.608383 18.255432
0 11.949602 113.448517 23.899204 61.706665
0 559.46405 629.808044 51.782593 19.263062
0 313.554443 591.329407 225.155457 97.341187
