0 429.76886 89.665558 119.682007 108.069939
0 118.592773 218.171921 33.334816 30.566132
0 283.399048 383.105499 23.410339 21.988098
0 156.864685 549.302612 20.001404 19.425903
0 139.110275 293.841919 22.043243 21.033752
0 289.669861 428.775482 23.213623 22.749695
0 128.124466 556.48291 19.697937 18.612793
0 127.064217 90.725723 30.284256 26.543106
0 523.796753 610.078064 17.246216 17.434326
0 452.344788 231.6987 57.844788 52.832764
0 391.824493 426.036377 19.35614 19.005432
0 155.03981 162.844208 29.302338 27.545898
0 570.813354 248.40683 65.610718 57.601028
0 243.9151 94.930344 18.402283 16.724594
0 135.56691 145.674179 30.897675 31.233459
0 229.662735 229.81723 16.665375 16.733704
0 101.169792 459.725525 20.055099 16.67688
0 9.332916 237.312592 16.34824 16.409515
0 54.264065 295.182526 45.807671 34.607849
0 146.658981 203.757568 18.896912 16.260956
0 139.927658 72.564003 18.419556 19.075378
0 115.66452 518.444092 30.597237 28.292999
0 5.7319 4.312314 11.405134 8.624627
