0 438.976776 184.570587 46.738647 41.913696
0 197.803726 607.97113 58.636444 54.208618
0 480.424988 213.016724 28.692932 26.656769
0 171.80217 514.376648 61.357819 57.070221
0 60.093613 343.631195 108.420929 96.966614
0 507.560303 48.524719 35.358185 38.923161
0 137.295441 592.800293 25.863037 23.834473
0 195.888672 414.500854 61.165588 52.648621
0 10.671453 133.116379 21.342905 21.916443
0 16.817039 619.644043 33.634079 37.452393
0 151.823227 393.336029 39.644226 37.78418
0 493.486328 115.419418 29.710938 27.850975
0 44.3307 249.887802 22.309692 20.433075
0 51.519329 629.608398 43.152443 19.397949
0 21.224922 41.039474 42.449844 51.291233
0 621.959412 337.730316 34.792725 68.966858
0 100.622414 318.7995 38.863388 36.835388
0 115.770836 168.791122 27.538528 25.01947
0 258.113647 577.814941 23.570602 22.188843
0 112.443756 536.448975 69.290314 61.527344
0 267.507843 125.311356 30.404236 27.069366
0 57.658192 537.756958 35.425636 33.834351
0 419.879425 427.904083 37.591125 35.042664
0 291.009308 464.136475 50.909668 46.255249
0 50.808887 290.839966 32.917778 32.603149
0 27.768196 581.368591 43.413696 39.203735
0 572.074402 14.003443 45.960815 28.006886
0 81.770821 192.812698 35.446884 34.064911
0 202.135681 41.018677 28.051697 26.306396
0 552.075439 255.628113 28.987427 24.702377
0 260.143585 629.683167 48.470337 19.757935
0 21.045374 268.45932 36.151798 37.725998
0 287.923096 328.082581 26.269226 25.449219
0 117.21357 627.013733 54.550064 25.672607
0 257.539581 173.93277 24.385757 22.519562
0 183.455475 347.368713 30.382721 29.03479
0 228.094604 348.471954 18.341919 17.929749
0 606.531372 152.850769 66.937195 182.924316
0 197.911194 326.847931 24.193848 21.705872
0 35.707432 178.258759 24.946955 22.984772
0 135.027145 333.324005 20.764 19.998352
0 139.019165 33.390953 30.394409 27.636427
0 103.046913 486.966949 52.133774 48.672546
0 458.739014 128.65416 41.170898 38.00061
0 499.34552 150.38765 19.723755 17.819183
0 393.908875 575.977661 51.271301 49.870728
0 265.007477 33.244347 49.614578 42.930267
0 62.997948 220.085602 43.502563 38.414185
0 170.330429 289.010681 21.457306 19.174866
0 94.017738 79.795456 21.733444 20.629837
0 189.254181 203.431519 16.947418 16.717438
0 421.445923 263.08197 20.86084 17.614136
0 564.338379 94.528877 20.765137 17.845856
0 539.575317 586.583862 17.797485 17.054932
0 132.275742 131.35556 24.156425 22.607552
0 163.96553 14.536846 26.58136 22.051376
0 169.132919 20.174526 38.364349 34.246605
0 580.952148 428.743805 19.651245 17.493103
0 575.635925 510.213745 20.525879 16.946045
0 202.431824 383.263519 26.806519 24.042358
