0 316.95813 81.15464 33.920654 31.36998
0 432.690491 499.76535 22.773438 23.115173
0 37.408867 348.245789 47.38092 43.235779
0 168.701553 163.367477 25.806305 24.613068
0 578.509827 209.2034 41.791626 41.300842
0 468.040009 355.823608 23.916748 21.738464
0 381.685364 43.326084 20.009338 19.842674
0 571.034119 582.350891 21.374146 21.353149
0 470.450775 327.346466 24.610962 24.371765
0 226.107971 313.421295 49.09317 45.786987
0 125.264687 169.45462 20.566116 19.53067
0 459.070892 398.971497 23.210083 23.452454
0 58.35659 484.704987 20.34734 18.828552
0 25.846775 194.228729 51.150352 81.842041
0 519.274231 240.518066 81.135376 77.620422
0 243.869705 369.067993 46.12381 42.909607
0 178.059067 270.566986 23.551147 22.556335
0 267.812347 266.708313 72.343689 73.436951
0 318.549866 395.52951 23.309631 21.573486
0 33.873577 395.633698 67.747154 124.661865
0 371.181366 235.462387 77.482849 76.617035
0 87.916893 374.646942 45.589447 43.736206
0 213.130814 431.087006 57.054474 56.446594
0 462.446075 435.040314 19.256592 18.526001
0 290.799652 613.429749 16.461609 16.357422
0 582.077209 619.754761 45.84668 40.49054
0 625.723999 523.241943 27.435913 31.163422
0 503.909149 317.811859 18.760559 18.265137
