0 601.887878 338.387573 62.67688 58.831238
0 571.389221 69.534164 25.375732 25.482925
0 198.042511 601.227356 24.96405 23.357178
0 574.718994 573.054626 25.993286 24.428223
0 568.14209 377.681763 24.416626 22.514648
0 546.415955 216.524704 32.641235 32.05661
0 491.006592 600.607422 140.539337 78.785095
0 88.661301 71.328598 21.193832 20.560207
0 524.782898 236.735611 24.007568 22.283203
0 530.384827 148.005005 19.980591 18.311432
0 566.063171 608.604309 51.714111 48.512207
0 135.210693 595.688843 31.359161 26.880615
0 602.403625 471.914124 75.192749 102.918182
0 21.927128 625.361328 43.854256 29.277344
0 390.062775 117.046219 150.650513 137.215424
0 22.114803 80.768867 24.410858 23.308884
0 597.251831 234.910706 85.496277 174.362442
0 217.08876 524.144958 36.196136 34.974579
0 159.006012 464.368988 82.507416 75.991699
0 5.58814 243.811813 11.176281 20.744629
0 119.867874 586.648682 20.345329 18.169678
0 325.343567 59.136787 22.058594 20.956417
0 510.2547 416.810455 34.657227 33.306641
0 267.971527 570.929199 19.416565 17.916138
0 512.462585 379.770691 19.204803 16.246704
0 86.872818 150.331039 58.380955 52.945923
0 267.971588 136.380173 108.687943 98.626129
0 396.326996 70.383377 90.624634 77.662445
0 382.407471 181.997757 291.760864 252.132416
0 634.737183 618.978943 10.525696 24.058838
0 66.149979 444.006287 18.906967 17.023315
0 424.63562 494.163757 176.843994 177.240112
0 173.35881 24.241379 26.029999 23.676872
