0 421.392029 343.981445 194.586823 183.076538
0 266.826843 153.577759 153.908432 158.625214
0 596.907349 423.16333 37.360107 35.84198
0 32.892395 155.630325 30.982103 29.441101
0 261.794312 535.364197 27.096085 24.851318
0 479.318054 263.499329 24.877014 23.757568
0 496.144531 131.748199 32.14975 29.19696
0 75.873291 413.401703 32.248566 28.942017
0 64.361481 552.443298 22.738529 21.572021
0 417.507263 46.991428 24.920898 23.284058
0 192.175018 9.03034 29.298248 18.06068
0 158.75209 38.536545 29.981415 28.011293
0 550.538025 450.528198 173.086334 172.697296
0 425.547791 476.644806 38.844482 33.784851
0 167.771347 391.487122 24.643219 24.22937
0 35.924564 351.644501 59.529579 50.677124
0 82.852318 365.611786 21.161789 20.618164
0 34.498844 590.950928 68.997688 93.1073
0 75.772278 160.233414 35.945217 29.565033
0 153.110672 427.353943 22.039215 21.453735
0 451.48996 614.982422 22.005005 20.812012
0 26.792343 88.025421 20.002884 18.164886
0 211.392441 429.494324 111.769867 98.305542
0 603.907227 629.058838 25.074463 19.996704
0 95.60762 135.518478 21.291397 20.628723
0 55.746544 308.784698 29.588657 26.790283
0 535.271057 13.524906 22.458984 21.008629
0 546.988953 183.436783 45.266479 41.453583
0 56.349651 190.479691 19.506554 19.240875
0 420.090363 254.828049 19.178467 16.560394
0 33.556686 35.329742 19.65657 17.905151
0 453.28598 597.725464 22.494812 21.675659
0 497.018188 10.797121 26.855957 21.594242
0 59.672417 301.866852 23.271713 23.23877
0 178.071716 625.007202 72.88916 29.713013
0 69.888687 273.91275 25.565609 23.856628
0 15.218256 170.74556 23.325153 22.124176
0 104.347633 235.022186 21.193527 18.26767
0 18.087511 380.444061 34.959805 35.985291
0 334.204071 34.691372 17.520752 16.156143
0 103.953217 417.751465 31.870316 30.29126
0 187.629974 469.058899 44.714294 35.409668
0 587.463318 169.93306 38.868774 34.310974
