0 493.31485 567.070435 67.30365 57.29541
0 221.467911 488.209167 145.612579 119.918182
0 324.8909 285.603394 52.677917 47.060486
0 287.092041 327.711029 49.911377 41.829529
0 52.397949 81.130447 38.59045 32.579239
0 202.175369 101.848663 29.31134 26.322372
0 115.545067 236.714142 28.383224 26.478058
0 579.193054 251.853073 47.730347 39.018402
0 157.335617 221.396973 33.552429 28.806396
0 45.259663 171.415131 45.392281 36.151489
0 100.991394 36.124481 29.094437 24.99011
0 62.55402 415.631226 31.691124 30.499268
0 478.040039 442.1008 30.663513 27.090942
0 123.537033 502.863953 36.091118 31.398285
0 122.645859 178.562881 26.538597 24.070618
0 376.674561 287.220581 26.12561 24.506287
0 125.999413 471.787262 43.309158 36.94873
0 63.919968 343.628387 26.419174 23.809509
0 96.742081 481.229126 29.781845 27.772705
0 411.677429 464.213806 27.830688 24.982483
0 290.238037 466.114929 29.302612 26.765442
0 572.664062 23.029613 128.092773 46.059227
0 498.552704 193.945816 31.92865 29.365204
0 589.492371 499.225891 39.60022 33.365234
0 116.97702 260.832855 25.079521 22.570938
0 100.81897 143.44519 25.076569 21.747925
0 7.132901 453.577423 13.140947 38.486145
0 579.364746 313.563843 23.021851 19.04657
0 185.851715 397.898651 24.892853 21.317078
0 595.697815 489.756653 31.069946 28.842834
0 246.666397 169.609924 21.349884 18.31311
0 394.951569 324.148804 22.378906 19.109497
0 210.071884 391.577911 24.986115 21.230225
0 290.540619 389.836487 37.19043 35.014099
0 624.591492 152.218948 29.987793 115.261192
0 619.344421 490.376648 21.590942 19.91864
0 531.384583 479.195526 26.406372 21.936462
0 603.457153 200.195602 27.990723 24.145477
0 568.281067 633.861938 27.36731 12.276184
0 242.081741 75.122093 22.379608 18.222488
0 443.179565 453.587219 40.92041 34.735535
0 551.244873 475.049347 25.154419 23.03833
0 63.296059 629.028015 51.148575 19.888916
0 432.544739 345.255981 22.445984 20.19397
0 605.434631 315.679565 28.220215 30.462952
0 360.645111 383.887329 39.431702 36.440674
0 271.687836 258.50885 20.308899 17.578796
0 47.135204 495.369843 19.362289 19.049377
0 536.500183 128.414719 72.692291 63.713173
0 586.529968 171.866257 24.613037 20.233856
0 338.884399 434.71991 22.683044 20.077637
0 179.399612 148.703583 19.843079 17.662048
0 11.314198 261.505096 20.265526 22.76355
0 528.697021 61.882977 104.726074 84.156853
0 11.589184 610.82135 20.219482 22.137817
