0 548.279358 496.184235 71.447144 57.250549
0 372.564911 573.690002 254.520935 132.620026
0 618.003235 433.816772 43.99353 55.846924
0 256.184052 171.152969 156.849197 142.492981
0 175.529724 268.668579 22.378265 20.683655
0 375.025452 78.637856 25.597595 23.193878
0 54.691956 602.136963 109.383911 75.726074
0 33.308578 465.786194 66.617157 182.501068
0 115.922874 366.57782 65.334732 61.504028
0 175.575745 599.606201 168.113342 80.787598
0 428.904358 221.229019 22.286133 19.381348
0 301.767303 367.007446 32.632141 28.207642
0 472.421265 142.499222 31.651367 26.003387
0 619.408691 380.834106 41.182556 46.682129
0 179.452103 574.167053 21.268127 20.254761
0 217.777573 277.943848 26.401642 22.656067
0 111.838943 132.550323 195.935486 240.40033
0 193.947266 557.655151 19.790802 18.879517
0 597.873352 390.551361 19.688599 19.393188
0 151.700104 524.106567 212.64447 231.786896
0 198.27359 46.29287 30.615112 26.254768
