0 104.92334 170.900345 118.75705 106.889801
0 74.627914 350.571991 122.169434 94.224243
0 88.449081 480.150208 167.42215 161.917145
0 604.622925 26.140894 36.422363 36.801144
0 141.931763 9.153614 24.1539 18.307228
0 338.726501 103.809067 73.022705 66.654694
0 303.22876 75.062164 54.132019 50.658173
0 192.62886 263.453827 24.434937 22.58226
0 316.355103 435.727905 275.033447 274.594971
0 295.715088 209.155151 21.471436 20.457428
0 542.762268 617.071106 86.751343 45.857788
0 584.135071 312.65274 48.103271 48.140625
0 501.327271 18.646156 27.393433 25.337395
0 398.799438 590.47113 230.619751 99.057739
0 532.892273 561.151367 214.215424 153.791016
0 518.841736 136.94487 26.517548 27.79895
0 384.318359 109.065674 20.537842 18.416214
0 254.985199 595.741272 41.546997 31.960815
0 195.101303 9.397505 58.767212 18.470943
0 520.959351 44.56945 24.178589 22.754143
0 481.662476 630.243835 48.032471 19.49707
