0 307.199371 469.36853 58.757629 49.484619
0 412.330383 586.43457 45.401123 38.216919
0 256.124878 50.322815 64.173508 59.151291
0 99.742996 192.193085 25.278336 23.573029
0 185.94812 568.310303 26.480316 23.330322
0 235.162384 562.503479 26.240662 23.233765
0 568.973206 226.351501 22.95813 22.247009
0 277.562714 138.569122 75.356857 64.864929
0 172.673553 631.211365 27.054565 17.48584
0 150.910522 17.982445 25.632812 22.601074
0 177.284103 87.495056 54.288788 49.428757
0 96.560974 466.287476 73.451752 67.653442
0 216.860992 27.803726 37.099854 33.520134
0 346.705566 438.825043 23.629944 21.936096
0 372.937469 619.860168 67.20459 40.279663
0 85.747253 290.591919 19.739975 18.642639
0 500.825439 227.267548 42.43924 43.026733
0 207.024231 179.905899 50.282623 45.585419
0 23.550356 122.773758 20.394535 20.255493
0 588.577271 215.65358 21.635864 21.371002
0 242.391388 207.910095 35.195007 25.702209
0 81.509201 497.367157 28.148514 24.100281
0 503.825287 612.774231 31.626282 32.605469
0 562.391479 313.005737 66.221313 60.158386
0 396.624146 180.302551 70.030884 59.9758
0 225.704498 414.733185 140.562561 122.62085
0 440.490051 619.888123 73.400391 40.223755
0 324.100769 214.428024 21.712341 20.761261
