0 395.538422 192.868896 88.276794 76.856567
0 395.240021 304.360199 126.30249 101.514465
0 400.013794 59.803146 80.097046 72.241882
0 553.087952 610.688599 58.624756 53.281006
0 508.382965 446.257263 173.946594 153.4133
0 21.709801 565.271729 43.419601 50.77478
0 467.682678 126.898285 33.318176 28.006195
0 152.092499 529.131775 76.620636 68.119873
0 608.845703 249.785095 62.308594 66.193649
0 214.584869 467.701599 122.173157 114.683563
0 144.477539 46.84185 62.807243 51.892578
0 486.923676 188.841965 48.83075 41.499908
0 134.916382 111.875656 146.548218 123.967735
0 219.735748 184.004486 125.735779 118.4505
0 537.83136 234.121918 34.117188 30.807556
0 409.170227 402.986389 25.693481 24.536133
0 427.884521 609.134583 49.154541 45.823975
0 604.890015 128.391861 70.220032 79.438515
0 415.72525 143.02446 75.764648 66.420013
0 504.294006 218.655792 33.212646 28.426727
0 542.062073 165.122681 95.184113 92.653534
0 60.065109 440.373322 118.83815 212.228699
0 475.638123 316.268524 32.500977 32.723816
0 351.57135 436.45755 75.960327 69.311096
0 363.628082 605.200562 71.389282 67.457275
0 481.340057 625.774597 85.414246 28.450806
0 341.298492 566.640747 109.487488 86.075073
0 453.650818 340.575256 37.354126 32.640015
0 614.430237 583.479797 51.139526 68.263184
0 402.672729 627.353149 56.466614 25.293701
0 627.46521 215.089615 25.069519 42.746338
0 169.902161 106.521729 84.84893 88.348114
0 606.15564 181.315948 63.579102 63.430023
0 26.221941 630.717163 34.746502 17.997192
0 475.628265 237.789917 22.20813 18.901093
0 454.891907 177.978531 42.630859 39.251282
0 549.101196 633.608948 25.004639 12.782104
0 568.061646 250.395111 26.094604 22.349655
0 140.158936 294.822144 280.317871 261.80249
0 526.828003 66.872833 159.165649 107.845612
0 45.365059 161.356354 83.703415 90.072571
0 554.461487 265.716736 21.261108 17.840088
0 433.183716 10.302919 31.556274 20.588352
0 393.888702 233.133286 48.5625 40.343445
0 244.995224 564.497375 73.805023 74.325317
0 631.829956 325.854523 16.340149 30.943176
0 8.30257 181.791168 16.458733 51.532074
0 545.122681 182.099518 66.057129 56.436188
0 599.61615 345.242706 21.052002 16.914429
0 613.581543 549.999023 20.669312 19.299072
0 260.009552 607.569641 19.498047 16.256348
