0 532.8479 276.982849 186.146515 190.434692
0 457.005188 542.326233 179.587402 154.15686
0 609.718506 462.442413 60.562927 69.179138
0 324.271667 433.015991 41.34845 37.133667
0 156.511597 490.686401 29.425598 26.935364
0 391.529816 459.439789 49.242188 45.816528
0 220.249496 568.304932 23.359711 23.566895
0 196.989807 514.953064 25.132568 23.336548
0 283.216827 72.856529 39.008362 34.001301
0 36.187202 506.764923 32.847397 33.084412
0 113.559395 555.055481 25.781067 23.595337
0 322.921112 137.841034 32.09845 29.24276
0 295.854523 157.40567 37.358948 35.114746
0 181.307983 470.585571 30.731445 26.379089
0 88.58876 558.091125 21.968048 20.735718
0 292.337677 490.28244 24.128967 22.321777
0 470.604218 415.215973 57.135376 53.469055
0 371.0849 164.693344 20.813416 19.973541
0 600.870483 421.727905 49.341431 44.543945
0 612.246887 377.003082 52.590942 64.702148
0 151.394363 12.786772 57.991554 25.566364
0 71.407013 73.99514 22.221493 22.013901
0 306.393372 317.635925 24.703491 22.470398
0 274.118073 259.983368 22.320374 22.614075
0 183.084366 589.381165 20.070526 18.514404
0 12.888044 416.312775 25.776089 28.006836
0 327.800232 179.299423 25.790405 24.915802
0 296.202698 629.918274 40.888367 19.692993
0 8.515292 315.451508 17.030584 20.722839
0 387.867035 131.314285 41.514404 39.709282
0 446.907776 58.887402 23.438477 21.633965
0 7.182746 632.340576 14.365493 14.70105
0 14.474812 506.312378 18.659355 16.623627
0 364.538025 139.260452 34.234436 32.287445
0 13.296205 194.996933 26.592409 36.238098
0 24.845482 28.846832 49.690964 57.616913
0 513.71936 443.585815 54.460693 49.813477
0 87.336014 32.605183 85.491371 65.210365
0 264.983612 150.371964 31.18605 29.046875
0 252.859802 301.40506 61.333969 57.438782
0 505.65918 461.555695 55.331024 51.071777
0 442.006287 117.843071 19.997681 18.241776
0 322.93042 554.071228 35.763733 34.818481
0 411.590302 269.647186 47.979065 45.913208
0 375.06015 310.680237 28.522583 24.643188
0 248.986694 5.034667 17.442078 10.049623
0 421.262543 521.259155 18.97998 17.213867
0 230.170349 265.398376 33.447144 34.267029
0 424.875397 397.122559 35.022034 31.674988
0 295.436981 109.388168 19.480347 19.171265
0 351.802765 267.888306 39.100952 35.373779
0 387.942596 59.173485 20.618408 19.80418
0 134.673569 371.745911 25.288239 24.790405
0 292.923645 244.451385 81.887817 67.304077
0 459.927368 477.350677 44.957153 41.739685
0 282.587189 211.989746 29.015625 23.29187
0 67.027168 400.407776 16.12558 15.462708
0 4.607159 389.976135 8.757004 27.999084
0 34.155643 123.041702 68.311287 80.353485
