0 340.731903 311.598694 117.741882 111.981689
0 498.654053 203.394302 62.54361 58.835052
0 71.964622 587.965759 34.036205 32.574707
0 626.390381 118.978951 27.219299 37.587875
0 309.192505 467.073212 30.304565 28.39209
0 11.661385 350.691345 23.322769 30.737305
0 65.42321 226.597488 38.321735 41.115814
0 22.379623 615.908142 23.759727 23.581665
0 193.284485 99.207069 41.164307 38.978317
0 300.866089 589.730225 138.662476 100.539612
0 464.064636 360.572693 24.627563 22.540405
0 168.089432 297.570099 23.12674 22.401855
0 591.187256 319.535065 24.13623 22.672424
0 238.163696 31.402657 216.481812 58.894646
0 138.452606 577.986023 26.801643 25.098389
0 16.949293 529.068542 24.947315 22.509644
0 123.298141 556.853821 35.040977 31.590454
0 545.152832 225.210526 26.588379 25.113556
0 99.682053 242.703949 24.449646 22.428741
0 395.255188 189.087463 34.079895 32.634125
0 608.338867 393.198334 22.785522 21.870911
0 138.387375 225.315125 43.328766 42.249695
0 527.59259 94.004333 213.90918 188.008667
0 535.309875 351.826263 33.778564 29.389221
0 183.656693 488.613495 25.454956 22.898743
0 525.714661 304.65509 25.743042 24.342041
0 123.609894 77.382805 31.49469 28.754684
0 129.097946 505.992676 22.801086 24.139374
0 212.16127 628.846741 31.716888 21.562378
0 131.080154 271.036011 19.454193 19.285095
0 258.239838 62.333534 26.599594 22.975864
0 320.896851 506.401764 33.074341 32.86676
0 503.90921 528.4646 272.18158 223.07074
0 188.512375 555.949158 94.485901 92.369232
0 113.357956 510.405884 16.777054 16.057983
0 53.843269 193.694641 18.896477 17.980865
0 197.61528 434.585327 21.401886 19.928101
0 97.485168 578.63916 24.855774 23.745361
0 584.821228 202.093262 21.7229 19.295227
0 471.830536 332.793579 26.916504 26.923828
0 594.76709 448.655579 65.571533 60.094238
0 280.695465 472.068695 28.247925 26.301819
0 225.615448 572.213623 23.938477 21.850464
0 122.890381 630.413574 27.600121 19.172852
0 402.735077 258.519379 23.890381 21.400574
0 228.69902 613.311584 21.836456 19.982788
0 252.390167 371.929443 116.179733 91.511719
0 453.757477 581.478577 23.467712 23.850342
0 262.887207 235.910339 247.874512 207.195312
0 335.999542 387.692719 28.009644 25.143494
0 114.998993 470.786652 17.336868 16.279175
0 243.826096 634.389771 25.102692 11.220398
0 134.218689 393.201019 18.705109 16.376099
0 301.998535 80.69252 17.861023 17.354202
0 18.001522 552.567322 31.76487 28.891602
0 25.938377 481.328674 34.324059 29.538879
0 109.34124 155.500641 29.522064 28.635925
0 25.74556 275.469391 50.234589 144.468689
0 526.140076 243.399414 26.591187 23.530548
0 285.659576 177.766205 201.423096 168.260818
0 130.519196 67.233109 27.328362 26.887558
0 356.123566 211.469711 62.13208 53.21344
0 139.802567 358.972626 16.8367 15.454468
0 67.821594 240.977417 28.663376 22.347351
0 526.231384 348.59021 54.492523 47.458679
0 243.232513 336.457458 123.384705 112.659241
0 119.647552 594.663513 27.26252 25.981689
0 82.915192 583.704956 42.153072 31.03186
0 145.025452 526.917969 20.46991 19.122559
0 377.423584 374.830566 51.314514 46.086609
0 159.495361 554.722595 28.839386 26.999146
0 590.239136 248.907303 65.833862 59.853729
0 533.04895 412.291077 21.111328 18.532532
0 274.405304 630.9823 22.837036 16.837769
0 281.149658 517.766541 19.593262 17.231567
