0 260.093994 78.047577 33.618759 29.497635
0 167.641907 181.606583 47.257568 41.790497
0 476.630188 139.010147 31.691772 28.707825
0 150.709991 65.088623 31.111511 28.882694
0 208.677444 97.458344 40.418701 35.996216
0 354.463043 390.205933 25.799011 23.206421
0 436.110779 484.449036 27.975891 25.502197
0 348.063141 351.262878 25.877747 23.350525
0 455.421844 6.685134 28.112305 13.370268
0 307.579071 633.369507 28.737732 13.261047
0 355.675201 5.18919 22.407471 10.37838
0 288.764984 213.88089 22.477539 21.313782
0 298.997437 484.728729 23.161743 20.492432
0 105.446533 131.134613 26.791458 24.253593
0 332.467926 226.96698 21.549866 19.10022
0 568.741272 356.148712 20.565186 18.772461
0 89.6828 472.40567 86.430481 73.897034
0 367.636139 70.208069 19.65271 18.197723
0 363.564636 519.457825 92.637695 90.121063
0 247.85968 593.97699 34.955338 29.873047
0 217.036774 303.991577 277.317322 239.040283
0 76.727951 288.807739 58.344788 55.962891
0 39.299404 40.692429 22.521475 18.918058
0 75.443802 395.594574 148.662964 173.388916
0 432.934631 220.781158 20.857849 18.944031
0 225.830521 286.772919 19.162659 17.720276
0 427.808929 113.505836 18.180115 16.728867
0 472.304321 25.798738 21.07666 20.181461
