0 298.776703 144.112091 87.508835 81.377716
0 36.59203 494.823883 42.695641 38.874939
0 445.446899 53.756241 78.150513 70.4478
0 143.904083 325.818695 30.937164 29.471924
0 547.681152 62.208855 71.567291 65.478058
0 469.437347 598.684082 34.901001 32.704102
0 50.27343 277.615417 100.54686 171.145767
0 172.450775 45.961418 28.793945 24.621857
0 578.827942 285.671448 28.826782 24.74469
0 523.724976 611.861877 37.98587 30.323364
0 431.231506 99.543488 31.455322 30.306946
0 495.856079 331.820587 88.277252 80.931885
0 583.544067 116.642822 74.267334 65.496834
0 567.087585 609.602234 47.059082 45.970825
0 494.014587 479.690948 41.940704 37.973816
0 418.296082 19.127045 94.230469 38.254089
0 112.580566 427.805756 40.44278 37.727844
0 194.925247 473.955078 152.585846 161.855957
0 375.678833 68.476318 40.348938 34.610714
0 476.37442 553.346069 36.380066 34.203369
0 555.814697 394.743347 40.158325 34.616699
0 548.151794 164.686569 31.487183 29.107361
0 46.381454 613.191956 22.289894 21.60022
0 361.155029 496.099396 25.983398 22.433105
0 212.31488 557.653442 216.279419 164.693176
0 378.202148 622.642822 99.752808 34.714294
0 396.1828 92.316757 48.770752 42.527023
0 442.438354 245.71167 98.211975 88.191406
0 622.319702 332.34964 33.025269 26.770081
0 213.198105 132.666275 23.867065 23.222107
0 9.911678 117.294945 19.794197 62.572708
0 182.98645 150.413574 21.441956 21.312286
0 62.400726 528.638733 20.011505 16.945923
0 439.118805 629.959656 21.833252 17.635132
0 499.143311 133.559235 19.168457 16.687233
0 27.489998 63.433624 54.807755 55.673386
0 392.109497 587.218323 120.931702 97.377441
0 365.631744 227.875916 38.764709 35.483887
0 384.10495 79.734886 51.864075 46.471085
0 12.503334 583.378967 25.006668 33.941406
0 459.060699 262.673004 69.271118 69.116394
0 75.044655 570.279846 18.375534 16.484009
0 35.683338 627.058044 20.152649 16.996338
0 257.572266 336.468658 110.266602 108.478516
0 565.635742 525.447144 148.522217 161.952362
0 439.169769 471.861755 20.185303 19.108643
0 377.10791 503.017517 66.836243 59.196503
