0 302.882751 228.412048 33.523743 31.073059
0 240.002655 334.120148 64.499222 59.626343
0 188.03537 154.421692 33.808228 31.567444
0 98.545799 67.592712 34.379578 34.144314
0 137.768417 413.345123 23.107971 22.189575
0 28.515314 433.583191 20.930264 20.068115
0 200.90538 438.918549 23.13501 20.926147
0 312.468475 421.76825 25.959534 24.689148
0 609.153381 129.882111 19.488037 18.941414
0 578.180115 401.329773 25.979492 24.727661
0 503.029419 407.40863 24.627686 22.637451
0 439.701355 292.881989 21.751465 21.945312
0 634.316345 187.22998 11.36731 17.986664
0 442.069855 147.376328 85.087769 65.155739
0 626.213989 19.135647 23.476685 22.862366
0 369.941711 27.84564 28.18689 27.115467
0 514.454956 505.822876 18.312012 15.437012
0 254.993591 10.765223 24.358459 20.87904
0 132.806702 142.108902 57.742767 54.878593
0 335.253479 248.284302 195.204407 145.277237
0 501.503754 310.925079 276.992493 233.373474
0 336.204102 140.60704 43.726685 44.25293
0 603.20575 176.851425 15.675049 14.946991
0 626.102966 146.552383 13.742798 13.99823
0 170.05806 226.445847 40.404663 36.209442
0 188.458298 361.233521 31.000854 26.854614
