0 337.912689 67.817307 37.77301 36.666763
0 331.773773 498.475494 35.473938 31.284729
0 522.5802 533.395386 29.622284 27.702637
0 69.297325 389.177643 32.970169 30.059875
0 289.167389 136.799408 151.366821 129.36499
0 593.580078 351.979218 92.839783 95.147461
0 484.127472 580.319336 22.04303 19.180908
0 597.739746 167.087097 47.854492 42.898895
0 482.5784 437.086456 48.897034 46.086792
0 223.319473 522.898804 19.520172 18.279419
0 595.996094 276.095612 80.721924 81.650345
0 435.223419 451.152374 44.510315 42.672302
0 505.991821 70.007362 20.630493 20.116058
0 367.590363 315.314423 18.858093 16.272217
0 318.983276 279.200317 61.296692 54.909561
0 519.426758 303.82254 63.930389 56.572693
0 386.15329 250.277634 67.680664 60.030121
0 124.947525 309.069275 21.328918 21.83728
0 426.504944 260.077759 21.02063 18.885757
0 231.035919 550.877747 35.525818 30.603271
0 60.990864 578.262268 33.041252 34.55835
0 210.02713 34.816193 20.998627 17.689835
0 354.012146 22.600473 20.138 19.327267
0 366.820862 377.779694 16.852783 16.602112
0 110.240509 295.444977 22.659073 20.906128
0 253.196671 82.673996 18.535187 17.094879
0 513.757019 231.172058 157.994507 116.949997
