0 359.887848 401.130707 27.876465 27.159912
0 170.282135 571.930664 28.892639 28.084473
0 80.570946 493.125122 26.6017 23.86322
0 527.670044 28.175739 62.599731 55.62162
0 536.939209 532.299866 26.079102 25.533203
0 508.790161 62.253838 21.567871 21.163589
0 242.782166 123.149033 23.874878 22.321983
0 214.417664 388.509186 23.135315 22.420715
0 35.811954 191.85556 21.625847 18.843811
0 631.286255 388.308136 17.427429 44.890076
0 203.965088 50.398045 23.879089 21.86409
0 108.80323 510.569885 38.219193 28.945709
0 113.846992 176.762909 21.289719 18.432892
0 580.419189 537.40802 29.9729 25.119263
0 120.060806 84.366882 18.679054 17.787033
0 499.006165 134.344604 16.354309 15.414429
0 558.38208 523.609131 20.226318 19.196655
0 367.323761 434.060333 25.011597 23.023926
0 50.817406 151.86116 18.484268 17.200714
0 217.119049 97.184357 19.011505 17.560165
