0 452.591095 136.721924 43.159424 38.364784
0 52.254921 579.686218 22.158096 21.346069
0 58.643532 192.893524 22.623127 21.981689
0 300.632599 243.331512 209.337158 207.330154
0 157.490494 272.694 23.248749 23.221497
0 610.677002 441.79126 58.645935 79.298096
0 8.50613 404.747345 16.427608 32.498169
0 32.313179 548.159729 18.672407 18.194946
0 9.420467 531.69342 17.844681 19.213867
0 236.275848 492.770721 24.494415 21.519592
0 11.210922 359.909424 18.631721 19.670044
0 144.719681 477.004181 24.094818 22.042114
0 530.643616 357.996063 77.241577 68.966858
0 18.400091 116.462883 36.800182 39.955978
0 252.413147 176.413498 311.174438 332.204926
0 64.282906 598.865234 19.623531 17.765015
0 438.408569 508.744568 98.547729 86.983368
0 484.445618 634.539978 19.173828 9.766479
0 584.861816 557.004089 110.276367 120.196167
0 45.243431 433.596466 15.149445 15.571838
0 426.350586 614.600586 73.778564 50.798889
0 5.645565 145.561768 11.29113 30.358917
0 380.450439 342.284454 45.630127 43.029358
0 492.888184 307.281036 189.440887 152.949417
0 104.097504 292.299103 109.78083 106.471115
0 408.398804 406.892548 46.248779 43.161743
