0 167.139679 528.318787 58.788849 51.934235
0 88.411606 311.503998 42.821838 42.868408
0 459.605682 94.763763 52.430054 49.813721
0 550.94165 226.213257 45.42688 39.844482
0 324.944 336.399292 34.640442 32.549011
0 391.126465 388.245331 25.874817 25.164246
0 393.237579 512.964233 41.012146 39.443756
0 522.986816 151.517685 40.008087 37.280945
0 520.630798 24.085142 107.267853 48.170284
0 451.082581 320.591187 26.296265 23.933594
0 146.652512 60.628437 28.151794 26.043205
0 54.16177 398.437256 106.379524 113.062073
0 619.537964 554.467773 26.349487 24.402832
0 508.303833 460.335999 64.912994 58.200745
0 628.287781 144.119995 20.069824 21.283508
0 298.181091 59.998886 32.750854 28.303577
0 519.050232 72.773254 77.476471 70.93396
0 448.33493 128.516159 20.830078 19.156654
0 177.163116 236.312119 322.180969 356.644806
0 397.318756 137.490662 26.052734 23.758293
0 6.344117 494.894684 12.688233 39.64679
0 509.980591 122.96669 21.209595 20.414429
0 581.905579 363.550873 20.729248 18.548889
0 77.435989 560.341431 154.871979 158.428253
0 551.503662 559.451416 21.944092 19.985718
0 569.593506 124.446434 79.149658 67.169083
0 18.994366 177.803223 37.988731 41.87381
0 92.562363 531.027039 21.841949 22.826904
0 434.786926 630.970154 20.894592 16.41626
0 418.821899 44.149834 18.348022 18.326805
0 231.897202 568.134888 38.037933 35.395752
0 592.883179 8.595718 41.359619 16.506638
0 511.969727 268.580139 71.196899 62.342056
0 368.526093 114.973297 38.878784 37.451874
0 284.052673 389.735809 16.330627 16.967224
0 104.295853 249.888031 19.390182 19.122238
0 549.782959 599.176636 180.434113 81.646667
0 358.298248 376.672119 52.820435 47.780396
