0 198.94043 277.090881 110.994965 103.638245
0 302.644592 519.331665 87.24469 85.368195
0 305.310577 611.042908 35.167725 34.266968
0 358.701538 237.223236 53.055664 47.557861
0 259.494507 220.50708 27.934586 25.142944
0 175.053528 444.73822 51.072571 47.843079
0 602.080566 20.311592 35.542847 33.225922
0 210.882507 215.842743 23.257721 21.682617
0 61.055214 631.289856 43.189743 17.25061
0 545.388 455.79834 25.259155 21.441467
0 368.834595 90.301659 31.820129 29.773346
0 560.300354 167.151291 18.515381 17.906769
0 173.3013 142.282425 28.67569 25.446655
0 538.506104 119.554848 25.955811 23.039169
0 52.117157 287.571045 27.046078 22.493713
0 237.232834 600.243652 75.70517 63.046753
0 463.427612 491.985535 328.161133 296.0289
0 412.167572 172.477646 25.195374 25.152557
0 314.94162 285.333801 32.44342 29.469971
0 58.546165 612.405579 30.275928 27.195312
0 240.982864 628.161743 55.014313 23.676575
0 281.339722 629.60376 33.359375 20.792542
0 219.810287 597.984863 45.503479 39.971313
0 217.467178 158.948502 41.732208 37.645538
0 279.422577 249.095718 60.996094 52.492889
0 517.411987 336.407898 30.300903 27.004639
0 349.937744 160.034454 19.946411 19.676697
0 15.931326 251.174866 31.862652 46.005142
