0 108.935944 210.485077 60.835419 56.090179
0 73.140121 516.213989 25.966034 24.085449
0 204.608322 365.52301 30.942444 26.64447
0 427.411133 220.999847 41.006775 39.2742
0 294.000824 486.02002 25.276123 22.242615
0 496.693359 94.382202 30.846527 26.084717
0 528.169006 58.03582 28.946289 24.911179
0 586.104553 472.128235 26.838989 25.263733
0 583.507812 448.628845 26.949463 22.988892
0 17.559868 608.850037 22.232162 20.510864
0 323.173584 482.195099 31.077026 30.71405
0 240.250793 509.520721 23.509338 22.660583
0 519.745789 242.261505 33.851562 31.307114
0 539.479492 414.8927 21.790039 18.660217
0 555.030701 4.619639 26.677856 9.239278
0 157.305893 284.337982 23.438721 23.010254
0 306.472198 595.068359 42.775146 40.065063
0 473.620209 158.269241 23.239197 19.92334
0 472.257233 330.211975 87.703918 88.95166
0 288.211578 392.141632 31.660339 26.046204
0 514.118347 135.979721 24.943695 19.335487
0 632.011169 269.962616 15.977661 29.135605
0 403.375702 521.966919 46.536987 40.413422
