0 503.402008 123.430458 63.905945 53.439438
0 330.324158 615.739075 52.508545 44.358521
0 424.021393 593.895386 48.305542 43.282593
0 169.502975 131.872803 214.494965 171.627075
0 454.209686 569.705994 44.643005 36.888306
0 101.891319 537.384583 35.112015 31.059326
0 409.667175 241.14975 45.334595 39.793091
0 247.470306 252.965027 43.866455 37.029312
0 209.462463 575.844604 156.255356 121.225708
0 319.348358 505.579681 46.865967 40.511658
0 448.446655 631.432251 48.201904 16.250854
0 214.041 208.77243 95.58609 69.682617
0 161.347122 381.378265 76.551331 66.801453
0 457.393829 283.491058 24.061707 20.719238
0 548.173462 409.820129 166.261719 131.314331
0 296.020691 518.904602 126.183044 122.675171
0 454.75351 460.217499 100.47876 88.737854
0 528.39502 10.733572 53.955658 21.467144
0 21.215523 130.840256 42.431046 51.444336
0 291.961426 633.3974 30.652649 12.948486
0 514.148376 80.072289 35.091461 31.162903
0 560.983887 547.758362 36.764526 32.222168
0 614.790466 256.402863 46.027832 42.735031
0 8.436419 353.749176 16.872837 22.827881
0 128.385742 602.674194 35.764923 31.422974
0 583.887634 284.354797 23.34314 21.337402
0 475.486786 34.826912 29.31842 25.969711
0 132.159729 235.567963 23.896935 22.257812
0 116.99231 336.712036 29.699341 26.518616
0 285.898376 79.587173 45.127563 39.897598
0 52.31366 232.731552 96.789093 91.905975
0 248.050812 368.442932 91.862488 61.790833
0 55.313232 576.938171 107.094696 126.123657
0 565.107849 39.833229 26.740112 23.701065
0 601.449036 194.685074 40.151123 33.833282
0 336.632965 449.715759 19.880371 18.127808
0 614.703552 629.715332 26.821411 20.569397
0 571.809998 83.690636 28.776978 27.613602
0 563.482605 629.934448 33.598633 16.920898
0 470.666992 93.06012 25.88269 22.800079
0 245.428162 548.685669 178.063248 143.055542
