0 167.378983 517.681946 32.660492 27.145264
0 280.412231 291.206757 33.148193 28.437988
0 316.178162 162.98378 42.493164 38.300995
0 550.188721 163.117493 30.286499 25.217346
0 53.936901 49.147621 28.877129 25.502899
0 204.11972 587.414673 29.372467 26.046265
0 460.539062 575.703247 25.16217 23.99707
0 135.797485 289.985229 112.026367 92.249878
0 583.288818 46.238235 33.234375 29.40377
0 141.516479 143.975067 67.3367 60.226982
0 357.058197 162.408844 29.08844 27.790375
0 38.987823 331.409454 40.891968 31.707703
0 28.908146 452.631287 42.018959 41.34375
0 24.976879 94.58326 26.324539 22.602844
0 567.085754 27.274185 45.657227 41.071373
0 630.78186 532.766296 18.436218 23.182373
0 517.133789 318.498291 24.894806 21.116272
0 504.590271 335.822937 32.010529 28.166931
0 634.486877 389.180786 11.026245 22.150452
0 564.615601 624.253113 25.254883 20.768677
0 575.088135 37.515091 42.282593 39.771881
0 87.757561 389.436737 27.085251 25.537109
0 275.221985 593.640015 45.3526 41.529785
0 60.538879 173.503723 26.243576 21.114807
0 512.895386 634.976379 18.074554 9.997803
0 182.014542 64.170082 21.75 20.17757
0 560.467285 13.435846 30.724243 25.773987
0 467.382904 506.043579 29.057678 24.618561
0 161.653137 598.864685 21.667847 21.500732
0 187.824799 402.065613 133.740784 105.561096
0 10.499504 634.99292 17.545715 10.014099
