0 415.772675 506.405426 44.972839 39.273132
0 196.941315 251.599518 127.251022 107.315109
0 318.225281 549.554688 176.067505 161.253784
0 230.426102 327.18512 65.293121 59.483459
0 513.496155 229.898315 253.00769 235.939819
0 396.996796 353.467621 31.771057 26.810608
0 201.419189 459.017029 204.528702 195.035858
0 563.689636 469.087189 68.271362 65.131897
0 371.708435 305.550598 45.277222 38.806213
0 31.557995 91.996895 48.741997 39.268723
0 289.88681 277.722046 37.969971 32.831665
0 233.188141 374.657074 47.866516 43.405579
0 582.729614 34.728821 114.54071 69.457642
0 134.449509 133.157928 27.436981 24.166595
0 363.626648 232.824997 39.946777 32.282166
0 256.535309 151.240295 21.938049 21.875854
0 314.496948 246.162231 26.618652 24.14949
0 388.762451 383.352722 30.839111 28.450012
0 419.067383 405.293243 37.848633 35.40332
0 363.21109 419.733124 54.697571 47.018982
0 588.939026 590.132324 102.121948 99.735352
0 286.509583 8.702497 27.649841 17.404993
0 113.278099 118.089592 19.286423 18.805588
0 97.378342 332.944519 188.328308 173.56073
0 295.550262 160.183197 196.238846 161.560608
0 501.083893 608.295593 27.792664 25.663696
0 27.876442 239.934036 32.43631 28.272614
0 126.850983 108.627258 32.278442 29.751007
0 621.407166 427.541443 27.483032 25.008911
0 208.279434 20.34613 20.189453 19.103203
0 6.591465 49.654915 13.18293 23.923782
0 131.159073 592.78009 249.271545 93.595459
0 25.968319 171.638031 49.884911 129.810669
0 71.084511 79.421677 23.257553 19.569824
0 409.621887 125.487244 44.325134 40.097343
0 621.352173 487.36792 37.295715 60.555206
0 498.796661 483.281372 95.254089 86.949951
0 394.21759 367.221649 30.801086 31.253052
0 349.022491 9.325857 22.692566 18.651714
0 259.301239 357.867371 29.716736 25.740662
0 418.641022 633.682495 21.267273 12.635071
0 379.531677 413.610107 42.513 37.709656
0 493.667236 107.305183 32.091187 30.139786
0 320.827789 358.876038 63.500305 55.925903
0 457.500885 341.735657 23.887024 21.019531
0 392.996979 448.436005 33.723206 29.052856
0 233.236969 145.099762 19.267822 18.04892
0 475.209015 18.291111 84.94928 36.582222
0 506.595398 57.674362 79.94516 68.191101
0 60.068939 277.483521 37.801544 31.493286
0 420.571136 52.132538 38.569519 31.753574
0 629.251709 316.723083 21.496582 33.147034
0 587.580322 342.96405 21.610229 19.244507
0 169.619736 9.946485 39.460907 19.892969
