0 37.886322 434.173737 69.831802 63.545044
0 396.180298 497.761475 34.577209 32.355011
0 200.380707 122.818687 26.211853 24.556412
0 431.113953 395.200592 29.632629 28.778198
0 249.092468 425.578491 48.485886 42.75177
0 140.65358 398.504211 59.501801 52.495117
0 177.672409 427.634979 48.171143 42.13031
0 400.10022 544.884338 91.666992 75.659424
0 132.49527 33.274437 23.669678 21.927193
0 586.872498 623.399719 75.038818 33.200562
0 295.161682 200.245758 252.007202 232.911194
0 84.733932 574.055847 118.864502 101.385132
0 482.822388 550.278625 43.450256 38.138794
0 336.863312 61.758705 52.816223 49.506119
0 15.049281 586.444885 30.098562 36.600342
0 614.823486 562.738892 50.353088 73.691772
0 146.836273 57.941303 44.384583 38.961815
0 214.940186 84.135437 71.617401 69.762146
0 214.976624 574.250549 127.307312 109.276855
0 349.064392 433.245178 42.326111 39.952942
0 188.278015 314.785278 78.240845 67.040283
0 20.468958 623.754272 40.937916 30.58667
0 22.778419 505.909302 45.556839 60.533783
0 493.353729 218.927246 110.733582 99.909683
0 70.683052 625.527771 42.725872 28.944458
0 402.189789 597.674133 44.165344 35.913452
0 59.230881 172.064209 41.71936 39.40094
0 306.834442 15.388519 57.268555 30.777039
0 327.467896 323.718964 40.079712 36.623901
0 615.111084 484.162384 37.665649 33.778748
0 600.560059 421.606567 37.830811 36.026978
0 504.839569 302.331909 83.113098 80.065247
0 619.586426 349.926239 18.127075 17.229248
0 542.317566 396.496765 18.916138 16.008667
0 163.78923 97.957291 56.385742 52.964081
0 543.143188 368.861328 67.879547 58.061096
0 98.566238 489.472656 73.839752 62.042969
0 89.771637 202.634155 84.400299 79.119568
0 519.133911 467.824524 33.788849 30.628479
0 212.499237 38.728722 60.491455 46.417397
0 88.098236 523.371094 56.172165 46.815674
0 44.301468 146.81221 48.799099 42.177216
0 77.854057 255.736206 30.853619 28.148315
0 522.618347 625.743286 46.985199 28.513428
0 288.779236 76.046318 52.564575 50.746017
0 124.226288 438.907867 40.813354 38.555298
0 121.273682 266.269592 58.875061 56.163452
0 588.541016 118.128891 102.917969 165.40741
0 192.305054 11.304005 48.084717 22.442108
0 260.46579 404.275024 25.290939 22.390625
0 618.131958 469.401123 37.965942 36.80542
0 429.286713 343.943909 104.747864 94.398926
