0 241.413208 363.091522 45.433289 40.596191
0 238.388519 574.964966 60.352249 56.967529
0 45.550201 603.764038 30.41201 26.084717
0 461.42453 520.846313 48.12616 43.119873
0 87.563667 389.457825 22.091125 20.43988
0 69.930603 249.760315 79.301208 74.515762
0 224.097702 618.68396 59.325226 42.632019
0 300.521179 630.195312 43.829163 19.29248
0 15.926088 254.063263 30.006557 27.711914
0 9.930548 474.043549 19.180836 23.818787
0 503.90387 411.469147 243.51535 202.406677
0 363.764099 467.922394 70.447021 64.747803
0 564.262695 555.007019 20.876465 19.886841
0 439.597656 614.197327 21.890991 19.695435
0 302.409363 460.997101 22.845459 22.293396
0 54.625828 356.401855 45.731621 39.164551
0 9.984722 406.948273 19.146622 34.826355
0 56.316933 312.876801 25.040432 23.686035
