0 366.902039 206.445175 213.757385 184.685577
0 614.055603 260.294495 32.825317 28.354797
0 609.248718 468.908142 58.278687 51.382568
0 232.197449 514.845276 198.162476 144.404419
0 85.247993 467.898926 33.68512 28.952698
0 211.539536 401.021759 43.618713 35.096191
0 525.989136 224.963867 36.950806 32.5495
0 156.875244 121.289345 33.118469 28.259537
0 268.414062 135.428818 32.542603 27.651573
0 166.70343 252.973938 37.475647 30.280167
0 56.870571 429.449768 59.919106 50.278625
0 331.776978 311.495422 29.247192 24.068176
0 418.520996 317.128479 33.792969 29.489807
0 242.994141 43.318024 238.445007 76.741989
0 390.599091 300.580994 31.529846 27.444885
0 107.624542 107.584183 129.878479 124.853607
0 169.920273 393.917267 31.494659 25.389893
0 494.359253 193.064377 32.929321 31.81012
0 248.833984 401.595367 26.806473 24.014221
0 588.490173 106.733047 26.912354 23.976822
0 586.672607 201.202103 30.157837 28.282532
0 153.431656 413.296295 24.523834 22.860779
0 589.038269 328.57605 32.064331 27.428284
0 301.589264 363.802002 26.167175 25.812805
0 448.826447 337.158936 50.417358 41.711792
0 124.511559 406.109924 29.70256 26.44104
0 482.196808 494.020599 27.762512 23.447876
0 20.42226 502.994965 40.844521 41.591492
0 469.201904 323.364197 27.282654 24.242493
0 526.641113 54.488644 226.717834 99.901314
0 189.789627 432.410889 65.618073 53.408691
0 461.049683 541.979309 44.412842 38.051147
0 518.419373 499.230469 26.65271 24.043152
0 12.869886 418.913635 24.871449 43.769104
0 238.493011 330.082031 105.395859 97.512512
0 67.337433 531.082153 49.106018 44.139313
0 71.485306 337.865784 27.794647 22.452515
0 468.756714 246.267395 37.428162 29.837448
0 111.045166 583.099121 214.029938 113.801758
0 46.590279 20.251499 62.757587 40.502998
0 609.332581 300.033966 43.200317 34.89032
0 87.92971 536.649597 71.344406 59.274902
0 364.141449 500.238403 56.171814 48.75528
0 564.269653 400.12738 151.460632 145.192261
0 614.067871 377.81955 51.864319 50.103516
0 483.243713 563.088623 93.432709 83.761963
0 606.893799 90.824303 24.599243 22.793137
0 114.231964 589.754578 20.511368 19.445312
0 83.689636 293.717102 167.379272 195.731079
