0 106.147018 189.346252 83.115601 78.637512
0 397.289886 401.044067 65.643005 61.461609
0 60.633141 530.680969 32.12793 29.200073
0 198.773727 359.245117 49.84549 46.369873
0 52.495171 98.091072 31.510666 28.511108
0 182.131577 323.2771 34.429413 33.593445
0 102.176994 36.341763 95.066666 70.772774
0 79.996811 122.686882 70.259155 66.403
0 194.102814 233.723038 87.009003 81.97757
0 407.190338 300.972809 49.510315 45.384399
0 401.58316 459.379456 76.906189 66.9505
0 220.263474 302.832672 54.620697 50.498962
0 248.811859 267.701599 49.592331 45.865723
0 585.718689 314.250671 26.706543 25.772156
0 192.983047 267.370026 28.279175 27.452408
0 366.635742 289.065613 48.639709 44.880066
0 555.713257 86.388245 45.057251 40.835159
0 123.740738 264.699493 47.831276 44.016663
0 416.882751 579.628967 55.820679 50.848999
0 33.762444 33.252769 66.288376 66.505539
0 129.93187 433.014191 22.723969 20.618286
0 353.232452 578.873352 24.117188 23.134155
0 594.315186 373.995087 66.588257 64.492249
0 197.959152 414.891113 23.306427 22.002441
0 183.752136 199.362137 44.594116 41.64978
0 462.617493 198.763977 21.76123 19.871429
0 87.680244 379.126404 22.846313 22.128601
0 574.440979 333.873901 19.856445 19.372437
0 99.624428 307.750854 28.709351 26.180603
0 53.733158 163.233398 42.628075 40.337128
0 505.98999 352.447571 22.244873 19.966003
0 618.033264 417.695312 43.392456 77.479675
0 5.252304 446.739807 10.504607 37.603271
0 250.901306 174.101181 18.970627 18.160889
0 159.209259 161.622711 48.86319 47.405884
0 500.810364 593.344727 58.143066 53.197876
0 572.190186 585.850342 135.619568 108.299255
0 338.123322 609.816223 149.396606 59.954712
0 587.640625 54.773472 36.128296 31.798622
0 345.281982 540.440369 22.603027 20.354736
0 479.638611 90.356796 22.021179 20.992249
0 381.202179 353.896912 65.862427 56.011108
0 621.135498 196.270355 37.729065 52.120575
0 527.57019 37.133186 159.137939 74.266373
0 492.765564 282.853821 21.244202 22.099243
0 618.494141 246.982758 20.328613 18.107315
0 262.017578 331.015686 37.739624 33.552063
0 619.056519 300.978729 19.72644 19.192749
0 139.603012 328.733673 23.02005 21.363403
0 289.251099 450.173157 111.586853 95.668945
0 282.842834 533.960022 18.588318 18.783936
0 465.794067 305.450043 23.205811 22.240234
0 51.598389 74.300583 37.19598 37.019226
0 270.928772 522.74176 18.842285 17.275757
0 264.662872 478.599487 39.0177 35.932434
0 60.090843 103.669075 46.606186 42.834686
0 318.157166 556.490173 20.262939 18.636353
0 110.643387 275.198364 110.787628 92.718445
0 578.225769 129.279922 50.669678 46.670074
0 316.23053 225.124832 19.990234 19.453156
0 245.739624 258.32077 29.819229 27.819336
0 21.461578 627.7229 34.383446 24.554138
0 298.488159 388.145264 61.606323 53.749878
0 276.087982 529.805481 21.725098 19.920654
0 549.911987 542.748596 42.308594 32.557617
0 58.344093 414.682159 18.815784 16.984009
