0 50.201149 69.563889 95.217667 80.162323
0 390.183929 245.114532 30.215149 25.434006
0 109.039856 315.688232 40.090248 34.133728
0 36.19157 614.296326 30.371811 24.987793
0 450.159821 282.966064 54.421875 45.48114
0 463.138153 8.152889 48.923462 16.158596
0 621.264893 622.178955 37.470154 35.64209
0 268.22583 170.635849 26.13176 23.883667
0 628.76062 410.519562 21.339233 20.985168
0 202.589996 210.394501 74.406982 63.268341
0 603.447144 128.106369 71.298462 62.27346
0 29.7005 592.598267 21.556124 20.051025
0 551.503418 545.043152 24.9823 22.282715
0 444.681854 37.507114 29.949463 26.156424
0 543.044983 318.587036 23.129395 20.920898
0 624.876221 65.090569 30.247498 38.949997
0 85.441483 221.560394 25.690598 22.372803
0 530.90387 599.319641 63.958374 59.327393
0 409.999573 344.374115 21.90448 18.942688
0 332.839417 103.272232 40.74884 40.460876
0 519.546021 426.992096 38.637573 35.674438
0 102.582436 147.748169 36.135117 34.583496
0 509.953217 541.753357 58.311951 55.174927
0 607.700623 489.756287 61.458618 60.181427
0 414.245148 126.548271 19.641968 17.898544
0 240.775635 69.999176 77.038925 66.565338
0 142.654968 40.700813 30.241951 26.072258
0 378.921478 270.451935 67.918823 56.452332
0 529.799316 258.842682 103.922516 85.004395
0 126.957733 82.992485 43.479301 35.855667
0 421.206635 164.735001 20.647644 17.452972
0 308.759979 364.110199 177.099182 172.658203
0 566.365662 170.844772 21.329346 16.568085
