0 372.343445 548.284668 236.142761 183.430664
0 610.381531 148.598221 32.060425 30.202881
0 469.957581 52.264656 30.483093 27.241791
0 119.820099 538.814392 52.569427 48.369873
0 110.353424 489.546753 63.197899 65.2146
0 536.49353 576.855286 23.880005 24.804565
0 17.514721 422.788757 20.182114 19.987366
0 124.768158 620.444458 38.824608 36.051392
0 167.815338 120.62561 25.640259 22.455452
0 113.929321 592.697815 25.664078 26.331909
0 224.565186 450.977142 49.71579 47.021484
0 529.608582 570.095459 33.413086 33.483765
0 185.606033 423.368164 49.666168 45.618652
