0 499.987427 336.939728 82.97522 74.237732
0 25.124239 343.46933 50.248478 61.515869
0 37.811745 434.481323 65.390396 61.726685
0 242.687714 504.861542 70.49675 68.016418
0 445.197479 588.869934 40.706177 35.572754
0 479.215698 151.130219 80.723267 70.430359
0 478.944397 393.364899 71.793579 66.359009
0 607.822998 184.114594 64.354065 72.493469
0 325.929749 567.16333 51.775146 46.21228
0 192.078491 76.490692 47.55304 38.54155
0 147.32959 224.617462 170.280151 142.837097
0 350.165161 99.235497 44.815308 37.417725
0 324.365326 27.911713 116.667175 55.823425
0 621.87561 404.256226 36.248779 36.109558
0 106.490326 562.68512 68.392876 65.369751
0 85.26622 182.763123 90.121002 87.835327
0 521.251709 613.342529 100.253296 53.314941
0 162.471115 41.567123 60.174957 58.517765
0 540.55304 510.90033 32.522827 27.853882
0 284.779266 415.846497 23.237488 21.214905
0 591.679688 323.246643 24.406494 22.124268
0 250.227844 563.88269 21.007889 19.686646
0 621.949646 517.109497 36.100708 83.824615
0 342.901398 9.388866 19.454224 17.286888
0 62.223427 537.083252 24.680939 22.439453
0 539.214233 253.598755 20.967407 19.088928
0 551.825623 165.269928 48.84668 45.146271
0 375.621094 441.749329 22.32196 18.636902
0 372.337097 576.332642 28.089294 26.450317
0 227.032623 111.694168 35.283691 31.683197
0 27.818596 472.560913 24.109602 23.458618
0 148.936523 633.204102 30.380859 13.591797
0 291.825073 537.399658 54.525757 49.188354
0 342.238312 20.3556 54.779846 40.711201
0 602.621399 133.582275 26.231812 23.591774
0 4.065242 241.410889 8.130485 23.034149
