0 612.292114 17.638975 40.906616 29.254025
0 613.973816 450.569305 32.215454 28.017822
0 373.441437 295.209442 27.014099 24.62146
0 221.986969 409.200592 206.865356 197.650208
0 78.689377 470.47467 153.196136 144.060547
0 145.369919 320.785065 24.331024 21.707703
0 275.873474 332.893402 27.159729 21.516541
0 572.012817 542.57196 130.414948 165.577972
0 74.380127 376.345581 43.641296 36.18335
0 96.485245 561.365234 55.639771 44.76062
0 161.484436 532.983215 79.339752 71.53894
0 196.897171 135.630707 33.13739 30.343872
0 282.162994 531.780701 26.232727 22.379517
