0 387.163879 259.351074 86.304688 81.045837
0 533.827942 398.927612 52.9823 48.717102
0 413.251221 211.713211 47.472778 43.587891
0 600.267639 560.80188 79.464722 86.878784
0 627.872864 71.335915 23.749756 23.799961
0 321.491974 624.235413 29.284668 25.88855
0 414.656372 73.7108 42.941528 38.461056
0 526.039185 243.894257 25.961304 23.54248
0 400.121185 40.598526 36.854431 34.149078
0 523.837708 541.994263 55.728394 52.734985
0 613.722778 12.038183 21.813354 20.545357
0 567.637451 90.206375 41.116333 36.307739
0 594.65155 615.029419 89.309326 49.014404
0 34.934738 173.98584 21.028679 21.036346
0 7.568678 542.003418 15.137356 18.558594
0 87.763435 230.556885 40.192368 35.394226
0 469.806 400.50177 71.980652 68.396118
0 297.784149 187.605576 30.243225 28.810699
0 492.653656 561.596558 22.911011 21.157837
0 365.285065 79.590263 28.975159 26.002762
0 509.886719 175.864807 20.595245 20.07785
0 202.192795 92.111328 28.010895 27.215729
0 59.967373 172.296738 32.173958 29.498932
0 509.946289 92.617233 26.524078 25.489731
0 478.572601 179.153503 40.598022 34.361298
0 184.013748 247.095306 46.650665 43.951462
0 318.754517 402.857483 25.300171 22.691406
0 486.187927 143.292999 20.593811 18.555969
0 320.615082 6.259405 39.209351 12.003815
0 362.438171 556.542542 22.107605 19.729126
0 97.990341 599.38147 56.533722 52.766235
0 439.25 120.439102 20.307068 18.117828
0 308.721863 147.41069 21.867249 19.738068
0 344.048981 16.695263 33.491333 27.721794
0 307.560181 137.552841 23.862549 23.794823
0 419.952454 581.163147 90.060425 83.022705
0 370.63739 622.549561 59.087158 34.90094
0 377.198608 43.297127 20.582153 18.335991
0 476.428894 248.316315 102.658569 89.856995
0 244.753876 33.237751 106.664749 66.475502
0 56.577934 154.934616 31.783508 27.904541
0 528.727661 564.045959 47.376007 36.026001
0 251.976746 184.343979 20.894104 18.826599
0 299.916534 274.96817 18.017639 16.530823
0 421.670502 109.876221 22.664978 20.958649
0 450.173279 248.637741 48.39447 47.925995
0 472.354919 617.339844 139.18042 44.571289
0 39.741989 215.210464 23.572487 22.102264
0 353.583618 633.727356 24.660095 12.173584
0 588.183594 230.449585 103.632874 127.634506
