0 589.955444 566.317749 56.145264 52.251831
0 223.569733 627.440918 25.076874 22.97644
0 308.668243 556.435852 23.03418 21.667969
0 10.495716 393.218903 20.991432 25.114075
0 22.579834 133.99913 24.992859 24.819252
0 78.844925 201.847946 24.066376 25.184998
0 531.875916 77.32737 27.160889 22.864029
0 345.568268 272.108246 23.371155 22.004028
0 195.832428 70.995583 22.783569 19.724579
0 268.954529 518.391907 19.15918 17.758179
0 572.257324 428.039764 44.605103 44.831909
0 268.693756 176.964401 22.762573 20.949036
0 475.205841 526.942505 18.231018 18.609253
0 132.87001 480.118652 24.201355 21.2005
0 188.706451 425.661194 18.68631 16.89325
