0 357.468018 188.532959 34.245361 31.811462
0 151.772644 506.93927 34.395508 32.289215
0 412.622833 154.230011 60.338928 54.45462
0 562.571716 58.205837 41.917603 37.292809
0 282.736755 579.150024 30.68811 28.603516
0 21.20451 586.115662 27.47814 23.670166
0 623.555725 107.660347 32.736084 41.663101
0 367.366577 265.007568 26.106812 23.548523
0 176.06105 55.010891 27.716217 24.228264
0 293.358337 387.630707 26.457764 25.21106
0 328.73645 409.479523 22.736755 20.789307
0 341.055634 16.597115 30.122314 26.564583
0 492.482422 351.445129 53.265472 46.792664
0 69.351982 271.21463 30.643204 25.324158
0 206.681763 52.917965 25.265289 22.328255
0 433.282318 25.390759 65.350708 49.159981
0 406.515228 200.352402 66.640869 53.601349
0 12.832888 608.409485 25.665775 27.671875
0 192.215637 418.260925 25.636658 22.295288
0 363.733002 291.156097 58.786438 57.685059
0 33.274765 349.235229 20.377228 21.166565
0 365.126831 269.951874 38.574646 38.389099
0 281.413727 153.840973 19.34375 18.80246
0 371.600159 92.611649 104.823181 98.283348
0 524.380127 17.66345 20.657471 18.682892
0 513.469788 179.009232 180.180389 194.964996
