0 539.414978 616.668335 60.657593 46.663269
0 606.702026 31.323601 22.040527 21.640572
0 312.891174 83.238899 24.114624 23.868561
0 602.731079 206.240463 25.792847 23.664032
0 513.102539 422.403839 30.7836 30.193726
0 109.748886 580.107788 219.184723 119.784363
0 66.899643 420.980042 24.811066 22.60083
0 38.422443 39.819374 47.558678 44.745605
0 161.4422 397.964355 24.234589 23.178589
0 196.775208 105.068062 47.477112 41.122742
0 36.608273 126.185394 73.216545 121.353546
0 100.071114 172.632339 29.16423 24.054138
0 120.083992 12.450533 55.405807 24.775276
0 16.730896 217.822083 32.435471 32.140259
0 164.949066 271.822327 26.61264 23.661743
0 12.458681 16.846203 23.949902 23.509449
0 192.523911 185.220947 19.642944 17.395203
0 462.697388 106.930222 41.197327 44.857483
0 419.851715 532.08844 33.633667 34.048096
0 213.199524 281.910889 28.550659 25.871948
0 291.041534 7.842564 44.862671 15.685127
0 8.372444 246.544495 16.744888 24.689896
0 87.33535 20.828049 28.52739 26.083656
0 181.319687 124.187531 41.844757 35.248749
0 41.096691 243.052124 41.87133 36.021957
0 23.008121 467.141907 36.750832 34.689026
0 108.412018 261.044983 95.002815 89.671921
0 526.172485 290.868286 21.780273 23.647949
0 363.480072 456.246552 66.866516 65.667297
0 324.646118 587.362061 226.962524 105.275818
0 584.19458 126.555771 57.79187 56.700806
