0 285.508667 16.894426 32.70929 28.73241
0 77.913803 345.725952 25.166687 25.748596
0 267.858765 428.765106 29.217789 25.818298
0 414.49823 86.039429 28.56311 28.171677
0 113.61821 601.453857 38.657562 34.431519
0 347.340637 615.400391 35.548706 34.411621
0 543.666321 82.098953 44.252808 43.10165
0 503.727051 106.223831 35.244995 32.616196
0 139.100632 440.576874 22.719299 20.499878
0 166.65448 49.1026 23.833923 20.577377
0 346.387421 453.621979 25.37384 24.206726
0 410.256409 364.2258 33.558594 28.173889
0 321.206635 501.139435 19.639526 20.23938
0 213.018509 339.341553 21.215271 18.283203
0 402.748138 395.138733 28.218506 25.415588
0 113.939354 280.83313 21.700256 19.350891
0 344.330902 6.77967 30.101868 13.075869
0 197.644806 268.862793 22.632812 21.697937
0 484.167114 7.605948 20.804382 15.140625
0 9.475616 323.569336 18.703518 22.95752
0 450.812561 388.69693 32.906128 31.245728
0 467.274872 459.938599 32.368225 28.800232
0 128.027863 568.192688 20.34153 18.619995
0 634.578491 271.949707 10.364502 25.569092
0 561.275146 70.988312 37.824219 36.177109
0 489.323792 485.492126 28.058105 27.832458
0 392.393188 160.938843 27.524597 22.933197
0 179.474274 461.558411 19.27713 16.646606
0 281.032013 363.007324 22.106873 21.710388
0 615.861694 395.541779 37.339111 36.361694
0 330.190674 143.563873 21.158508 18.778351
0 165.603607 405.537201 18.453827 17.488831
0 194.76178 193.032684 23.255096 21.116821
0 419.372894 505.323181 36.073364 35.066925
0 630.979309 419.880127 18.041382 29.091614
0 444.977875 247.883484 26.552856 22.444626
0 623.513611 68.885101 16.957153 18.096584
0 344.171295 201.393356 19.244263 19.329926
0 171.559937 402.865021 22.105011 17.899719
