0 183.406662 395.036865 74.770721 71.993713
0 259.517487 596.583984 115.747177 86.832031
0 261.15686 502.595612 42.733337 40.03241
0 370.370392 450.542969 110.746948 89.912537
0 139.649353 617.130615 59.146698 45.738831
0 527.420654 616.592346 79.378998 45.755493
0 348.423096 584.318604 67.618896 63.615356
0 188.924957 593.064575 31.055054 27.487549
0 584.377075 113.49675 92.706177 78.084389
0 77.175781 400.993408 151.886108 223.442383
0 212.600281 481.628479 27.351929 25.301941
0 139.098404 461.586517 55.083679 55.141479
0 35.150265 625.050598 36.092888 29.898804
0 611.59082 333.15918 56.562866 76.9552
0 113.754814 590.177795 41.550034 35.825684
0 206.261353 76.296143 19.994843 18.745422
0 623.098938 487.410919 33.802124 42.00769
0 553.563599 109.330605 33.376587 30.322739
0 63.67485 584.021057 52.12355 48.240356
0 85.676132 621.801636 54.322536 36.396667
0 35.213291 201.935425 37.976784 36.330139
0 89.744537 236.537659 19.414917 18.008148
0 20.914948 569.11499 38.068855 35.02417
0 628.937988 514.609863 15.433472 15.103394
0 177.558075 302.32666 18.282043 16.618896
0 94.602844 566.848389 46.01123 41.000488
0 464.130463 322.577972 39.87616 37.676025
0 92.55748 280.654388 16.959625 16.593262
0 6.818412 617.723083 13.636824 31.329102
0 209.087265 317.841827 52.321533 44.159485
0 593.780457 54.251087 47.148071 42.703651
0 45.931236 605.10437 47.539993 40.608154
0 153.133713 223.471222 19.855743 19.767303
0 503.719482 402.480255 19.90564 20.618774
0 97.645744 557.553955 32.628952 31.347656
0 537.330994 227.108719 66.010376 56.921112
0 448.156006 467.306244 18.807983 17.21167
0 96.040482 550.169861 25.81514 20.866211
0 147.723419 626.787109 53.166901 26.425781
