0 457.227936 296.354248 40.121582 37.085266
0 315.856232 40.693947 48.411438 41.873947
0 412.820831 186.705048 29.545898 27.370026
0 340.28006 23.548801 26.844299 25.350922
0 425.53241 480.373718 41.506226 37.122498
0 349.356873 262.338806 62.999634 58.999451
0 271.08551 104.178894 62.2229 56.971313
0 260.733551 344.289642 33.727722 30.998657
0 99.63063 575.770447 98.272118 76.327515
0 183.597946 167.238541 42.01413 37.650787
0 282.833252 310.303375 49.712158 43.187988
0 395.790497 273.708252 51.515869 47.303833
0 390.725891 323.585602 46.694885 37.579468
0 189.005493 259.093048 30.700958 32.147705
0 286.141296 227.501602 24.282104 22.063446
0 128.736267 285.584717 55.703278 46.547974
0 218.128769 335.25473 42.857239 38.216309
0 225.981995 198.415298 20.890747 19.797546
0 161.232758 258.396149 28.779022 27.22876
0 265.909943 276.329651 32.372009 29.225159
0 81.824272 508.989777 39.268993 30.345886
0 80.031494 232.223206 90.345627 78.539658
0 367.333832 67.533966 24.652283 21.108585
0 249.945267 324.260803 27.201385 23.604248
0 235.890381 164.291122 57.883301 53.268646
0 464.974518 15.229733 61.578125 30.459467
0 72.342827 618.315552 35.701611 29.309448
0 370.473083 418.665863 21.427734 18.790039
0 190.666092 353.49295 22.414093 19.91333
0 22.391468 199.434464 44.782936 48.983459
0 422.344849 56.741409 45.214722 34.996033
0 215.836777 297.014526 69.559967 55.915283
0 62.072731 355.675568 89.043411 80.36554
0 368.824066 297.821808 37.598572 33.718933
0 390.958923 86.926575 23.945679 20.871765
0 319.02359 138.205444 75.161499 70.32795
0 42.96862 276.0755 50.061817 37.355286
0 326.741821 190.162201 26.746765 22.72226
0 571.739502 601.320251 20.616577 16.923828
0 100.818718 181.345551 143.370865 128.219604
0 108.045273 75.080078 30.657074 31.275574
0 192.996613 113.538483 94.714172 79.491936
0 134.847244 632.810242 19.656288 14.379517
0 215.369873 485.158813 34.867371 31.8349
0 462.765503 19.692835 34.069885 26.563007
0 419.953064 45.959343 64.152954 52.590282
0 256.150421 213.511932 37.983902 31.590515
0 322.840698 75.49176 67.695129 55.504715
0 9.719854 360.604004 18.754551 25.392151
0 183.117737 336.31131 28.341522 24.931946
0 254.853516 332.667664 31.103989 30.284485
0 194.884903 271.597931 48.10318 47.042557
0 16.354614 71.523727 32.709229 101.679199
0 616.732849 516.551819 25.603638 23.307495
0 491.688751 56.046474 21.820251 19.496758
0 17.10635 296.859802 33.647606 33.192383
0 28.181519 602.598328 45.614403 37.787354
0 583.884094 539.296692 20.687256 20.689697
