0 182.041641 364.649597 29.985657 26.68396
0 220.648315 47.675049 24.085266 20.168335
0 243.757751 453.218994 26.270279 21.235291
0 167.477371 134.273056 26.337982 24.042885
0 483.519165 598.499207 29.315735 26.952759
0 243.782532 546.989746 326.699768 186.020538
0 110.968948 80.905273 21.919983 20.073074
0 105.669556 540.843872 53.445259 48.117432
0 179.096558 116.479225 98.823456 78.214432
0 253.079041 575.633728 25.808823 21.543701
0 77.024063 613.809875 21.843506 19.69519
0 128.587891 476.663788 41.300774 41.862854
