0 520.231873 67.871529 51.389008 51.183563
0 88.614204 36.746799 59.441509 57.79644
0 265.459656 325.100861 79.997314 73.409851
0 511.377747 248.754425 40.892609 37.974442
0 10.992823 180.49437 21.985645 24.94632
0 38.617165 121.744507 26.154305 24.601349
0 83.590187 173.089371 25.906296 24.842499
0 316.580505 510.284943 64.135254 58.351746
0 336.006287 424.319366 25.439758 22.980713
0 81.204834 119.752197 24.479584 22.183525
0 630.438599 485.096985 19.122742 33.392517
0 487.435944 470.604187 23.576721 22.895386
0 200.800659 436.55603 22.798096 21.80896
0 414.855621 372.251862 25.963989 24.862732
0 59.608932 622.687683 74.79187 32.732788
0 338.405487 471.386597 47.94873 41.613037
0 148.342819 383.204132 22.494232 19.92334
0 534.691711 482.860229 34.92688 31.215942
0 100.95369 595.06012 22.992676 22.571411
0 182.826355 432.62146 22.188202 18.455933
0 608.898865 557.134399 20.763184 18.662354
0 184.996063 457.987 21.707336 18.417603
