0 106.841225 188.28891 37.591522 34.274902
0 537.249695 299.045563 203.412231 203.464539
0 40.858383 48.367355 23.979399 23.096085
0 65.207191 438.792572 25.186432 24.887268
0 481.955048 177.697495 35.917786 34.504974
0 151.490967 192.856979 29.846863 29.06189
0 14.210814 332.000397 28.421629 39.142517
0 471.318817 200.7034 20.580505 20.526337
0 239.932159 263.758423 27.950836 26.078751
0 435.009308 231.603668 26.903381 22.821991
0 405.773407 189.806854 61.679504 56.824432
0 373.59198 238.874786 33.180847 28.294495
0 122.190865 150.239777 25.602859 23.404907
0 426.517975 271.29657 32.926697 32.152237
0 580.293457 30.795341 119.413086 61.590683
0 34.46064 302.843719 20.673157 19.982849
0 162.724594 108.547104 19.731934 17.218475
0 223.010361 65.931358 18.190063 17.454559
0 357.458954 343.397644 17.140198 16.712341
0 243.579697 161.556183 18.265289 16.996674
0 233.389252 98.870827 24.133881 23.891739
0 536.292603 561.029907 22.260498 19.823242
0 478.513977 144.909027 33.991211 31.857452
0 551.246826 521.970154 44.920288 43.081909
0 355.508026 279.722931 17.058594 16.378845
