0 309.321136 455.495422 77.490417 73.433044
0 102.778931 626.235535 34.970657 26.914917
0 330.514862 595.708069 119.065796 88.583862
0 586.907166 339.461121 87.837158 78.678589
0 224.284149 616.625977 30.537292 28.278442
0 79.461624 131.972977 86.520264 76.311646
0 450.582611 199.447144 25.328003 23.256317
0 495.521027 139.469116 35.242981 32.437012
0 116.010803 598.805847 29.413582 27.671997
0 78.832695 478.209229 95.022629 80.150391
0 33.181137 314.648163 32.575043 28.805908
0 415.992126 223.961761 41.81134 40.054626
0 387.431885 178.153915 28.478333 24.940216
0 372.164856 189.134384 24.476746 21.773621
0 449.965973 285.299072 27.938538 24.705933
0 159.795746 404.707092 21.09787 20.320251
0 191.306061 259.892303 29.129822 27.859375
0 22.098198 621.17218 24.491747 23.689087
0 19.723564 569.496704 36.25383 32.188843
0 109.488678 385.813324 33.677231 29.843018
0 127.749039 337.250824 30.893951 26.585266
0 200.914276 136.228912 27.87384 23.987488
0 508.554474 123.509308 37.08429 34.728668
0 473.679749 538.088501 22.494446 19.767334
0 473.722076 55.83717 20.6026 21.583977
0 614.775574 511.377686 24.789429 23.688477
0 55.481522 420.696747 63.407902 54.168213
0 232.556335 532.84082 22.012238 21.049561
0 200.542877 291.827454 50.55658 41.142822
0 460.902985 495.453552 26.735352 23.064575
0 250.747314 624.171875 24.999756 22.984619
0 490.724731 204.366577 30.550476 28.673187
0 604.445374 633.782593 23.578613 12.269287
0 17.528418 212.707626 28.326145 26.338898
0 511.503082 518.263611 23.016418 21.479706
0 72.881393 627.329163 26.607147 23.908447
0 627.125183 629.958313 24.220093 18.869629
0 135.860764 285.128021 24.517616 24.436707
0 378.22522 557.116821 21.789734 20.175415
0 396.79538 504.158752 27.357788 25.037964
0 264.0336 203.019165 30.757431 28.828461
0 184.764923 309.922699 25.860046 24.081299
0 483.047546 317.751801 21.208618 18.464233
0 319.822388 221.201294 29.622681 28.78894
0 238.302032 220.96312 28.508179 27.046478
0 598.932983 7.189145 27.160645 14.378289
0 392.925751 164.859314 21.377625 19.177338
0 128.908905 310.003632 24.197517 22.947571
0 504.57605 102.631859 25.615112 22.724228
0 86.393387 334.913422 27.130905 23.889832
0 112.298615 185.311432 32.998695 29.707581
0 239.454712 374.719238 19.268127 19.076172
0 207.756012 179.337708 24.996552 23.522705
0 524.252075 470.129852 23.980713 23.03241
0 586.323181 513.698608 31.550293 26.579346
0 275.287598 566.528198 27.950928 23.758423
0 228.868011 263.061707 31.27652 27.262451
0 575.610352 280.963074 17.724487 17.44342
0 441.705719 335.026825 27.503357 24.874878
0 501.747437 237.172928 29.91214 27.574066
0 128.275925 621.565918 19.44519 18.318359
0 164.959015 6.13005 30.401581 12.2601
0 356.551788 342.996765 39.423828 34.243469
0 134.521118 60.705925 21.077332 19.452862
0 190.0784 167.177536 22.603851 21.619171
0 261.419434 191.854523 35.07605 33.110931
0 234.149902 598.345093 20.109772 19.749146
0 380.034546 185.686218 34.3125 28.310944
0 222.007996 498.111206 20.112549 18.769958
0 233.162201 179.478058 22.891571 19.632507
0 147.647095 320.481354 24.790161 21.887207
0 580.509827 391.342896 22.330811 18.676758
0 9.622784 516.025574 18.483509 18.816895
0 210.756378 514.493042 22.108521 20.392212
0 24.170174 109.406387 28.0867 25.588226
0 496.038635 542.663574 22.409485 20.513062
0 12.517317 536.685364 25.034634 37.254272
