0 186.636398 393.494446 59.312897 53.513672
0 280.305359 411.302429 66.06604 61.985168
0 74.151062 236.312943 49.072174 39.825287
0 127.776558 364.261322 67.563278 60.697205
0 283.547821 334.277222 125.334473 99.064697
0 237.630905 228.375549 84.255951 73.212036
0 188.560516 562.282654 155.180374 132.002533
0 349.299011 292.664948 49.320801 43.476868
0 132.673523 216.265488 64.427429 53.477783
0 97.111328 324.145905 50.363403 43.394653
0 138.911972 305.160278 36.803673 32.382324
0 69.846802 360.990417 51.554443 44.745728
0 227.469955 419.251892 47.593811 43.150574
0 132.526947 488.955322 46.831512 40.503601
0 233.633224 459.409698 79.155243 66.634155
0 79.72261 411.406647 34.440647 26.031006
0 65.279556 265.718018 50.077728 39.954239
0 116.910942 461.918304 31.323563 30.665955
0 341.043427 411.660797 43.002808 37.210144
0 347.297699 371.246674 49.540527 47.940063
0 176.134644 264.479218 77.26239 74.156433
0 96.233101 558.513123 73.774673 73.94873
0 164.794861 154.849884 91.896614 78.535187
0 30.050816 486.603394 36.019081 31.408691
0 126.228043 264.722931 33.279884 28.785751
0 34.600693 234.184219 69.201385 81.872894
0 431.20575 146.884674 332.159546 293.769348
0 316.006989 632.907227 24.678711 14.185547
0 109.221809 293.525787 31.526993 28.131653
0 142.083527 451.719116 34.084526 30.07843
0 6.411232 402.05777 12.822463 30.446777
0 308.282471 379.619446 42.64209 36.750916
0 110.590424 347.623596 67.411224 63.53894
0 358.886993 397.240143 37.480042 29.011475
0 513.901611 315.458832 38.707855 32.390503
0 99.42511 82.930367 37.529816 37.305405
0 213.285477 307.845276 25.794464 26.820374
0 451.167419 184.200668 25.634583 22.859344
0 81.995132 16.778097 42.385254 33.556194
0 267.491486 372.729156 36.110229 35.739258
0 183.802826 436.52301 43.900574 40.574158
0 189.487198 200.739349 56.622406 47.025452
