0 540.589233 395.33374 33.321045 31.565186
0 555.296936 473.581329 33.068115 30.443604
0 80.077194 594.234314 36.936462 36.092773
0 551.063843 435.126343 21.141724 20.877991
0 471.882416 472.922638 20.146667 18.702026
0 122.785187 580.118591 42.065857 36.63916
0 195.514236 634.503784 20.932617 9.675049
0 49.671783 617.519653 42.427902 41.07373
0 90.740891 587.191833 63.653198 39.813843
0 149.58046 632.141724 25.209229 15.716553
0 136.13945 263.127869 19.473419 18.874084
0 529.785828 536.983704 22.462769 20.206055
