0 193.82428 264.976013 142.521988 115.870239
0 548.447266 479.745056 118.418091 108.117035
0 421.455994 443.681366 34.151367 29.817688
0 477.506897 232.43811 33.407227 30.332397
0 605.92627 269.507355 31.513428 27.862808
0 203.688217 242.693802 26.194397 24.977753
0 275.299774 542.582642 323.774841 194.834717
0 210.271957 333.520294 25.291779 20.832458
0 408.036865 42.171356 160.328979 80.337067
0 527.912415 93.859177 30.390137 26.779083
0 541.292297 254.894409 28.67395 25.30658
0 571.946899 387.593201 25.509521 22.501282
0 103.75267 556.942932 42.542709 38.630981
0 568.924561 302.625336 24.491699 21.042847
0 531.368652 339.470123 22.474854 19.152344
0 405.663269 348.243469 24.032837 20.970215
0 569.211548 101.470154 28.376953 26.400024
0 516.211792 351.471558 24.020172 20.955444
0 592.021423 81.565857 27.818115 26.346664
0 443.645721 631.78833 33.365906 15.718384
0 497.767181 48.401878 23.694397 22.096657
0 546.864136 11.972563 41.978638 23.945126
0 471.306824 535.3573 22.735718 20.761475
0 492.405823 384.036499 21.590088 19.1203
0 458.196411 296.944946 22.977478 20.178772
0 550.416809 233.162094 19.779419 18.974457
0 630.679626 120.429977 17.414307 18.759193
0 551.462891 348.503876 22.270264 19.304504
0 522.785278 346.26004 30.811737 25.190308
