0 172.483673 536.256714 32.672058 26.149048
0 502.329346 624.346741 27.760284 24.939941
0 538.271362 15.744675 45.336548 31.489349
0 314.38559 486.471649 26.713379 23.759216
0 46.317406 456.009003 35.449879 34.494324
0 219.000504 23.770287 22.651489 19.870745
0 149.17926 460.735779 31.555817 27.603821
0 426.45929 466.608978 20.934387 18.664185
0 337.071625 551.89386 23.75647 20.942993
0 369.014832 627.153503 44.321411 25.612915
0 432.30777 338.073853 22.115234 18.897156
0 319.133423 557.665527 22.182434 21.761108
0 24.91835 496.72403 20.428047 18.509888
0 393.291595 614.004761 24.184814 21.959351
0 209.788727 111.028221 27.226624 22.706635
0 223.991608 602.273315 24.411041 22.606567
0 277.422821 259.49826 142.806961 142.218079
0 128.474503 585.427856 33.432648 27.855835
0 225.920731 462.351959 43.356201 37.359558
