0 393.164246 137.352509 169.186951 147.259155
0 536.451233 139.052872 96.373688 92.193031
0 169.450745 511.358948 179.832275 167.261505
0 196.895523 212.827606 93.746887 89.687439
0 319.550323 466.446747 27.461914 25.527405
0 284.170105 35.101402 172.972046 70.202805
0 483.545227 452.617401 71.018188 69.959595
0 347.896057 630.926575 28.145874 18.146851
0 617.109802 477.593719 20.054077 20.148743
0 580.663269 306.672516 28.542603 25.530273
0 508.057373 208.948303 22.077881 21.299866
0 403.426727 59.954475 28.030334 24.499691
0 344.922729 244.065338 30.089172 27.313538
0 584.581421 365.125122 22.099243 21.398499
0 413.256622 340.476898 22.84967 21.699219
0 583.240356 174.601181 22.803833 22.85022
0 226.966568 164.458054 29.721375 27.678864
0 418.320312 466.578735 68.231201 64.852295
0 261.171936 90.043152 48.608337 43.002335
0 435.786865 402.392883 80.895935 71.494934
0 56.136932 293.649048 19.251923 18.116272
0 522.858826 279.738892 75.629761 71.713257
0 340.963837 605.582703 19.459778 18.38501
0 566.789307 404.835114 17.901245 17.448425
0 591.379028 575.315735 35.358521 29.72229
0 412.442932 159.514938 24.430115 22.070801
0 591.5271 77.330627 18.90271 17.178757
0 555.49469 534.824402 65.188843 59.941772
0 501.739868 379.442596 72.207062 64.603821
0 581.874207 13.164742 18.835083 18.925426
0 384.39447 572.095642 28.743103 26.392334
0 236.97937 262.928589 100.458115 78.095718
0 554.40509 209.506561 22.539307 22.083984
0 331.930054 223.240433 19.237732 20.434387
0 561.991943 627.292419 42.734253 24.631836
0 109.755341 428.187103 108.261909 87.802795
0 472.707672 8.150317 20.848145 16.300634
0 202.063828 153.259811 25.096069 22.996155
0 179.647461 608.398865 17.775635 16.887939
0 120.296295 573.801941 21.127411 19.999023
0 610.139465 84.313232 18.921387 16.38884
0 523.566345 217.163071 18.879395 16.591461
0 626.727234 6.24673 20.962891 12.493461
0 57.604809 526.221558 115.209618 175.953125
0 566.68457 268.597412 34.699707 32.14624
0 483.065796 96.272697 40.37207 36.682373
0 556.642761 310.113068 21.797852 20.676086
0 299.389374 83.791046 31.506348 30.026093
0 493.106567 215.794937 114.010712 98.589081
0 517.491089 79.244133 19.754303 17.067154
0 551.707458 219.203049 22.621216 20.602966
0 277.794891 187.080261 100.008652 92.779449
0 350.9505 491.194519 77.513 63.587372
0 289.122742 596.083862 186.454727 87.832336
0 449.388397 571.236816 16.331177 14.145508
0 509.955658 225.289581 18.207825 14.766174
0 549.837891 257.50589 15.362305 14.406998
0 228.682831 66.816093 36.62735 34.289276
0 331.677246 313.621002 16.526978 15.506958
0 119.776779 14.068241 39.220184 26.245331
