0 572.271118 455.097443 134.614105 144.435852
0 308.701874 358.741425 26.659851 25.268372
0 174.812103 278.241577 27.854187 26.245239
0 46.244152 130.29541 30.155388 26.916504
0 359.597595 339.279297 57.189148 55.667969
0 387.479767 479.904907 27.131531 24.33844
0 159.796036 177.496414 30.682983 27.971252
0 96.272743 49.37067 35.307373 31.537041
0 208.143585 198.286377 36.805389 35.76297
0 352.168915 230.278931 55.741516 47.966858
0 181.106979 217.524445 35.854431 31.830658
0 76.12133 133.134613 27.688763 23.522736
0 453.835083 330.110107 22.770569 20.21344
0 181.832977 483.989624 330.862488 292.595703
0 631.152161 157.288864 17.594604 39.278717
0 434.479675 6.113274 24.110474 12.027012
0 528.376953 282.507141 21.641724 19.414917
0 539.981445 555.934021 22.440796 20.414429
0 493.415619 503.961426 65.450378 62.415924
0 415.120941 238.759262 23.873535 22.915344
0 60.992432 39.891212 104.901871 79.782425
0 79.285965 100.8834 18.101608 17.427658
0 254.972748 297.111023 123.223923 108.224228
0 437.250153 378.541412 151.704285 145.466736
0 436.16333 262.694031 32.337158 33.768295
0 101.901703 133.266708 148.252106 124.797516
0 496.607361 80.286972 17.992432 16.465912
0 172.692886 50.226059 100.616638 88.840515
