0 219.731262 322.379425 99.457825 90.352783
0 65.791145 537.098267 30.592392 28.15625
0 613.323059 623.103638 23.328857 22.020264
0 104.287781 75.671745 32.001465 31.586651
0 191.945236 190.575974 22.3396 20.213074
0 49.000771 58.372093 22.223862 20.026581
0 201.715652 100.901314 66.878571 60.887253
0 380.000092 512.642517 31.142944 28.444305
0 451.934662 575.353394 18.90564 17.704346
0 579.402283 110.894539 37.279297 28.479507
0 595.812561 78.179199 46.728149 42.322296
0 123.372482 608.731628 37.110596 32.953857
0 11.878977 137.5233 16.025242 16.531494
0 62.039581 227.630585 73.894409 66.94313
0 126.733391 308.850769 26.559464 25.992126
0 632.060059 24.839626 15.879883 35.754173
0 587.436646 223.59671 40.716553 36.375549
0 3.941724 282.265472 7.883448 20.077454
