0 455.100037 300.27951 28.865295 25.737549
0 379.452576 333.712341 56.885376 49.636536
0 143.243469 412.078217 25.03064 22.010681
0 13.146996 277.662018 26.293991 34.899597
0 35.94891 351.116608 27.817389 21.957214
0 492.493958 495.760193 27.521362 22.586121
0 462.97287 228.710312 21.003784 20.119019
0 106.939651 419.884583 23.638245 19.002441
0 529.011719 449.742645 42.094757 35.467773
0 36.923531 210.934982 44.463104 39.802063
0 300.546692 541.634521 33.777527 32.195679
0 599.008301 596.425903 24.2771 20.670288
0 492.725739 323.53949 32.613464 29.697876
0 232.696457 627.666138 29.517456 22.500122
0 56.155502 33.675705 23.576172 23.280489
0 159.901718 451.551208 22.32959 21.170532
