0 437.967072 329.362885 37.384216 36.429199
0 252.356506 387.198059 34.700455 31.062439
0 368.376587 225.056015 48.165222 42.077118
0 122.064529 33.60931 39.920227 38.634026
0 402.330536 628.290527 42.335693 23.418884
0 552.309998 479.508209 37.610718 34.360229
0 11.621305 453.12381 21.324429 22.749268
0 383.075684 171.848541 49.884583 45.053619
0 169.703644 69.100746 34.394165 28.822895
0 118.481583 567.436157 27.478706 25.556763
0 267.017334 583.982117 43.904922 40.052002
0 376.043976 535.816223 36.332214 33.292725
0 37.142982 87.563293 69.54866 65.187012
0 396.86911 303.743835 156.941956 145.409729
0 181.136429 17.284046 54.764893 33.499275
0 453.563629 486.211029 186.973816 178.477844
0 183.795197 48.392815 33.397675 30.303299
0 535.143066 374.5867 35.064697 28.973572
0 574.857361 339.612762 26.109741 24.476196
0 389.137482 203.232697 25.28949 22.477295
0 500.05957 301.442352 86.03891 83.321777
0 582.146057 361.271088 32.906372 28.862976
0 160.124939 482.433197 28.080872 27.583008
0 135.103775 319.312714 25.195198 22.199158
0 457.678162 560.281494 41.411987 38.639893
0 28.646309 571.188599 35.01088 30.933716
0 232.823914 551.065674 23.523956 22.293091
0 423.321503 62.444988 22.24585 20.178886
0 175.228149 179.236374 23.380676 21.378693
0 15.581865 10.755895 30.488819 21.511789
0 58.499378 275.267578 23.877037 21.039978
0 58.157143 400.298279 116.314285 119.555786
0 440.803314 554.691528 77.071655 64.575317
0 490.692932 258.487457 43.768799 39.503784
0 69.137634 51.783119 20.039371 18.40226
0 567.018494 27.224518 22.075317 20.510633
0 213.224396 61.993782 28.239838 23.413834
0 270.815582 535.577393 21.999695 20.23584
0 539.654419 351.291992 51.963989 45.169189
0 197.1138 365.702209 167.734009 148.946045
0 624.85498 614.690552 30.290039 44.152588
0 73.590263 634.209351 23.11665 11.581299
0 9.736891 60.629692 18.269135 25.870331
0 581.371155 412.319305 117.25769 149.149841
0 288.075806 315.304016 42.277954 39.470459
0 143.160675 165.135834 19.934723 19.943878
0 260.145416 505.040283 27.550354 22.088867
0 600.99054 602.321899 24.454102 24.230225
0 243.198669 616.960144 85.558243 46.079712
0 417.684296 441.461182 17.602173 16.636597
0 117.516647 469.714752 20.983101 18.470825
0 264.176086 454.597107 20.460037 18.373718
0 501.862793 321.459106 66.934692 57.854431
