0 158.367371 403.009064 135.884094 125.131287
0 86.650055 567.346802 35.587555 33.532471
0 516.656616 567.372803 25.854645 23.557739
0 611.231384 253.573029 31.974487 28.834763
0 63.796288 86.611832 23.396626 22.927063
0 296.185333 531.714661 60.888977 50.748413
0 591.710388 270.573669 29.26001 25.346497
0 618.532532 272.899292 24.448242 23.335571
0 17.546017 138.694656 35.092033 39.745811
0 386.359558 467.043701 57.582642 52.140808
0 538.408508 260.711304 20.350586 19.560974
0 521.292664 180.214783 25.825104 24.522308
0 349.930328 129.613953 61.31134 54.768738
0 96.979317 299.661926 193.958633 210.289734
0 5.171625 170.568665 10.34325 42.42981
0 510.508972 161.48526 19.512085 17.570526
0 316.335297 358.513489 17.896423 17.090637
0 257.687347 369.783234 20.926254 18.71405
0 78.882263 396.294525 37.430161 35.942566
0 472.252106 140.347061 32.412354 29.305908
0 457.922455 629.505005 17.427307 15.026611
0 551.619629 181.022614 17.826904 16.137329
0 180.373489 299.123932 47.578522 44.649231
0 299.764679 315.474548 18.18457 16.474915
0 217.26181 617.085815 88.811584 45.828369
0 394.580505 627.791931 41.696655 23.288574
0 554.453186 535.273315 18.459229 17.344482
0 629.171997 294.972931 21.656067 25.406189
0 250.404907 466.574615 15.199753 13.56366
0 593.211182 52.699787 19.238037 18.032722
0 394.695282 96.262474 46.96228 41.89212
0 388.231476 617.930359 34.428467 30.589478
