0 206.126801 237.898804 186.119995 168.775513
0 348.799347 337.18512 98.976562 85.477661
0 486.024445 481.392792 120.850769 104.77533
0 583.535156 347.545654 53.185547 48.179443
0 323.381042 570.613159 60.508667 58.421265
0 581.605957 539.465027 86.565186 74.327759
0 373.579102 249.070496 93.336487 79.689926
0 386.745209 13.198673 28.987488 25.378143
0 151.128235 59.417938 219.351196 116.952209
0 237.162704 434.585297 52.645416 46.649109
0 412.300873 36.205521 39.984558 37.431549
0 225.10585 561.363464 42.190948 39.447632
0 495.873932 551.915039 31.505371 26.398682
0 342.631409 201.347015 54.460144 50.625153
0 362.572235 483.349823 47.270691 40.844604
0 406.00882 170.625153 128.441895 114.216095
0 615.2099 471.162354 33.575928 33.917969
0 523.33197 264.532623 93.392944 92.3349
0 515.612549 22.226612 23.90152 19.826942
0 592.702698 433.232819 21.577759 19.826965
0 195.229172 419.762634 35.679169 31.273376
0 504.869476 103.528748 51.288025 46.783569
0 392.547577 52.957558 21.684753 20.483299
0 556.396301 381.361725 48.949097 44.114685
0 268.488159 585.724182 49.091293 40.639404
0 474.072662 581.578186 63.190979 54.609009
0 572.658325 500.188965 53.875977 45.688599
0 317.743256 465.499512 79.406311 73.439453
0 16.942772 70.860176 33.839752 49.809219
0 314.667908 488.738495 53.669556 44.122192
0 378.275055 456.07486 44.500061 39.826904
0 76.709579 553.894531 151.85672 144.339722
0 613.081116 604.688477 52.675537 68.323975
0 193.107452 148.507431 30.548798 26.707214
0 454.024658 628.48877 32.34668 20.329102
0 625.826843 365.666992 28.346313 37.343628
0 612.467407 91.350281 51.890747 43.483994
0 341.414764 531.96051 17.954285 17.472656
0 507.539307 434.220764 19.385254 16.467651
0 303.847656 279.093231 20.338013 18.295715
0 30.388596 203.823959 59.817535 88.584808
0 550.170105 600.083923 21.559692 20.705322
0 558.001587 92.396103 39.595581 35.227356
0 628.78302 495.183197 17.147095 17.637634
0 436.126282 199.134033 83.375061 68.348969
0 566.824036 201.45842 61.450562 57.613647
0 20.302906 60.636192 40.605812 83.761536
0 617.276123 249.278931 42.599731 38.964722
0 313.083679 229.3638 39.404297 37.131744
