0 227.796265 430.683441 123.076035 117.941772
0 273.503052 264.787537 60.897217 59.021591
0 514.989014 321.703674 194.621796 192.626587
0 155.94313 526.842896 29.637421 27.933105
0 415.281708 346.977295 61.865601 56.591797
0 346.994385 356.515594 79.459045 68.910339
0 495.738953 124.386734 65.139282 61.724571
0 78.542946 52.337788 29.280334 27.347343
0 136.01059 416.149139 39.094818 38.370789
0 275.994598 599.69165 43.335495 38.91748
0 93.423477 593.745117 33.063766 29.03186
0 537.152954 107.134407 34.531982 36.03447
0 62.822021 247.841125 44.6353 41.128967
0 594.866821 137.191055 27.200073 24.502357
0 242.162048 620.281982 44.282516 36.339111
0 45.856476 410.867096 54.612179 52.056458
0 286.049622 563.89801 35.014954 32.140381
0 534.025818 494.106628 136.864258 138.095306
0 323.838409 630.708801 58.786926 18.582397
0 202.952454 413.671326 43.694916 43.223633
0 429.397003 520.469177 275.001892 239.061615
0 231.095566 321.546967 43.604645 41.110046
0 390.85849 28.457954 27.715271 24.823654
0 66.024048 455.979431 27.568943 23.100281
0 201.61145 545.245972 38.496857 40.230957
0 255.996643 507.976349 19.265732 19.813538
0 125.885139 278.875275 90.431717 90.601013
0 197.40712 322.995789 28.619385 26.044495
0 199.614029 595.812622 41.071747 35.636108
0 306.54303 584.894409 29.093933 27.740601
0 57.061569 307.023804 78.360504 70.637695
0 205.746796 529.407043 27.922852 26.567871
0 458.576965 199.494995 22.188171 20.414886
0 164.891891 93.933655 23.467926 21.208694
0 176.505493 209.257431 21.043762 19.713501
0 6.332812 494.718323 12.665625 37.481049
0 303.335846 149.040054 28.058899 25.16571
0 472.640869 59.359619 21.442444 20.752628
0 406.779755 489.687073 23.152405 21.968689
0 95.803207 428.709381 60.618256 55.355408
0 131.429901 163.518509 83.300598 71.673012
0 422.61911 86.48439 20.351868 18.926422
0 212.405472 237.128479 18.907806 18.056732
0 534.35376 17.980396 24.565918 22.323803
0 88.019867 26.314526 31.176071 28.740194
0 445.621155 25.49564 28.409546 25.096949
0 628.139893 441.893127 19.670898 20.074585
0 50.587524 153.338486 23.76741 20.928925
0 389.45697 251.000061 35.55304 31.832809
0 360.761597 630.894287 29.805786 16.616821
0 378.841492 313.061005 43.558228 39.358398
0 260.724091 162.429047 23.080688 21.178162
0 511.682831 25.612463 20.528137 17.967503
0 161.898743 466.772247 41.426178 35.445862
0 10.576569 438.796814 19.289818 19.971069
0 418.590698 402.055664 45.115051 38.760193
0 366.174744 207.702454 20.515442 18.380493
0 617.057434 348.100098 24.009033 26.337769
0 52.627541 331.724335 47.185318 37.038757
0 518.139343 71.480797 22.653839 18.329239
0 18.660486 13.323695 18.866009 15.657751
0 4.549488 456.329956 9.098975 23.297913
0 19.023048 151.612503 38.046097 92.542999
0 438.028931 624.292664 69.501831 31.414673
0 512.641785 174.973953 19.747833 18.584442
0 367.003662 9.812927 51.629089 19.410179
0 507.526123 180.955765 28.203247 26.474701
0 168.422379 468.391602 27.420837 23.797119
