0 610.229431 474.158813 59.541138 76.595245
0 387.931732 50.752281 148.664978 101.375565
0 504.782837 249.645416 262.335419 250.905884
0 223.335144 508.666504 23.705505 22.614166
0 28.675224 543.044678 57.350449 74.052765
0 571.344055 614.595764 118.411987 50.808472
0 211.708679 421.461884 36.249481 35.504761
0 337.049194 431.523163 35.799683 34.675598
0 347.926147 459.140381 29.031189 28.873901
0 131.490097 372.195496 51.044838 50.261963
0 141.984268 170.312897 28.857452 27.484406
0 277.842834 503.892151 31.174744 29.70163
0 234.056641 33.616974 156.825821 65.011551
0 565.870483 566.296448 23.860352 22.216309
0 386.907043 448.520264 26.800903 24.930176
0 629.261353 427.22522 21.477234 35.367188
0 518.195435 526.061096 23.342896 22.785522
0 352.028992 574.003845 36.401489 33.667725
0 164.182938 536.967041 16.980957 16.562988
0 505.502228 511.991699 26.283875 25.013947
0 267.810364 426.687225 81.260239 72.151062
0 308.819366 538.311096 44.946472 42.047852
0 62.588043 72.05188 123.562775 141.081238
0 194.314789 403.672974 21.898193 20.460754
0 167.031113 497.887421 41.229034 37.73822
0 527.31427 457.983337 70.876709 63.182312
0 462.454285 108.288689 57.034973 55.553604
0 145.680099 607.523071 19.226379 18.664429
0 382.942627 132.833755 108.763428 98.867645
0 15.419867 606.105225 30.527958 31.706909
0 97.164772 326.4039 39.244064 36.150452
0 392.18988 607.499451 26.955994 24.916626
0 594.5849 429.480133 35.490234 30.666931
0 211.613586 532.43988 25.349884 22.82312
0 20.4571 570.437622 40.9142 43.327881
0 552.274597 431.731689 49.523804 45.526367
0 277.100708 634.564453 23.01001 9.716309
0 88.240662 573.125122 62.696442 58.09314
0 161.577164 489.823425 29.787445 27.693298
0 623.534607 393.80658 25.149292 24.046631
0 23.606808 483.741272 36.982712 36.098755
0 254.658966 433.976318 50.260788 47.094727
0 254.152313 134.009933 22.568802 19.587189
0 344.353577 449.39389 31.98175 33.029297
0 436.645233 579.406067 21.143433 20.275269
0 335.665558 560.854126 21.105408 19.995972
0 61.849174 619.398804 44.660583 36.956909
0 339.684448 382.82489 20.295471 18.508301
0 208.955887 616.327637 114.011078 47.344727
0 45.786888 373.136353 29.604485 26.601318
0 161.396835 46.030903 34.184662 31.215126
