0 229.544067 532.869568 165.007584 139.502289
0 370.561462 258.225159 114.811829 90.182068
0 254.349487 198.32515 64.174133 49.230988
0 116.360161 481.714905 31.605484 27.340881
0 297.067322 567.304077 34.397278 31.272461
0 194.517334 368.078247 32.207825 27.323181
0 329.91507 180.892242 31.064148 25.623718
0 249.568634 238.471542 28.577957 24.283936
0 448.495972 405.132294 29.127747 25.845642
0 313.175842 610.823486 27.491394 25.446899
0 204.696457 88.654831 75.268585 73.824249
0 614.422974 23.369534 26.650879 24.528849
0 319.108521 501.807678 22.93512 23.534515
0 398.942566 631.285339 26.427673 17.429321
0 91.698944 445.014099 50.730225 46.862549
0 96.679222 188.432678 30.253983 30.402588
0 264.21347 91.505249 25.321976 23.745804
0 112.255417 613.757263 153.526581 50.529907
0 191.515472 188.377747 48.851715 39.345398
0 249.871826 444.12616 27.829041 30.080261
0 425.504669 425.930817 28.704834 24.861206
0 394.09082 18.272022 22.067322 21.069511
0 408.79129 602.959045 41.326965 34.572388
0 117.67289 399.756531 62.723862 55.719177
0 398.915588 191.105057 27.346497 22.125488
0 480.335052 426.439423 260.356018 264.063416
0 202.032593 138.797882 35.192993 32.160988
0 431.536774 72.910446 21.762451 19.147034
0 35.911076 582.954468 25.378609 23.372925
0 510.352844 467.805969 24.241913 23.971985
0 364.247162 81.29071 20.612488 19.997177
0 210.952515 35.91468 80.295227 63.79953
0 492.534576 17.678349 35.525757 34.599983
0 321.166626 556.046204 21.158997 19.82605
0 254.108063 58.40659 21.038712 18.431068
0 371.153412 447.808624 20.207581 18.416077
0 165.114273 132.514221 33.32959 33.583252
0 459.505951 36.265614 30.748962 27.677193
0 105.818085 123.973724 211.636169 247.947449
0 587.639526 583.636475 104.720947 112.727051
