0 579.588257 522.279541 96.052368 91.034912
0 481.027527 296.438354 97.613037 89.281998
0 393.456451 455.771851 41.995911 39.627502
0 615.114807 278.548523 29.219482 26.287781
0 395.230591 630.350464 25.717529 19.299072
0 74.84903 511.314209 41.782028 37.051605
0 375.881683 428.440582 27.26239 24.775024
0 322.17218 330.920135 24.208618 23.317017
0 555.463013 27.24358 36.553955 32.670792
0 186.478134 559.741211 22.594849 21.387939
0 109.263428 349.928284 29.780304 25.198059
0 292.0784 386.565308 22.767883 21.497009
0 27.309856 436.609741 32.941414 28.76178
0 134.696106 515.982361 22.544952 23.437897
0 106.403122 381.146759 24.307922 22.011292
0 444.797852 405.644775 26.760803 22.333618
0 545.672241 123.257004 20.851807 19.302277
0 21.784138 632.773987 23.5077 14.452026
0 340.633148 111.202789 22.558105 19.867645
0 586.685242 120.096848 20.916626 18.766533
0 30.981009 302.600677 18.526386 18.33075
0 179.185318 300.961761 24.293549 22.415405
0 600.334961 294.583832 21.959961 22.057495
0 152.364807 171.40007 21.609985 21.686157
0 250.606232 221.129944 21.286484 18.410461
0 120.427567 535.09552 24.242584 21.811279
0 543.928406 186.761627 54.600342 45.024414
0 515.210815 168.363632 22.632416 21.646637
0 72.294785 599.611145 21.27034 19.203491
0 78.347916 431.22644 26.779846 24.463257
0 592.643616 13.870664 54.619629 27.741327
0 451.892609 518.163269 22.352356 20.884399
0 529.103943 433.613403 30.9104 25.924805
0 303.256012 91.832169 19.925659 18.732925
0 36.911404 579.163696 25.185631 22.662964
0 604.71637 392.79718 50.921753 35.266174
0 53.804718 344.444275 19.343971 18.079407
