0 488.81604 72.813522 108.184906 100.068787
0 353.454956 139.003891 193.869263 147.113007
0 135.434464 49.577919 31.816093 28.009018
0 99.070213 307.830658 44.691025 39.294983
0 451.96286 299.535919 61.370117 55.362732
0 432.646881 246.977081 44.996094 40.399185
0 314.174744 307.175201 38.937012 35.026062
0 592.176636 88.191696 95.646729 123.614502
0 58.682121 470.826752 82.94725 77.505493
0 378.982819 263.776855 30.954285 26.923401
0 531.904663 334.28656 39.269287 33.144775
0 267.089661 416.47168 82.196106 65.10675
0 611.200562 533.139954 26.626465 23.55603
0 160.7453 333.220062 24.05069 23.5401
0 319.03421 16.027523 58.13739 31.611732
0 437.630554 69.22052 30.043396 29.164383
0 102.145905 215.409668 48.202454 37.638245
0 460.370422 409.258118 73.986938 70.299133
0 582.992188 580.88147 83.838135 79.296387
0 342.331635 72.553711 50.04364 46.665787
0 614.925232 229.415512 28.843994 24.056946
0 130.82666 153.986694 32.587807 28.376678
0 521.152405 580.626404 38.18222 34.251709
0 62.203354 362.643402 38.130981 34.237549
0 611.091064 330.526855 35.531982 32.715759
0 472.697266 630.542603 35.67157 18.914795
0 10.111403 511.989136 20.222807 25.85965
0 536.524109 108.877655 25.169312 21.07103
0 500.327087 565.896545 39.071289 38.99646
0 433.262634 280.185242 32.982239 30.110657
0 169.319534 219.673264 27.656891 24.20578
0 345.201752 239.050568 25.70343 23.762177
0 526.710632 525.87384 35.359131 32.584229
0 282.262726 451.602692 19.577454 17.954102
0 401.643463 12.919614 31.446716 25.839228
0 611.876404 256.800049 56.213623 52.822754
0 190.463882 264.222656 26.244995 22.169083
0 142.75032 311.782227 39.290497 35.076538
0 113.247345 166.177826 46.347038 34.825928
0 499.655518 611.99646 55.941528 47.900146
0 171.108994 137.21077 36.309052 32.680817
0 539.729309 623.886108 89.481079 32.227722
0 316.725189 33.745605 30.146179 25.41555
0 402.57547 54.686241 52.596802 45.124866
0 415.758423 25.510326 29.171753 23.709343
0 621.96875 291.343719 27.171509 25.737488
0 314.853912 461.930237 38.543457 34.849609
0 578.58197 629.494873 46.455078 19.69519
0 277.58844 323.526459 35.173584 31.310852
0 385.486084 31.312645 19.148315 18.711784
0 622.372253 500.262817 29.399048 26.206787
0 32.619148 402.039185 45.178215 32.466064
0 279.195343 82.109116 32.544189 30.00853
0 559.755127 310.494751 61.196777 51.998474
0 388.626801 96.295067 57.225464 52.803528
0 340.513733 500.685059 256.684082 189.645508
0 271.622772 376.921692 28.960815 24.069763
0 130.100113 240.386749 34.325111 29.519836
0 39.813114 342.629059 30.847786 29.230103
0 88.922867 567.921997 114.092072 107.27417
0 325.342682 422.174469 21.233093 19.527893
0 355.905212 387.485718 35.165527 35.771423
0 478.471954 489.348602 27.02771 28.111389
0 395.655823 486.68573 140.489014 125.386322
0 511.575195 573.281372 42.990631 39.408081
0 601.368408 291.388702 59.470459 50.050964
0 96.523376 342.473633 26.563431 23.804138
0 594.152893 71.325577 26.669434 22.151962
0 329.353546 570.855591 23.552185 22.90979
0 5.613233 377.906403 11.226465 29.501587
0 168.24559 438.092377 26.739716 23.689819
0 192.45166 68.751564 21.87207 20.201279
0 515.49176 516.253296 49.394287 44.89798
0 570.121277 338.613556 37.305786 30.65387
