0 614.940369 564.521851 31.830444 28.612061
0 79.129684 95.616005 70.40007 65.389023
0 566.944641 13.012005 32.15979 26.02401
0 590.05542 195.659454 99.88916 142.031433
0 327.631195 341.822876 35.122864 32.899231
0 144.782593 46.723289 53.027771 46.866333
0 94.309837 259.855682 39.512589 38.153809
0 211.185043 517.219666 28.064026 24.281036
0 376.442139 414.897156 25.027405 23.185547
0 418.742157 141.917969 33.335571 29.618256
0 246.130341 516.727844 23.628311 22.225098
0 270.394623 388.178192 24.96759 23.085632
0 325.18573 132.689987 44.687256 39.328156
0 255.538574 297.359436 47.600769 42.765747
0 199.658539 430.765045 43.322968 39.4422
0 330.486908 506.354614 23.839294 21.906952
0 266.907227 513.994812 23.452087 22.528198
0 599.913452 506.5672 21.437988 19.783173
0 614.731995 13.027559 50.536011 26.055119
0 214.823349 43.831696 38.824188 37.365723
0 498.174591 578.6521 20.841431 18.904663
0 47.523975 125.771515 22.613617 21.348534
0 201.087723 264.615997 46.2901 44.284546
0 427.110352 59.516178 177.144806 119.032356
0 272.862579 178.858475 27.270203 25.882843
0 529.554199 45.028214 20.634155 19.499893
0 20.839664 85.851242 41.346519 47.434448
0 419.243225 579.621765 18.053467 15.619507
0 48.586826 91.105942 57.337624 55.253117
0 291.596558 410.152039 21.871643 19.036682
0 18.696239 157.425476 37.122887 61.93866
0 294.996063 436.898651 21.736389 19.136108
0 186.348907 633.43988 20.890747 13.002563
0 588.417664 293.636414 34.812256 31.806091
