0 291.363495 425.313812 90.129395 85.435974
0 44.066723 110.512627 32.260429 27.721283
0 522.464355 99.654411 44.014648 39.139374
0 436.189301 185.570724 44.469666 38.473206
0 425.329987 272.86972 61.504456 56.162048
0 505.534119 382.222839 75.718872 71.678772
0 443.114349 223.777618 51.889648 47.198639
0 319.829376 612.202148 47.296753 41.57019
0 194.852402 359.606598 60.712921 61.207703
0 592.445801 583.122437 37.629272 34.563232
0 76.536102 90.889511 26.160934 22.782654
0 479.836029 232.726181 23.485596 21.65802
0 508.381165 603.224304 31.55307 29.737061
0 170.488739 384.848724 22.778961 20.891846
0 562.278687 109.514816 30.500122 25.859711
0 569.31543 325.012909 36.253296 31.687866
0 201.702881 626.38739 30.695526 24.814453
0 407.301514 596.735596 23.996155 22.233643
0 629.377014 247.104614 17.518188 18.014465
0 226.789871 234.383942 28.761932 27.16803
0 581.664368 381.298096 37.099121 33.923157
0 576.22998 631.134277 23.718506 16.894775
0 635.143311 229.421158 8.664062 23.364075
0 57.965996 631.113159 29.906048 16.135742
0 537.56665 516.339966 44.578247 40.973999
0 472.079773 539.219116 163.88147 135.54187
0 407.024078 311.140717 48.284729 42.976379
0 633.134399 242.481842 13.73114 29.084671
0 207.106155 246.041153 20.563049 19.775177
0 455.411865 355.344482 36.227783 33.978577
0 164.949814 400.011963 24.306 20.983704
0 496.993164 346.398956 52.742706 47.732788
0 54.801178 243.254379 18.75502 17.90802
0 165.512344 436.717102 46.972107 44.157959
0 155.145706 420.199707 24.516754 22.276672
0 460.035522 259.65033 20.881775 19.458939
0 182.105392 200.581818 19.064789 17.33844
0 8.358784 276.380127 16.717567 18.738098
0 232.675369 402.253784 36.145966 34.758789
0 302.735504 505.095917 199.256836 158.849426
0 165.79216 343.039673 23.555878 22.251038
0 29.325558 616.863586 41.49958 37.336792
0 223.985748 470.840271 18.084259 16.831787
0 459.601135 111.536964 20.878113 18.416641
0 611.436646 299.125183 40.567871 44.745239
0 530.315918 233.525558 15.571167 14.275787
0 173.028656 290.615234 20.114166 16.464661
0 410.054596 406.232727 49.745728 49.463135
0 413.376862 423.122711 33.713135 32.076416
0 289.546478 591.849731 84.334351 67.003662
0 619.973572 263.3862 38.890381 44.764328
0 393.175476 123.739014 63.783447 56.341248
0 454.571564 595.158569 67.657104 56.753662
0 416.945648 295.996765 53.910889 55.871826
0 586.461548 572.353455 40.470825 34.68335
0 561.629883 564.063354 31.807373 28.515015
