0 14.552458 437.23053 25.988895 24.556702
0 621.694275 196.654724 25.259766 23.824097
0 512.210632 381.008301 83.634033 71.236572
0 351.134766 148.115189 23.86969 24.495789
0 263.80954 319.393585 26.485336 23.663879
0 323.220673 577.951111 20.482117 19.707153
0 597.49176 53.182156 28.737427 26.169243
0 565.969238 297.086243 40.565796 38.088135
0 498.775146 471.658417 25.389832 21.822388
0 623.115417 75.742805 33.769165 40.758575
0 410.316467 26.813662 22.466797 19.555027
0 537.494629 252.21109 38.459351 35.893982
0 455.05368 126.040619 17.684265 17.268974
0 221.751984 313.273132 23.628387 19.49469
0 476.684998 305.314056 55.786987 46.007446
0 630.957581 247.97229 18.084839 28.056076
0 505.679932 7.605793 21.339935 15.211586
0 372.148438 100.517509 50.22406 49.070663
0 618.918701 60.503113 36.04187 37.50613
0 592.290527 342.386719 20.193726 21.28833
0 195.166931 342.175232 25.227051 21.88385
0 580.668274 357.721436 26.625854 25.291321
0 272.122131 602.086731 32.517136 30.326172
0 305.191895 44.947662 19.703918 17.131714
0 10.937283 83.520309 20.494205 21.029663
0 606.866455 65.033676 39.035645 36.402248
