0 196.006104 480.975952 43.99057 41.511902
0 403.761139 561.787231 63.800842 60.657227
0 36.705101 422.457611 30.812416 27.430176
0 163.618332 319.109314 28.854309 27.370483
0 211.235168 222.287689 39.850952 38.631531
0 542.783447 53.036293 26.085449 24.523987
0 416.063263 604.450562 24.61322 24.254761
0 26.175797 229.025101 39.699844 39.676056
0 108.726074 324.917389 42.792328 41.54895
0 344.124146 307.136719 22.376892 22.146301
0 41.336838 252.389099 24.847382 22.933838
0 288.158386 631.463928 28.371338 15.531494
0 532.318787 74.712601 24.951172 23.97142
0 106.264786 293.705933 44.938576 38.628845
0 137.719345 440.006439 52.676178 46.538452
0 164.588577 621.792664 30.50296 28.69812
0 160.094086 568.376709 28.969177 27.547119
0 364.744141 236.296631 19.996826 18.729828
0 262.600616 537.032104 19.409897 19.98584
0 9.212366 172.672729 18.424732 26.850342
0 129.718231 393.548248 68.974243 68.428772
0 60.614868 61.971214 33.592255 30.420425
0 114.667816 354.960449 37.102448 32.108765
0 135.82576 516.856262 18.31974 19.576538
0 328.013885 28.65131 20.877136 20.628517
0 50.503044 35.721954 31.756184 31.755119
0 153.751389 262.253876 23.021881 22.949203
0 65.451645 86.260025 32.862823 29.437683
0 138.070923 499.390472 24.662544 22.062866
0 107.654198 258.661163 33.488953 32.43927
0 530.203247 627.124878 32.707397 21.85144
0 470.981293 615.835815 21.735046 19.318115
0 250.936874 202.041916 34.078217 31.563202
0 459.842896 135.387985 21.214722 19.116791
0 31.125744 315.393036 41.105095 36.114563
