0 438.4617 118.58548 19.773743 18.848633
0 288.978943 91.794907 21.100708 21.256866
0 30.148922 145.951508 42.979828 41.995628
0 124.442215 315.480896 22.577881 21.978516
0 497.759155 611.99823 22.636292 22.185059
0 190.042343 44.64938 25.121857 22.868095
0 255.198608 446.501617 49.921936 47.038025
0 140.449829 254.331635 24.517395 24.256592
0 218.30069 456.881744 27.027252 27.791992
0 129.302292 22.72345 65.588257 45.446899
0 274.963013 586.713379 122.516464 99.531738
0 361.114258 315.811432 43.473877 40.913574
0 501.242279 57.104263 18.430176 18.822788
0 257.119873 27.350061 19.604691 18.971081
0 239.754227 396.871094 16.955719 16.851501
