0 269.150879 241.716919 167.107483 142.460205
0 269.611877 83.072998 99.421936 105.198578
0 135.488251 410.410004 109.111145 100.786987
0 573.30896 40.252712 38.234497 36.346336
0 144.753677 24.61274 72.457741 49.225479
0 182.756226 199.920715 39.211121 35.363403
0 622.872925 442.049896 34.061157 49.134583
0 594.774048 556.058533 78.43396 68.722656
0 555.162903 413.037811 83.043213 78.228516
0 606.524231 305.449768 28.609985 25.535278
0 601.210266 479.925842 77.579468 99.780304
0 526.781616 449.654114 28.36499 26.971436
0 195.044952 373.465698 28.892426 24.22229
0 265.27771 333.323608 37.059708 34.591675
0 386.743927 263.712524 84.685852 75.372192
0 189.481125 61.063896 21.053802 19.987808
0 310.069611 134.655273 23.999573 22.734528
0 558.958435 100.140511 33.64502 29.86853
0 516.75824 490.454895 30.954681 28.003662
0 300.394867 210.463837 115.827576 110.562683
0 226.3302 39.755375 33.87384 32.562584
0 167.703384 362.911285 34.784454 31.16449
0 39.643608 432.125427 26.105362 23.098755
0 404.525238 368.321198 72.861267 57.964172
0 146.544693 104.962723 21.099365 19.665527
0 403.845245 234.76593 115.249634 99.159286
0 64.157288 151.157196 21.407135 20.173096
0 232.841125 551.037659 19.268433 18.766724
0 143.279327 126.767349 19.806854 19.175163
0 517.717834 125.794617 21.824127 19.189209
0 552.575684 62.790298 28.359497 22.707047
0 102.194916 517.229126 125.94001 131.439819
0 195.308792 606.264893 18.927216 17.714844
0 357.479218 42.082619 21.147949 20.632378
0 19.46175 626.093384 38.9235 27.256714
0 90.315002 214.587204 21.677063 19.86908
0 445.390411 8.478184 47.44397 16.497772
0 471.341064 27.068752 50.16095 41.800743
0 231.813675 185.154495 36.047028 35.137634
0 343.490631 426.953613 30.327026 29.308289
0 141.507523 80.133934 26.552185 23.007324
0 601.577454 9.309183 44.857056 18.618366
0 228.932663 377.513611 81.611786 73.755615
0 383.577057 118.56485 23.532959 21.63446
0 66.851868 336.46051 76.963028 75.388062
0 557.426697 16.444283 47.561646 32.888565
0 277.877502 155.283279 20.040344 16.354706
0 501.710083 75.634766 27.787811 26.295002
0 397.113953 79.312988 19.585144 18.018509
0 43.688442 374.732086 52.293541 41.374023
0 468.642578 106.494522 27.750366 23.966385
0 511.906891 481.158752 29.211853 26.71759
0 127.15448 266.236053 50.31488 46.842163
0 502.246643 428.867401 32.382294 29.358826
0 43.488754 21.822231 17.335823 17.052711
0 487.720825 573.452881 257.090088 133.094269
0 523.369995 45.036896 47.098297 43.129299
0 16.265551 332.483002 21.157558 20.318542
0 326.400421 40.709618 42.058472 39.565506
0 280.790588 380.121918 29.571289 26.802673
0 150.57933 156.07605 41.530945 35.788849
0 334.551331 334.381622 119.604553 115.47937
0 50.816223 443.517273 23.988586 21.34436
0 324.418304 107.566917 33.493835 31.015518
0 147.435562 169.078033 128.768402 104.252632
0 37.341885 135.945541 55.960808 47.839417
0 280.399628 441.790741 27.488403 25.601196
0 544.168457 376.702667 25.08606 22.294922
