0 526.57959 546.094666 207.765137 187.810669
0 453.755615 243.126282 187.028168 180.250671
0 242.825699 90.810532 27.960663 25.673187
0 175.478302 427.595917 35.21875 35.464661
0 169.357544 72.275246 27.141052 22.846588
0 125.077744 135.370209 24.925812 22.573975
0 516.336914 322.813171 28.043701 27.445496
0 259.749512 524.514526 30.962646 29.963043
0 132.421463 337.947418 27.453125 26.336792
0 72.755783 385.171906 23.249481 22.386658
0 320.067444 340.68103 33.415649 30.166138
0 200.724213 582.813477 274.175232 114.372986
0 278.779999 450.612122 47.2603 43.096191
0 28.968037 578.014343 27.8368 26.518311
0 350.063416 629.595276 53.804382 20.055176
0 231.971405 154.789642 19.196869 17.234833
0 147.410889 171.018768 83.993805 74.197083
0 170.679657 518.857178 158.404419 138.731201
0 306.068054 483.175354 51.596985 44.404785
0 627.679504 74.079834 15.928955 15.828049
0 61.03447 37.205429 122.068939 74.410858
0 517.967529 207.389816 65.707306 60.319031
0 379.761841 164.303558 60.935974 64.758789
0 365.947632 493.552765 50.302124 44.414001
0 430.050537 28.229256 19.112732 17.991562
0 405.468292 627.036682 36.644104 25.669189
0 386.360657 513.211548 19.442017 17.490082
0 341.657684 599.509338 41.963684 36.289795
0 83.144165 394.762878 166.28833 174.963928
0 608.585815 332.147156 59.104248 57.050476
0 136.453705 342.642914 254.44751 239.126144
0 54.386578 47.923172 15.688538 13.627167
0 74.550385 386.683228 46.97015 42.075012
0 58.076363 182.831558 18.210114 17.036011
0 574.422119 34.894833 73.500732 63.669167
0 351.798279 211.669098 49.473267 44.707672
