0 521.414673 536.18103 32.516205 26.795044
0 528.588623 568.790466 27.054199 22.475464
0 591.117065 270.382446 23.420532 20.647339
0 76.817406 334.957733 23.015427 21.714478
0 425.490479 136.884979 21.368713 18.287575
0 136.573502 12.727747 23.640625 21.815418
0 450.841553 421.503143 143.96167 105.793213
0 333.928467 534.007507 34.394043 30.386597
0 502.720703 508.062347 26.420776 21.786926
0 320.901978 502.032501 49.947998 40.194397
0 395.642609 549.528931 23.842407 19.758545
0 630.305298 501.759338 19.389465 20.683441
0 328.471313 520.635559 37.722412 33.462433
0 276.964966 551.631714 94.668884 80.351532
