0 343.22168 326.660248 182.500427 167.71936
0 210.353607 530.231873 94.450363 84.923065
0 43.253593 116.015152 31.381119 27.297852
0 144.097702 186.229111 46.554649 40.137115
0 288.03894 467.73172 56.08429 46.584595
0 244.577057 199.641083 24.265335 21.731506
0 442.365662 39.425098 29.858704 26.068962
0 109.546509 96.070084 34.154297 28.908905
0 608.072266 168.369797 38.818237 35.98642
0 376.110931 207.154358 29.857056 26.10202
0 547.052856 272.353882 51.083862 46.451477
0 207.374542 305.72348 24.472687 22.777466
0 246.109344 77.601151 49.646133 45.765411
0 369.386993 422.68515 31.710754 28.619629
0 604.813782 56.339691 34.958496 32.70253
0 426.486206 59.852699 36.736145 33.25679
0 422.798859 8.511332 20.837097 16.643559
0 563.26001 87.695358 153.480011 175.390717
0 527.821716 403.403107 33.518036 30.365662
0 504.85434 259.274384 26.204285 23.434937
0 421.070374 614.077271 21.228394 17.80188
0 161.010635 282.048004 47.492401 41.820618
0 40.86433 39.36422 81.728661 74.760437
0 524.318604 91.26107 19.820923 17.969406
0 25.116091 133.16243 20.998234 20.083405
0 169.602173 414.721558 328.841309 242.559601
0 605.715759 632.84906 23.999756 14.30188
0 434.481659 210.394608 18.535278 16.778442
0 310.774719 586.422302 27.832336 25.185913
0 579.495972 525.471741 121.008118 150.156952
0 594.624084 57.291607 55.431274 57.658623
0 235.1521 181.909576 20.126801 17.833252
0 185.50943 285.718323 19.455444 18.76532
0 431.152679 173.422348 26.708069 24.31311
0 88.39756 81.874603 22.35791 18.236694
0 256.898407 410.692383 111.180969 96.98645
