0 176.946396 472.335663 114.14444 106.18634
0 589.220032 582.316589 99.916016 96.529907
0 172.184128 331.575104 203.225372 191.976074
0 203.723145 202.650162 45.248047 41.064941
0 436.499939 245.448334 30.019043 26.310104
0 55.450874 581.259888 101.366867 87.421143
0 59.231071 510.61972 54.675797 52.025574
0 231.876572 51.493355 20.965698 20.96376
0 344.609436 383.929016 34.926941 31.807251
0 489.830627 508.887817 80.507233 75.730988
0 511.220093 75.769135 20.822296 20.836426
0 133.361511 426.151764 22.48243 20.195129
0 274.318237 623.857117 51.83728 32.285767
0 543.536499 75.014191 24.488037 23.555206
0 306.819824 306.662689 80.493469 75.464539
0 569.311523 261.763397 21.13623 21.082947
0 171.770325 559.834961 81.404266 77.505615
0 567.846069 221.74379 26.073853 23.901764
0 84.687767 533.169983 35.034225 29.106934
0 218.631454 173.534714 26.444 24.584625
0 577.2677 323.369965 21.355713 21.166138
0 499.244873 607.117493 35.800659 33.427124
0 547.455566 353.816986 185.088867 211.969788
0 340.778076 548.28418 259.894897 183.43158
0 16.82362 374.124329 33.64724 33.91095
0 242.377777 543.100647 25.598053 22.903198
0 405.558167 332.370331 19.139038 17.953491
0 327.127167 125.421753 25.651489 21.777321
0 621.784058 228.319046 24.639771 22.807068
0 92.994667 106.824776 185.989334 213.649551
0 345.371826 354.867645 36.556885 32.257385
0 239.506989 145.646011 19.028198 17.582306
0 587.363708 170.878616 105.272583 105.708649
0 303.632568 216.699997 19.983459 18.244659
0 382.312988 334.528168 26.940674 22.69574
0 293.082031 196.90831 29.207153 25.477722
0 114.509186 447.524902 21.687927 19.489258
0 477.070679 586.096802 33.360718 32.208252
0 519.307678 553.101379 64.278595 53.7677
0 345.880585 368.077393 36.823242 36.343079
0 32.103065 271.193787 22.206459 20.847595
0 207.174469 612.331604 64.172729 54.406982
0 505.281006 206.453827 22.97522 24.340668
0 602.708252 72.924423 22.948486 20.126358
0 569.255615 10.119363 22.092163 19.250475
0 223.252899 105.702728 93.585876 80.350677
0 625.33905 520.901611 29.169434 103.165924
0 634.076294 242.900162 11.847473 19.881989
0 211.368225 525.774353 30.66568 26.716309
0 423.02417 309.019745 79.814148 73.481567
0 29.051168 345.239594 22.803288 19.398621
0 487.134949 415.988647 20.223816 18.34845
0 18.448711 623.671143 36.897423 32.657715
