0 39.992104 192.526627 26.474533 25.35788
0 18.289351 628.649963 22.605591 19.127808
0 75.581703 507.179749 59.547699 51.719849
0 310.492157 422.093994 24.863098 22.346436
0 200.150925 231.339752 82.494049 75.573792
0 125.235565 492.49939 53.60788 49.541748
0 356.480286 289.562195 21.103271 19.214844
0 7.874298 408.850952 15.748595 20.012268
0 157.911942 392.14151 68.89679 58.675964
0 211.545166 35.448593 218.639053 70.477478
0 5.009587 181.467865 9.705267 20.155426
0 598.581055 387.062439 20.053345 17.597351
0 91.513977 565.105835 21.52771 19.229004
0 338.485474 342.394196 34.04834 28.721436
0 203.565857 426.222015 36.798401 32.917725
0 212.869995 379.57547 36.194305 32.155029
0 199.269424 72.819153 25.42923 24.721207
0 89.075226 628.697815 36.674866 21.584839
