0 424.553955 571.366089 192.764404 137.267822
0 566.067017 218.473541 69.302734 66.60437
0 321.901825 407.29599 66.036377 66.734985
0 487.770081 418.902222 60.788696 57.451843
0 389.82309 432.207458 53.276672 49.772095
0 39.653168 549.535828 78.227646 110.29834
0 128.626999 483.199799 88.266174 87.031555
0 563.488647 529.932983 48.822632 44.466675
0 426.319275 477.928467 29.434875 27.2677
0 402.414429 66.006401 49.64801 48.540695
0 91.634766 453.772034 37.14032 36.75885
0 418.38739 353.57312 28.784241 26.347473
0 481.342529 378.66391 42.236084 35.482544
0 459.569794 132.487915 36.680481 35.343353
0 573.729248 587.365417 132.541443 105.269165
0 94.48658 610.482971 32.839417 30.54541
0 491.452545 165.012131 32.221558 27.582611
0 557.295959 265.30899 38.739014 35.524948
0 529.949036 175.112885 49.992096 46.686707
0 546.062073 299.698822 30.1875 27.404907
0 610.710449 117.681648 26.285767 23.668289
0 37.57473 487.569733 43.638039 41.763855
0 237.049957 480.765259 46.779221 43.514099
0 281.717102 611.693787 40.385132 40.255493
0 273.520721 416.435974 33.835266 32.408936
0 601.591797 465.272888 76.816467 151.656738
0 42.914616 632.544678 30.07608 14.910706
0 370.148102 285.182587 37.932983 35.948914
0 524.4104 108.507286 22.860596 20.758698
0 384.742401 137.782166 20.229004 17.52066
0 167.963928 433.814392 45.434875 43.169495
0 240.088165 25.328693 37.521774 32.783638
0 156.086563 578.924988 27.730408 26.342651
0 191.346329 362.470215 35.72226 31.708374
0 234.236359 456.289642 42.835205 38.571045
0 284.98465 388.144226 26.71814 26.647888
0 100.895546 269.475525 23.021515 20.558411
0 132.182022 382.972198 47.347748 41.964966
0 137.868774 214.186493 27.374512 23.686829
0 463.850494 261.106323 68.800171 60.822083
0 151.541229 354.721863 31.52771 28.953491
0 439.677063 422.682404 39.470032 33.896667
0 303.474152 569.319336 64.451599 54.266724
0 580.020996 326.399506 28.309692 25.630676
0 484.164124 149.062393 34.900085 31.057129
0 89.702805 284.933502 35.733582 32.982239
0 405.019653 33.814735 20.340271 17.286568
0 17.590282 457.89743 34.807686 34.499451
0 336.610382 264.456512 27.993103 25.092163
0 260.47348 632.271057 42.566772 13.436035
0 108.616592 425.023102 33.760895 30.430603
0 625.658081 381.2117 28.683838 35.335999
0 468.6492 484.897491 64.641235 62.21759
0 244.462646 556.215759 44.238846 46.462036
