0 208.35614 554.694702 48.871429 39.08728
0 619.02301 415.332886 39.669312 35.159363
0 83.869545 160.43808 35.984146 32.135986
0 620.248047 217.423203 36.091431 33.204285
0 95.580215 302.870941 29.256195 24.547424
0 315.405121 391.625854 38.25531 34.311462
0 306.3013 493.662903 56.830139 45.851715
0 292.178314 531.647217 38.545654 32.361816
0 300.934814 447.192383 40.346008 37.356812
0 279.88269 347.067322 55.324585 53.506409
0 432.077484 227.434036 29.904419 26.70871
0 43.031204 319.832245 32.121185 28.38739
0 164.897064 608.441467 30.057404 25.110229
0 290.434814 304.238342 30.614075 26.614319
0 238.898575 343.945282 28.523956 24.173401
0 571.988586 61.560669 25.258911 22.435318
0 74.303261 328.547333 21.198593 19.456787
0 145.979645 397.526184 35.385071 31.832886
0 273.295135 280.05658 22.955261 20.569397
0 168.924911 500.358704 23.85376 22.193604
0 336.73877 359.801147 26.540833 23.134827
0 518.982056 453.772766 178.041962 138.614899
0 12.431719 502.715332 21.814281 19.373779
0 228.220169 34.475552 22.527222 19.545784
0 147.96434 296.74881 18.526398 17.416687
0 634.46228 394.297974 11.075439 22.226501
0 99.607361 224.917969 41.913147 39.005188
0 194.390091 335.163086 21.136322 18.486633
0 226.834412 189.336609 20.699036 17.679138
