0 427.07605 192.052704 30.603638 25.71048
0 577.411316 245.689026 31.77356 28.877441
0 628.31311 206.314819 23.148071 23.871094
0 69.750244 204.549942 28.893185 23.731903
0 204.791687 383.339966 29.520599 23.295898
0 134.071457 254.201324 30.382233 25.615356
0 151.527039 299.868561 37.096466 29.039734
0 91.125137 380.788147 26.904877 22.064575
0 167.222061 451.777802 40.303802 32.396912
0 495.72821 217.797852 34.189941 28.342377
0 193.204254 149.523163 26.769531 23.88092
0 493.224335 14.498881 78.682922 28.997763
0 367.225708 307.381165 22.937744 20.903015
0 388.261505 370.778534 27.226807 21.298035
0 294.128906 174.556198 36.643311 26.521545
0 404.716736 442.28476 70.625854 62.461548
0 286.190216 25.980812 32.954041 27.402803
0 251.149399 314.948242 21.983795 17.082825
0 456.942932 252.671722 23.623474 18.510544
0 207.252518 9.182985 56.97998 17.980854
0 199.227722 170.398392 27.817474 25.198883
0 163.225418 67.174934 25.338348 21.285965
0 567.116943 294.586517 33.947632 29.65271
0 98.741974 356.670929 54.050293 39.82251
0 551.812378 502.961212 45.903076 18.430359
0 124.497665 36.231964 26.292503 22.184143
0 121.656631 13.607403 55.819054 24.947178
0 192.238708 476.077515 104.771667 71.25061
0 440.923798 182.182083 21.538818 17.738739
