0 546.67395 486.156769 40.747559 39.950806
0 87.599503 380.703644 34.416382 32.600342
0 287.72049 534.38501 28.747375 25.499878
0 121.178497 123.518867 30.962166 27.109207
0 442.554077 79.145233 26.750916 25.028473
0 182.601166 627.838623 28.645477 23.387817
0 152.560455 551.206238 38.87793 33.970337
0 589.172485 235.448151 28.814941 25.362152
0 101.388565 580.019592 30.649536 26.75647
0 185.795349 404.262756 35.873199 34.776367
0 577.616699 355.006165 124.766602 154.146973
0 563.405396 28.215927 30.384644 26.466265
0 481.457825 549.677246 21.894043 20.585693
0 501.267487 310.434875 62.775452 50.152771
0 216.835358 97.419876 22.576202 21.065765
0 22.962555 151.367996 44.532181 50.760246
0 100.756897 559.231323 27.656204 24.122437
0 234.734406 289.190155 106.38855 97.26442
0 482.700989 297.889618 47.818909 45.457886
0 413.522644 253.772461 115.181152 113.510117
0 23.131956 7.532688 39.092808 15.065376
0 559.551514 399.289307 67.111328 59.406311
0 336.7341 74.888069 20.100281 17.51442
0 443.335297 489.17511 71.178772 62.878876
0 255.926056 630.764343 50.923294 17.586792
0 455.74408 391.527222 22.090515 19.749268
0 615.78717 219.718338 38.106323 35.351227
0 599.177917 274.052734 31.301392 26.608032
0 179.533569 424.159576 15.753174 13.233704
0 560.494995 235.976562 19.322144 17.097717
