0 451.492218 446.308105 75.157593 68.661926
0 47.578545 39.335381 30.796326 26.762474
0 304.055267 249.089401 52.193787 42.069061
0 404.758148 209.020981 45.467102 37.740204
0 107.970947 391.431549 32.536591 26.407959
0 540.080627 579.663391 29.076782 25.438599
0 290.61377 26.158451 39.261902 36.672607
0 304.779053 144.341171 54.096313 48.737221
0 269.819031 131.970169 27.592834 24.934135
0 509.742981 284.131531 128.969604 127.795532
0 574.744385 296.750183 52.351929 47.20636
0 124.005508 10.970436 49.246948 21.204681
0 340.334412 82.198021 39.68396 36.572815
0 252.818512 60.869812 31.314102 28.255123
0 601.934753 247.551529 76.130493 79.968292
0 456.927246 14.177763 26.456299 23.685955
0 469.004669 190.18309 29.356384 24.446045
0 504.949158 512.294739 27.237549 24.849823
0 599.612244 392.039886 30.878906 27.994934
0 231.463333 115.106766 22.358765 20.744507
0 312.712341 91.057182 29.21875 25.342377
0 365.035126 268.185242 36.903748 32.163757
0 105.640678 327.233276 22.329483 20.78302
0 37.466988 533.041382 49.723839 42.190552
0 293.644806 327.551514 23.944214 21.404663
0 485.639191 565.225708 33.374451 29.188965
0 211.574081 126.971054 21.109955 18.634392
0 362.486877 569.838501 24.534119 22.515991
0 171.965454 348.410461 21.467072 18.841553
0 407.299408 168.219971 25.989685 20.886536
0 90.260391 497.17453 23.574539 21.006042
0 319.216888 67.920464 22.774902 20.113174
0 96.029152 81.817802 21.671097 20.263412
0 531.327881 501.014404 28.423462 23.668121
0 36.718155 67.630394 19.304581 17.00029
0 631.186035 69.17379 17.573853 34.680134
0 254.278244 26.741886 30.607574 28.910774
0 606.095032 158.816467 25.922363 22.234467
0 520.346313 343.784424 52.041504 41.509399
0 471.213409 540.222839 20.847717 21.110229
0 114.457008 71.631088 17.975662 15.97641
0 233.336365 582.174805 21.66925 21.45459
0 198.354034 373.763367 22.450714 20.419861
0 325.800507 390.522461 57.738953 49.783875
0 306.946045 53.019432 27.107056 23.310925
0 454.333099 124.447861 45.954773 35.558594
0 446.167175 320.563751 25.855225 24.223694
0 15.818558 606.561035 21.898575 19.656128
0 561.068176 179.717285 87.024536 74.711792
0 495.784943 5.537597 25.082153 11.075193
0 554.283264 149.318909 33.348145 30.129059
0 342.894592 575.515503 23.779907 23.315552
