0 48.082901 345.353424 96.061951 92.842773
0 212.289337 182.114731 44.753204 38.352386
0 451.932434 117.530731 31.090698 27.57238
0 447.515106 336.299408 45.982422 36.201965
0 76.996117 260.111542 55.806656 48.913879
0 223.161591 309.335175 84.896927 83.732727
0 57.519592 433.807648 39.455959 34.384155
0 109.900635 289.455872 46.985687 42.475342
0 17.064384 99.87114 30.34568 27.422348
0 135.952057 112.386566 202.533875 213.696289
0 482.467896 621.971436 122.729126 36.057129
0 285.43631 629.585022 26.176208 19.614258
0 381.061066 595.567993 110.467957 88.864014
0 391.863495 519.176819 122.6203 106.641724
0 351.875397 293.101196 105.827637 89.669571
0 577.312073 417.768616 74.797974 69.037537
0 576.680847 126.475739 126.638306 217.642975
0 233.884109 627.082397 54.114777 24.704834
0 104.645515 442.682587 50.763535 44.0896
0 196.989807 626.673645 32.468445 24.249023
0 553.191528 537.99762 173.617004 189.614349
0 166.436111 630.141235 26.434143 19.275635
0 396.502319 538.020569 25.999023 24.106201
0 126.125732 160.624039 26.704979 22.312714
0 53.568214 396.099152 39.915539 34.095154
0 8.749952 426.157196 17.481976 20.312317
0 414.42392 152.274796 20.728394 18.04541
0 326.567688 336.467834 32.380554 26.927063
0 595.802734 306.752441 88.394592 101.330688
0 132.040924 470.271423 113.720459 89.467773
0 507.916962 300.755249 86.071716 76.058044
0 478.977753 77.474258 18.830811 16.387009
0 20.326641 133.266235 40.653282 64.527374
0 571.259277 325.941956 23.295532 21.559509
0 89.299515 386.18869 22.677948 21.012329
