0 101.856453 246.491241 27.762833 26.414505
0 481.800415 469.484833 24.154846 23.088623
0 119.372391 259.628113 24.52298 23.535385
0 630.936401 404.338318 18.127136 26.868835
0 75.645645 551.27887 107.81089 103.29541
0 628.840454 518.800781 22.319031 27.253387
0 499.689545 196.434982 27.330627 24.332489
0 361.674866 46.97525 21.647095 22.203293
0 443.586182 12.738407 34.188782 25.476814
0 496.985718 241.450211 22.591064 21.313568
0 147.624298 356.702728 103.124847 104.52655
0 236.215805 111.631561 23.88858 21.506714
0 495.904083 109.395004 24.014587 23.633057
0 467.721497 244.405365 23.686707 21.891876
0 10.517902 295.910278 21.035805 32.663757
0 34.942444 371.028381 64.061859 56.852783
0 107.832649 29.120363 74.621811 58.240726
0 161.061981 506.909546 17.756287 17.727051
0 582.28064 134.343491 43.364502 41.345551
0 476.425323 418.339447 23.878418 23.9328
0 358.59848 99.708679 33.371277 29.202316
0 119.547798 479.075958 84.032303 79.166077
0 321.079407 332.082886 33.986328 32.091736
0 120.172836 434.420898 106.536171 91.455505
0 635.226013 428.518799 8.311768 21.081177
0 505.64563 377.729156 51.759888 46.376404
0 161.340912 563.589844 72.909912 68.279175
0 634.687744 472.84848 10.624573 24.849976
