0 407.437592 123.20945 43.663818 39.649704
0 125.603119 234.775436 157.9375 146.769379
0 27.532452 547.148926 46.863533 43.041016
0 335.946075 180.417023 99.742371 82.216034
0 476.084351 22.814302 57.292297 45.060978
0 376.013428 59.100761 53.426025 47.759109
0 215.053238 234.768829 32.445465 30.883179
0 353.370178 281.057251 35.97937 31.643372
0 211.875153 412.154999 24.462036 23.442871
0 245.924469 549.195007 24.766846 22.016724
0 489.795166 66.22641 25.82074 24.071705
0 128.468292 52.908768 29.071716 26.427914
0 556.235596 291.518311 23.369507 21.616455
0 455.755554 620.194214 21.500916 22.125854
0 129.89772 14.57729 23.000671 20.699532
0 312.467468 301.507568 24.06604 23.418518
0 413.960815 214.525742 60.161743 52.315643
0 300.584412 14.007708 26.832947 25.013229
0 294.267609 116.691132 28.542786 25.706718
0 612.626953 394.33252 19.851562 17.877319
0 491.975067 633.298401 20.407043 13.403198
0 535.454712 376.00235 24.090942 22.883667
0 36.838997 21.213524 33.258255 29.289721
0 156.249466 503.871216 19.827271 18.5383
0 549.284912 256.905304 17.93103 16.712463
0 257.311462 360.260864 18.584839 16.59552
0 240.354095 32.399929 101.519348 64.799858
0 246.366302 593.117554 20.515244 17.817749
0 117.331673 623.474548 75.187363 32.22644
0 523.743347 358.6297 71.973999 65.140625
0 634.447632 52.882778 11.104797 18.150688
0 523.026123 332.158264 50.432587 40.263977
0 352.755035 507.303253 49.011047 42.331604
0 306.902039 611.917725 20.996155 18.269165
0 501.212524 127.413467 114.024414 88.48777
0 632.408447 156.285629 15.183044 20.325775
0 44.476685 585.907349 72.422119 59.828491
0 105.293953 5.71733 16.858093 11.43466
0 270.855988 429.40332 18.973999 16.995178
0 161.726959 482.557526 19.171204 18.361511
0 279.72168 141.439545 50.30835 42.04303
0 375.481689 197.996735 47.653015 43.730164
0 344.241425 603.018188 22.798096 20.980103
0 537.794861 193.402939 44.797974 40.63855
0 7.660537 575.954956 15.321074 31.412231
0 626.929932 146.78772 18.007324 17.415436
0 229.659561 47.260368 46.241638 41.482025
0 445.936737 52.925861 43.591187 36.305519
0 5.488482 586.914429 10.62701 24.568115
0 502.213928 447.752899 52.920502 44.718811
0 244.389236 250.668335 18.407043 15.810104
0 440.507324 73.833618 74.350037 65.470535
0 599.531067 263.380585 18.941406 17.314453
0 446.62915 266.955627 54.186462 46.671585
0 577.205688 56.966328 125.588684 110.638741
0 316.7883 102.058159 17.19342 15.511856
0 464.773743 535.933105 20.913086 17.935547
0 166.588959 80.662376 26.492828 25.489502
0 151.474457 151.645996 48.726044 38.326782
0 571.138184 603.221802 35.74292 36.421143
0 462.880157 386.743195 73.02124 61.56311
0 381.669708 12.807085 56.350464 23.824703
0 350.334808 389.53653 43.498779 40.360291
0 442.968964 631.131653 16.193665 14.463013
0 11.610332 455.358704 16.094292 16.159973
0 455.281036 80.956833 36.728821 32.488297
0 440.277466 568.723999 71.425049 61.477051
