0 60.134293 615.166199 56.549576 43.968018
0 318.558411 219.886871 59.522522 51.021606
0 239.272339 153.316574 34.579102 31.960052
0 113.118095 619.269043 51.675186 41.461914
0 291.063538 88.47084 51.348511 44.346848
0 280.91568 294.941986 49.89183 47.834839
0 554.032166 30.20857 31.60791 27.210064
0 462.656921 13.444777 55.586304 26.889555
0 356.254089 119.67186 47.881287 43.634338
0 25.718967 542.801636 34.336807 32.310425
0 363.158417 264.751709 55.703735 46.803818
0 532.191956 281.602509 74.671997 72.918579
0 224.825928 588.021057 26.169952 25.388916
0 412.11554 22.453281 54.296875 42.986694
0 509.917664 45.929691 30.260468 25.316444
0 137.193542 428.074158 24.852791 26.27179
0 509.313232 115.693352 66.653839 52.703201
0 550.187073 94.082703 32.167114 28.697174
0 82.174088 477.601929 32.936935 27.875793
0 535.5979 139.37056 77.694305 71.251808
0 323.004456 572.246094 21.726624 19.535889
0 90.985413 584.761719 46.131226 37.817383
0 480.65155 363.012146 318.696899 287.351074
0 540.621155 61.537762 43.432739 39.641609
0 17.098686 454.760162 34.197372 42.951416
0 610.700317 114.844719 30.100952 27.883652
0 578.246277 107.925316 31.99353 29.209366
0 153.731461 96.722595 43.963379 38.603516
0 623.363525 222.872055 33.27301 32.024506
0 533.800964 11.563713 54.771576 23.127426
0 432.771912 59.269722 44.044312 42.235352
0 577.552429 41.305328 33.467773 29.298882
0 23.082458 596.330994 46.164917 85.070557
0 142.940582 89.066177 36.274071 36.85083
0 536.84729 568.728333 23.492188 20.82312
0 378.006042 7.500289 31.152588 15.000578
0 389.025818 57.553261 43.931946 38.131573
0 364.26062 580.259644 41.498779 37.777954
0 26.314857 453.845184 21.464081 20.963013
0 495.842255 521.553833 178.77301 167.795685
0 504.573608 19.460068 36.682892 31.053528
0 72.166946 417.899811 29.233871 29.184753
0 325.434021 601.022217 48.735107 42.211426
