0 52.57682 473.81781 105.153641 96.527435
0 26.931309 89.462753 53.862617 77.407021
0 375.665466 159.081757 76.516785 67.478027
0 610.856445 165.968826 58.287109 57.509521
0 299.751709 102.061882 49.677246 45.252258
0 72.373596 219.224182 137.668823 180.442627
0 207.001633 10.962946 29.923523 21.925892
0 58.160065 565.309631 41.705753 36.709473
0 241.356628 182.380035 28.22467 23.816498
0 489.202301 493.122223 34.444336 29.050415
0 511.938141 250.699448 29.138855 26.175751
0 627.80127 243.483856 24.3974 29.327942
0 307.175598 560.740784 238.291611 158.518402
0 241.214569 394.30603 21.050049 19.976074
0 615.338379 325.166656 30.752197 26.494751
0 322.875092 147.977707 31.878052 31.161316
0 125.183929 430.376556 26.375732 22.533813
0 569.984802 200.512131 33.947266 29.048279
0 71.828629 629.840942 39.913498 20.318054
0 463.95163 26.779493 27.551086 24.746777
0 415.681213 54.763393 22.173889 21.755424
0 60.336605 438.314972 32.54377 26.806885
0 552.036804 77.111488 174.861694 149.965897
0 466.510773 550.145752 28.52655 27.805664
0 491.615448 183.424881 36.400818 29.342163
0 177.055817 483.125641 20.139679 20.35968
0 505.582092 597.120361 149.206146 85.759216
0 397.10083 81.489738 42.823975 37.679066
0 626.295776 593.340454 26.869263 44.099854
0 227.835831 626.906128 52.780029 25.603271
0 167.561127 163.654419 86.892181 82.314644
0 183.92514 552.89447 52.6651 49.076538
0 18.675388 425.341949 32.805367 31.07135
0 381.219147 50.365654 29.616943 27.304794
0 514.502563 166.079742 24.227203 21.321899
0 262.308075 451.361328 18.253235 16.482422
0 520.442749 333.088104 23.94165 22.892029
0 96.475426 138.661453 19.984039 18.367584
0 78.066948 18.811056 99.77623 37.622112
0 62.951847 387.794495 43.866219 37.048523
0 423.942383 462.100494 57.324341 46.158936
0 534.755554 8.846163 31.833008 17.692326
0 290.42453 437.296326 19.764038 17.124512
