0 91.645264 456.183167 76.965881 70.829712
0 92.307594 196.923294 93.485733 84.278534
0 330.699585 179.745178 116.55304 100.580048
0 181.942963 461.558167 78.879578 71.785095
0 356.834076 316.704407 131.714294 123.673721
0 555.963745 27.106894 29.235107 26.27486
0 453.987335 270.086426 25.844055 24.127808
0 566.659424 52.146362 32.522339 29.252914
0 103.79406 285.740173 32.577377 28.785828
0 127.30098 494.481384 61.70813 53.140533
0 448.852722 86.16568 26.215149 24.561157
0 575.679016 440.298401 25.207397 23.428406
0 17.007599 399.907318 34.015198 37.566895
0 456.861237 481.190765 28.779724 26.882385
0 38.256886 467.013367 37.134277 37.288879
0 534.426392 486.936096 47.705566 42.925842
0 407.623993 250.028976 71.985229 65.232513
0 449.542358 24.520027 74.202576 47.206802
0 77.435837 572.586548 37.627743 31.359985
0 243.780106 28.701275 23.448578 21.817154
0 158.410614 102.12162 55.018158 44.843521
0 141.482224 169.140869 35.821266 35.726044
0 63.0392 292.180573 34.810062 30.914368
0 150.235947 301.071716 60.373322 47.648438
0 126.760818 600.002747 106.212608 79.994507
0 41.057777 390.768585 22.29023 20.437805
0 391.308136 8.646631 50.075867 16.534191
0 214.909103 189.737976 25.543671 27.515869
0 426.471954 576.584961 20.111511 18.601074
0 459.166595 534.432861 31.012878 29.799683
0 485.081787 471.253723 28.829834 26.489685
0 399.010223 149.28949 51.968323 44.123016
0 374.668488 136.789261 25.91864 25.744415
0 546.99353 328.681549 34.708862 31.940857
0 254.200165 45.529602 21.610474 20.569344
0 137.609146 46.19603 102.332031 87.983078
0 569.806702 278.802643 30.197998 27.65155
0 444.115723 527.378845 62.864929 50.335449
0 108.05957 87.10659 26.308426 25.036331
0 537.26593 510.47821 36.028198 35.266846
0 384.867767 489.391663 35.587036 36.454346
0 607.439087 498.265564 29.913696 27.267639
