0 574.273804 170.866608 35.684814 33.974274
0 163.10965 49.579308 93.713135 90.588913
0 391.0336 616.431152 97.325684 47.137634
0 484.743683 290.163086 165.521179 159.301208
0 201.740295 97.121506 25.414124 25.867599
0 259.198761 595.90509 34.040588 32.066162
0 478.092621 67.589302 36.284973 34.176285
0 263.855377 53.665276 122.289917 101.165802
0 417.579224 20.087303 34.662964 34.43985
0 266.881287 573.217529 41.551376 35.50061
0 36.453503 541.312561 58.073006 53.552002
0 90.101761 156.516953 35.857742 32.438019
0 502.027222 25.993214 148.126465 51.986427
0 129.898514 187.284607 43.195412 40.923706
0 63.67701 51.078461 82.673691 70.55275
0 446.110535 630.722656 27.976318 18.3302
0 335.627045 488.389404 19.597168 17.936157
0 284.32074 413.198303 17.928955 16.638672
0 309.86554 187.260284 45.063171 42.356018
0 457.483887 534.581543 23.071655 22.701538
0 17.748705 219.288635 35.49741 40.06842
0 136.457764 343.05307 52.438141 46.755188
0 72.330673 483.72052 77.649551 74.709473
0 105.776276 22.343964 94.983124 44.687927
0 314.176727 572.243591 61.554871 51.040039
0 186.519562 483.176361 18.167664 17.582214
0 472.142395 378.089142 149.870026 131.106995
0 257.796539 31.554008 16.873489 18.529741
0 625.221375 37.8489 29.557251 61.978012
0 180.220978 597.357666 80.233765 75.984131
0 453.881958 39.817215 20.634888 19.405861
0 532.481995 592.189209 55.753906 49.723267
0 594.867493 465.023651 51.31189 47.459656
0 80.74382 34.592857 142.696167 67.072708
0 10.003584 622.460571 18.98283 33.256226
0 329.651154 144.702774 44.552429 42.558754
0 267.177155 292.682587 79.923767 70.786255
0 271.54834 199.030563 38.352463 36.400421
0 12.308203 111.995567 24.616405 38.372726
0 131.282547 232.448486 67.038963 61.080078
0 554.908264 559.023254 17.959473 16.531006
0 103.485962 567.662476 54.891022 49.020874
0 26.772442 421.118439 47.836678 52.545593
0 489.345276 550.882629 25.480164 22.486572
0 229.861023 577.943054 34.797974 33.265991
0 180.027512 254.132172 47.775818 42.14502
0 25.620197 452.209778 50.731697 80.774841
0 484.337708 516.269348 46.302307 39.24057
0 201.101959 6.309788 42.959717 12.103798
0 258.266815 43.184135 51.511917 49.356152
0 345.771423 599.493042 27.502991 24.595581
0 521.336914 160.145172 105.338104 104.528015
0 575.641907 609.238708 30.932861 25.307251
0 323.449493 12.95504 69.887207 25.703331
0 380.572662 280.706421 46.369873 44.182251
0 177.686188 268.060669 67.839203 75.535629
