0 282.365173 435.564636 186.093323 168.889771
0 270.237061 107.744644 35.015137 36.050293
0 367.510956 157.33667 55.522888 49.005981
0 395.774323 401.225739 57.810852 56.691711
0 47.291679 130.341385 89.12175 85.843597
0 512.663635 491.931519 43.535767 40.051086
0 104.671463 50.950134 48.643005 45.859833
0 581.933411 506.711639 32.5448 29.669128
0 96.687653 410.704376 27.733917 26.251221
0 118.206741 200.31163 77.730591 69.33017
0 382.19101 280.435425 31.450623 28.311829
0 446.662842 409.298889 27.205994 24.912659
0 159.633575 198.017456 35.461731 33.712311
0 395.845032 432.516235 29.795593 28.185486
0 276.884735 534.414062 26.242981 22.842041
0 551.57489 19.659609 52.972168 39.319218
0 89.648994 231.042374 30.054947 26.493896
0 373.039124 339.59137 28.77771 26.813721
0 224.81488 510.348877 31.355927 27.949585
0 458.880646 507.37854 26.735168 24.116058
0 384.664215 41.998375 35.496399 34.303894
0 466.724213 11.550751 28.488708 23.101501
0 282.364532 25.418201 56.126526 50.836403
0 361.827301 379.109924 26.886108 25.181641
0 554.938782 604.324829 170.122406 71.113403
0 545.680786 67.240799 24.984863 23.950012
0 602.131836 176.004578 39.44751 36.874207
0 507.196686 451.845154 23.939026 20.384705
0 310.400421 60.25621 31.478271 28.225876
0 176.993988 233.332428 73.114685 64.576248
0 115.636658 342.990295 36.882416 33.14978
0 506.615906 393.620056 23.253021 21.654846
0 174.250336 567.811279 21.342316 20.536499
0 134.412415 595.171021 26.669456 24.916748
0 496.875977 216.845856 25.506165 22.474823
0 303.837494 204.268326 37.513794 32.488373
0 405.584229 503.887054 22.71759 21.366638
0 165.695099 145.119812 28.958313 26.926514
0 207.996948 7.470912 19.630798 14.941824
0 447.72934 101.473869 20.802612 21.131317
0 374.539001 95.329285 53.685425 53.132172
0 69.930428 575.802551 18.030762 16.893799
0 610.544739 76.465553 58.910522 75.046722
0 630.061401 378.813843 18.748169 19.699585
0 473.719849 401.468048 22.305847 19.262512
0 613.008301 35.920967 22.304932 21.352791
0 408.234161 548.832458 18.384644 16.460205
0 279.238556 295.648682 25.303101 22.874695
0 137.01622 272.10498 27.562134 24.524475
0 519.671692 34.812557 27.278534 24.846451
0 306.155151 633.059814 18.957458 12.72522
0 541.908264 522.985046 31.182373 28.621613
0 184.964218 154.252365 21.546661 21.125793
0 420.727966 266.304504 34.11145 31.70787
0 518.270691 613.345093 27.078003 26.083252
0 141.337753 567.568237 30.508789 24.787598
0 373.261444 112.109398 36.530518 33.698257
0 457.120667 573.187622 18.045044 16.246338
0 625.062134 218.530731 29.875793 61.897827
0 368.849915 633.520142 18.252014 12.959717
0 46.597496 228.012207 84.673752 77.008804
0 319.065338 357.042877 34.333069 30.171692
0 483.762024 95.399239 19.297913 18.432892
0 457.188538 465.989166 21.179138 21.279114
0 274.34079 7.373786 21.500671 14.747572
0 99.865952 24.809032 37.287537 32.320457
0 520.51886 226.615341 25.620117 24.919891
0 75.282433 495.240662 23.715988 21.36145
0 613.76593 522.379272 52.46814 107.656738
0 11.049311 569.316284 20.65646 20.639526
0 91.051506 513.570862 28.3022 25.040497
0 205.634933 41.152443 24.758759 23.744339
0 45.565945 587.33313 19.061516 16.867188
0 505.567993 567.333618 45.361084 38.391479
0 187.862717 124.658905 20.581238 17.611794
