0 180.467087 311.424866 33.444519 30.772461
0 37.896622 331.498749 75.793243 125.54364
0 150.708542 497.343018 40.315674 32.539307
0 283.936859 362.489502 47.45282 42.694397
0 316.045349 283.027802 39.543945 35.62207
0 52.252869 203.640488 67.65567 60.929047
0 372.088318 490.537048 20.421082 18.06311
0 571.776123 12.022255 23.474854 20.570656
0 393.142456 419.518738 20.879272 19.917908
0 444.032593 424.00473 50.061707 44.496155
0 192.016724 483.256104 21.772369 21.197144
0 308.394745 247.232208 34.841187 35.04039
0 89.822632 326.734436 29.84848 28.275818
0 478.788361 420.403473 26.214661 21.941895
0 238.351028 262.292877 19.669281 19.025711
0 484.8013 410.502228 46.246094 37.222107
0 71.259361 258.127686 76.773788 67.289917
0 380.012024 234.363373 19.816284 18.846313
0 353.407257 236.829865 59.655457 56.984619
0 599.280334 469.043335 81.439331 86.5289
0 382.627899 218.431641 18.090759 16.747345
0 535.490601 15.002966 22.171143 21.92672
0 235.260651 324.457306 21.144623 19.037903
0 432.388214 18.713207 17.70282 17.231514
0 241.411072 331.706573 31.470886 28.194214
0 522.522644 242.730621 17.331909 15.548859
0 414.992828 14.001692 36.103516 23.252308
0 149.23732 476.556427 24.081451 19.771423
0 70.19194 406.732147 19.001125 18.900452
0 178.738708 497.297577 22.480896 20.930725
0 111.431793 221.958389 18.798615 18.820831
0 21.542324 173.560669 42.430679 68.413788
0 551.535278 421.437805 41.515503 33.997498
0 561.946167 449.425232 38.274414 33.878784
0 468.71463 395.522461 19.892334 18.42749
0 245.436737 340.600098 32.943283 32.051208
0 445.70575 77.28643 33.949402 32.925949
0 606.077698 89.106201 48.072388 42.162949
