0 595.568054 442.66803 69.198486 61.013916
0 339.538605 51.944603 97.305176 85.188385
0 156.718597 522.07489 33.596252 29.512177
0 151.481735 69.882339 46.64975 43.766903
0 476.980957 290.250641 33.307129 31.606445
0 380.843262 325.360992 71.330811 62.82074
0 97.158951 619.23584 61.866325 41.528381
0 31.230289 236.6073 21.88711 22.881744
0 549.167725 19.684444 27.480713 25.170334
0 508.178101 556.47644 26.782684 23.928589
0 493.493958 362.333832 31.591064 30.779785
0 136.594955 270.76593 24.264282 22.840942
0 213.377213 368.054962 26.787109 23.954956
0 313.270264 22.00671 37.13446 33.663513
0 168.220856 206.214737 49.132538 47.751221
0 514.457825 523.789612 30.161407 30.191406
0 594.428833 76.732536 21.365356 21.917252
0 609.358398 489.986969 29.07605 30.740662
0 606.077576 562.35907 44.185791 43.312012
0 360.896973 211.527313 50.236511 43.993835
0 172.581665 344.873932 30.300934 27.113159
0 416.828918 9.620722 29.943298 19.241444
0 225.880203 348.131805 25.591003 25.045959
0 545.29187 488.379791 45.191406 40.887085
0 185.158432 101.801605 23.483582 21.629913
0 168.946579 478.904266 30.436432 29.104065
0 581.66803 483.278839 30.812866 28.262878
0 322.22229 234.257401 40.272461 37.90976
0 37.745781 408.577484 24.124802 25.323303
0 23.337948 484.404297 23.938148 22.698669
0 394.691956 401.417328 81.125977 83.140198
0 319.254211 557.807068 26.556213 27.829834
0 87.995544 71.860825 20.960709 20.443211
0 167.353607 418.353485 23.214203 20.766602
0 219.370743 83.890388 35.42453 34.761642
0 336.96875 491.277039 28.613586 27.181396
0 148.531906 595.571533 31.105377 29.676147
0 410.36026 297.284393 23.48175 21.790588
0 154.90065 497.138855 28.325134 23.688843
0 465.88559 493.401245 25.407471 23.777954
0 177.448105 394.618408 25.156708 22.527649
0 269.781189 165.505066 23.245178 21.478943
0 279.157196 354.440033 30.842468 29.284851
0 421.566986 562.072327 22.131348 21.643799
0 538.025696 266.848358 34.420898 31.117477
0 498.539368 222.712128 20.332764 20.997467
0 284.525391 566.849426 52.656616 45.61853
0 466.140442 369.187592 32.94635 31.728882
0 312.626434 288.064667 29.838684 28.33197
0 191.79071 80.727051 22.658569 20.963242
0 336.78717 138.611099 25.498474 25.549652
0 293.303467 526.803467 55.22937 50.435181
0 553.70105 405.716064 21.99939 21.421875
0 266.180115 592.819702 33.329361 28.897949
0 196.111069 386.581848 26.582581 25.273376
0 298.26355 53.275139 29.511169 28.942005
0 177.527237 450.173859 22.984161 23.362122
0 392.879425 490.005371 21.419861 20.0
0 505.807251 28.106556 25.286285 25.982857
0 168.864349 93.408524 31.258057 28.608398
0 198.981308 579.871643 26.270874 26.234375
0 239.391006 519.644165 22.992554 23.401764
0 558.56842 383.673889 26.447144 25.437622
0 508.043274 421.410004 83.38562 71.511658
0 170.500397 594.249573 24.583984 26.342285
0 343.277924 283.863098 49.84552 47.430908
0 368.063354 372.0271 32.828064 31.970154
0 619.43634 388.08493 39.043091 38.773071
0 244.453247 529.018494 30.490356 27.785767
0 205.89093 194.616592 29.946289 29.909119
0 5.655793 409.644806 10.918768 17.612793
0 541.610046 470.363861 52.476807 48.295349
0 38.026436 398.448944 20.720901 23.409485
0 194.638428 119.075478 21.765503 20.095108
0 497.839569 446.051849 36.644958 27.7854
0 172.418884 180.148331 21.642303 17.947327
0 441.198944 404.717957 37.163696 32.956238
0 474.515594 221.877777 25.057434 22.161591
0 40.635666 108.253342 20.23156 17.160278
0 346.314728 292.591309 33.612488 31.319214
0 339.792419 552.293213 23.218689 22.916382
0 412.917145 543.490723 19.823059 19.391235
0 566.314331 543.737366 21.270996 19.687012
0 409.032623 272.024109 22.001038 20.329224
0 611.450378 477.749329 24.448364 21.196289
0 489.445892 512.302063 29.231384 28.914337
0 381.34494 634.622498 19.122437 10.375
0 173.431198 575.050964 26.652344 26.40271
0 185.357483 385.639984 38.732117 35.062683
0 230.981415 81.882263 57.095947 46.821507
0 179.219894 321.792175 49.603882 55.217773
0 125.507935 360.205109 25.027534 21.747314
0 290.608429 269.128387 16.023315 17.175537
0 635.75592 429.397156 8.440063 24.647156
0 259.416748 627.298584 18.296799 15.321899
0 324.272644 5.840567 22.645447 11.681133
0 276.382721 383.846619 18.849548 17.541077
0 12.290846 297.418365 19.32003 16.668762
0 317.285095 225.740906 24.615784 20.304016
0 51.023952 615.099792 24.682587 23.059937
0 116.400513 279.041931 18.566605 18.051758
0 390.693024 397.937073 15.764832 14.205505
0 461.814117 247.112 17.905945 17.642151
0 360.5159 358.913757 29.751526 25.648987
0 488.6651 149.368713 19.734863 20.26767
0 394.648987 228.325867 19.514771 15.762421
0 331.614258 145.601425 28.311462 27.28717
0 22.5907 402.945312 15.035 13.964905
