0 134.034531 270.172424 36.512817 32.09166
0 12.849379 136.375977 25.367237 26.634773
0 90.637024 78.727013 31.834351 26.851898
0 56.87854 57.09697 69.529205 60.681808
0 191.731262 135.767258 28.365234 25.020355
0 23.918377 10.209009 27.168983 20.418018
0 140.026657 170.930191 30.242241 26.314728
0 501.891357 88.680573 38.48465 35.124146
0 247.243622 7.821133 29.356918 15.642266
0 531.632629 504.114532 24.487915 15.575562
0 188.395325 109.158699 25.95108 21.314911
0 298.625092 365.614502 358.087341 294.492188
0 601.619263 251.774612 76.761475 90.437164
0 10.551153 52.166428 20.70834 23.147224
