0 620.901489 83.766022 29.140991 26.795593
0 426.578033 149.286942 24.912354 23.082489
0 227.836548 35.166496 24.846283 23.784355
0 494.900818 21.579971 65.58255 43.159943
0 153.883087 525.410156 22.561401 21.330566
0 342.423828 526.534973 24.954834 25.093872
0 243.621231 501.472595 29.763336 26.13913
0 298.512634 582.399597 34.35968 29.945557
0 289.855682 609.592102 43.801453 41.839233
0 627.313293 330.729858 21.9552 21.303345
0 598.328308 142.549225 23.468506 22.164215
0 581.217224 130.204956 26.005981 23.369476
0 327.603302 165.774887 31.647888 27.203278
0 375.35144 627.873779 25.837463 22.877808
0 553.734436 124.047592 45.026001 43.723328
0 90.842514 38.428345 19.502625 18.480461
0 435.658844 55.067528 29.005066 25.219807
0 542.717529 9.532696 33.676147 18.588322
0 294.827454 66.439011 23.760925 20.645676
0 351.6716 269.738129 35.890686 30.428772
0 589.834595 163.816437 19.102783 19.162384
0 525.242371 114.218292 25.19165 24.447632
0 294.419037 593.146912 37.445312 37.422485
0 280.637726 226.254837 32.643372 30.909271
0 355.168457 593.61554 43.488464 44.004028
0 565.490051 66.331802 26.456421 21.605759
0 155.518478 300.002472 49.857147 42.69928
0 81.955963 561.88446 35.168442 30.595093
0 245.184387 541.387878 23.37085 22.282837
0 242.032745 109.420364 21.209503 18.970047
0 226.742386 474.264801 38.515656 36.529846
0 93.666313 363.391998 16.839279 16.283691
0 296.166443 552.133118 22.008789 21.192261
0 87.299904 613.99585 82.266678 51.790771
0 17.570587 514.979553 33.461304 33.297852
0 188.477844 228.806656 148.575684 127.861664
0 339.093201 555.430908 51.973572 47.185303
0 559.487427 411.58313 24.828491 24.494385
