0 323.520294 142.230743 148.204346 129.175232
0 610.868042 490.335754 34.674316 35.110168
0 536.804199 164.928802 46.292114 43.18811
0 329.567169 20.229115 28.901245 26.242516
0 261.260803 102.726707 26.778503 24.372391
0 376.376221 310.329834 26.499695 24.100586
0 302.878571 53.225803 67.129944 54.726036
0 514.333679 444.062347 24.180176 22.239624
0 441.484253 124.126808 104.036499 84.751389
0 269.748383 535.463623 26.06488 22.793335
0 180.83197 601.063721 65.751831 58.487427
0 60.311844 114.393097 34.285461 28.973152
0 135.975922 480.803711 109.769867 97.30188
0 368.014343 511.120422 21.93573 21.250153
0 229.134247 205.110123 22.292847 19.727539
0 63.703396 220.890121 23.516273 22.210754
0 491.093597 522.399536 27.286743 26.987946
0 246.169525 456.760132 30.490585 24.189331
0 408.612305 25.352909 26.359436 22.247263
0 610.007446 184.311951 59.356445 54.687866
0 402.730499 243.423767 23.885315 22.999573
0 178.919327 517.993774 29.617279 28.605347
0 137.980713 540.248535 100.355293 85.465332
0 25.01368 405.217377 49.776581 75.026367
0 574.157959 500.9505 131.684021 177.678802
0 67.231575 469.352692 37.78688 32.880188
0 556.858032 48.782539 100.883057 86.530136
0 367.155029 189.385803 60.957825 52.711151
0 304.859955 8.742713 40.886353 17.485426
0 269.169403 566.043091 182.489624 145.360352
0 8.141726 14.936855 16.156826 18.721107
0 66.607422 585.882019 53.49086 51.989746
0 387.857178 41.935394 20.519104 16.976692
