0 209.622955 188.714645 45.262451 40.253967
0 164.101868 497.147797 102.225212 85.117859
0 521.659973 215.915955 40.883331 35.194183
0 331.676544 493.84079 202.718384 167.988708
0 129.243835 584.373169 91.932281 76.276733
0 275.263947 578.310791 57.666916 52.618042
0 468.411377 366.836884 32.063904 28.724731
0 105.671349 7.327155 27.95459 14.278223
0 201.397934 583.8526 61.35202 53.847534
0 50.129532 550.292297 70.13298 65.835938
0 502.36261 614.160339 52.742432 43.84082
0 212.27858 32.29171 23.335419 19.678017
0 578.587158 466.856842 30.69873 29.577209
0 325.243469 102.387543 21.364075 20.131149
0 171.954453 484.69165 23.392761 22.214661
0 625.391296 370.38382 23.762939 23.042969
0 539.862854 534.193848 54.540649 52.535034
