0 133.365677 195.580719 32.161674 28.913208
0 238.820465 233.614624 27.242432 24.770691
0 390.691711 248.416275 68.671875 52.554352
0 405.061615 82.122688 28.852661 23.580887
0 436.387299 196.302628 26.013489 23.101501
0 589.598938 157.738953 27.764038 21.905334
0 20.224144 459.270691 38.587387 86.411743
0 370.059784 266.183014 30.66803 26.431229
0 581.5979 321.481506 23.510986 21.299561
0 634.758911 445.297119 10.482117 24.652344
0 549.615967 112.888855 25.491577 20.436813
0 245.203888 182.0121 23.429245 21.324036
0 479.118103 314.22229 22.751526 19.599426
0 305.48703 599.403992 19.910583 17.562012
0 283.196136 17.616144 123.724121 35.232288
0 280.562256 239.4216 22.366333 18.87204
0 4.544023 31.964863 9.088045 23.382284
0 36.722488 70.677002 22.180717 19.583633
0 131.694717 472.787354 217.083618 180.960297
