0 284.380157 551.24939 34.302368 30.611206
0 110.641449 233.077438 118.420113 110.151154
0 588.039185 225.137512 41.761719 33.866089
0 412.13855 268.58075 51.63031 45.402405
0 51.715595 366.443268 58.610786 52.666687
0 508.945312 83.901268 67.902008 62.769699
0 307.105042 373.552185 40.895142 37.906738
0 70.610443 460.229279 38.222519 34.313599
0 106.718193 134.103622 34.672073 31.73349
0 365.748291 331.914307 53.180847 47.002258
0 421.672699 630.788086 44.535583 17.616699
0 498.817413 534.136719 98.75177 91.003326
0 608.215515 201.451874 36.327026 35.184631
0 48.442112 427.927673 45.646263 42.203125
0 596.2995 288.964325 32.133179 29.751831
0 37.689171 183.217117 29.623001 25.245789
0 630.506348 115.929153 18.987366 28.153351
0 587.553711 480.94696 47.270752 39.181885
0 499.680817 417.783752 64.617249 64.166626
0 46.264526 200.27533 24.138458 22.014984
0 48.9086 54.231972 74.672058 67.209167
0 451.116425 79.898651 63.714844 60.914707
0 69.617645 184.723572 31.039677 28.627472
0 467.148773 124.863457 27.675354 22.274185
0 13.028457 492.970032 26.056913 29.697144
0 120.262741 101.413208 22.380249 20.967865
0 621.139404 503.516602 37.721252 37.270538
0 69.39328 122.250221 38.595444 33.898026
0 161.89679 279.402435 25.684692 23.464172
0 151.385086 318.2966 19.832977 18.342957
0 420.086792 55.692242 48.566833 43.222893
0 72.898102 493.962921 19.852905 19.705444
0 15.135723 130.178925 18.830002 18.029236
0 299.606659 516.69989 24.181824 23.81189
0 607.035828 611.074768 65.928345 51.483154
0 371.797241 140.27948 22.196655 19.484375
0 452.250641 12.119781 60.573547 24.239563
0 183.443375 191.36319 27.777557 24.288391
0 206.18544 534.56781 61.763214 58.77475
0 64.598549 531.958679 18.664627 17.623169
0 326.857758 132.505875 29.536621 26.605103
0 587.960938 551.23175 100.02478 88.666412
0 245.189697 217.529816 27.795547 22.805756
0 337.849609 272.460724 126.614502 109.189636
0 108.885788 17.412388 22.664215 21.063549
0 145.157181 81.700645 18.195038 16.426117
0 87.078003 529.299988 37.487549 32.546143
0 184.560303 25.732447 24.361298 23.04755
0 175.420975 61.302177 18.213959 16.828503
0 480.53067 22.986259 46.331421 38.270157
0 393.041687 591.326355 21.963928 21.262085
0 360.09021 203.420837 20.697693 19.158997
0 385.777344 568.468506 20.684021 18.512939
0 53.427795 151.81485 77.462921 65.769501
0 520.232727 519.802063 52.557465 50.933105
0 566.629517 419.11554 41.904175 35.646179
0 575.002014 596.374268 18.442505 16.848755
0 225.820801 263.744263 31.396271 28.79332
0 564.513977 332.183411 29.470703 23.396423
0 556.721802 119.745514 32.036987 29.263817
0 365.298584 303.610596 35.888733 32.135864
0 289.832794 406.835419 21.294067 20.380127
0 475.519958 630.44928 29.397339 17.356201
0 477.87674 522.121277 44.756958 38.837646
0 140.913712 66.447357 20.609009 18.362671
0 608.302551 311.120605 17.292969 16.68927
0 275.499878 374.012695 25.940247 24.249573
0 335.46109 533.095825 77.898682 68.381226
0 330.559265 407.593231 40.889526 35.983459
0 487.386475 42.268394 57.501129 44.506058
0 133.848419 561.297119 22.497192 19.917725
0 173.39505 547.15094 19.830109 19.532837
