0 419.186035 572.969482 110.908691 103.631348
0 278.026947 612.786621 33.280762 29.38208
0 139.849487 612.798645 29.169411 26.101196
0 600.716309 452.356781 78.567322 76.901062
0 337.267975 352.478027 31.448669 26.253967
0 156.186432 226.748718 27.748779 25.54007
0 173.228653 400.718994 33.457428 27.534912
0 379.382385 628.384827 30.692688 20.868042
0 305.763611 499.710754 20.969116 19.906677
0 134.590393 236.980576 22.949829 20.767456
0 33.54113 182.242447 65.966446 69.419342
0 44.255505 555.554626 88.511009 109.054321
0 235.468979 278.621582 28.973145 26.358032
0 525.477661 430.758575 29.883057 23.827148
0 113.722031 333.374359 36.465233 33.258301
0 175.910797 419.972656 20.767151 18.151672
0 399.25235 176.560699 356.409729 324.156799
0 41.560097 45.275696 33.157356 30.845535
0 324.545197 26.222496 24.849915 20.223436
0 143.215973 295.219452 193.8591 155.347961
0 199.568924 390.961365 27.625244 22.539368
0 160.725281 589.187561 21.77301 18.110107
0 187.227005 475.300781 253.733124 178.528442
0 552.127625 547.401733 175.744781 178.182373
0 138.302139 98.577896 254.592133 197.155792
0 279.361298 529.951843 20.854675 17.546387
0 344.206451 619.56311 41.827637 32.863525
0 353.701416 598.097473 22.277283 20.508423
0 40.96312 304.923187 26.911636 22.999756
0 138.066925 379.227966 27.608002 25.750244
0 265.896057 457.72522 15.899109 15.763794
0 205.981598 552.966125 29.984833 25.14978
0 97.046837 578.626648 20.700684 18.362915
0 422.003906 545.5578 19.809387 18.536743
0 303.691559 589.887268 19.505676 19.013184
0 156.182434 560.100769 20.729797 17.706055
0 621.6073 355.836121 36.649292 44.454712
0 180.840332 206.701935 38.777863 35.310425
