0 147.562958 383.319824 59.263481 57.511475
0 563.247498 390.047638 25.701294 23.303345
0 348.15744 43.44099 26.248474 23.932547
0 150.497726 154.365097 26.491486 23.71109
0 379.370117 203.012695 186.855408 170.194092
0 240.424133 41.150158 87.477097 72.33123
0 264.259277 480.950989 108.991287 99.588501
0 110.80027 606.37738 28.784103 23.518066
0 219.965988 184.302887 25.212341 22.655853
0 437.765381 158.900024 23.597046 23.255707
0 392.033356 12.694126 33.725586 25.388252
0 399.876587 188.28215 30.767578 28.038147
0 424.86499 461.817932 20.93335 19.037659
0 607.388062 119.688721 24.20105 21.857918
0 181.90419 292.200012 109.918541 109.227417
0 61.347855 634.482544 22.144741 9.653931
0 277.818115 299.909241 106.875793 94.6521
0 18.786808 74.080254 20.534977 17.622757
0 604.682251 469.510559 70.635498 128.104858
0 526.634888 348.873566 64.733398 56.924438
0 569.109131 365.810852 26.297119 24.994751
0 9.649134 330.670135 19.298267 20.323059
0 566.315063 237.421356 147.369812 228.813721
0 376.049805 420.058746 25.001831 21.35553
0 583.970703 61.413284 35.544556 34.564072
0 619.996643 108.14592 19.286621 18.39386
0 314.414825 148.881195 18.498108 18.611023
0 208.076859 524.318176 60.209198 52.972168
0 258.180481 54.374527 62.175797 53.496201
0 36.947266 615.403809 67.749344 49.192444
0 163.792557 444.38974 66.662872 64.035095
0 67.622101 576.923889 54.457809 46.400879
0 617.553162 85.680519 34.581543 29.541183
0 390.140228 380.564056 23.950684 21.728638
0 293.533417 95.834885 74.236755 66.556763
0 466.000763 618.455627 20.86261 19.518433
0 13.33093 582.534912 26.66186 35.255127
0 185.985992 128.761597 48.796509 43.421844
0 557.304138 420.464661 37.761108 38.024292
0 89.188782 486.749451 21.311783 19.468079
0 538.752075 74.756752 41.299805 40.622269
0 128.572754 204.593552 19.404167 16.960602
