0 177.074493 315.580353 73.285675 68.242371
0 268.751373 378.151978 64.555481 63.675049
0 68.37207 186.818405 32.311386 29.965698
0 254.638321 481.379852 24.874054 23.536011
0 496.840454 593.239441 31.855103 30.579102
0 12.105591 189.763504 24.211182 37.635376
0 22.781391 85.961479 29.927542 25.624802
0 597.320251 79.039764 23.296509 21.483963
0 481.695587 9.467793 23.227539 18.935585
0 508.833069 407.497253 22.803711 21.317932
0 311.803802 557.088196 37.921448 32.143799
0 565.840454 549.039062 31.537476 28.249634
0 613.333008 89.589279 21.276123 20.001999
0 633.094238 194.194794 13.811584 23.015747
0 34.821037 248.342194 22.488564 22.545639
0 600.753845 482.564636 20.199707 19.098267
0 104.007149 467.609344 21.680054 21.175781
0 345.851288 386.73645 30.277222 31.256836
0 599.74707 567.756897 29.767334 25.970459
0 261.30658 126.254974 33.130478 29.999298
0 33.884548 108.451767 53.669899 47.570763
0 4.639976 466.637115 9.279951 41.178101
0 95.700256 313.016785 31.461975 27.835205
0 33.583698 507.597443 22.849998 20.529846
0 286.879089 100.164474 18.06427 17.088501
0 391.335632 579.740356 28.800232 24.184814
0 490.441528 507.414154 21.674072 19.741638
0 368.512207 305.915436 21.283081 19.176392
0 577.627258 114.766846 25.029297 21.921921
0 144.828033 273.953369 37.106812 31.279663
0 569.085938 229.161163 138.980377 159.734299
0 611.708069 530.507507 23.199829 19.390015
0 24.687962 16.095411 22.595734 19.625477
0 331.037506 513.977966 74.330383 63.856079
0 11.832027 571.83374 19.962334 18.567383
