0 251.360199 228.772812 34.86998 31.926514
0 145.253937 432.155457 39.648682 36.338562
0 523.009766 441.60788 25.116089 22.874512
0 284.817749 231.551682 26.446045 23.090729
0 549.520325 522.568726 22.297729 21.101685
0 294.218384 126.456573 19.916016 17.938988
0 41.717052 209.999054 23.887856 21.463013
0 394.029114 93.627708 22.543518 20.534409
0 63.82159 553.903687 38.70034 34.536377
0 586.209839 538.974854 22.56897 21.433716
0 499.277466 368.509338 20.590149 19.309753
0 535.528564 476.047363 20.818359 17.652344
0 606.315063 152.087479 21.118286 20.032562
0 372.170837 541.635986 17.598999 16.905518
0 154.576248 371.641083 19.036194 17.231689
0 105.069298 157.180527 19.481094 16.793671
