0 206.884644 339.976501 60.988586 56.519897
0 488.082397 106.015808 189.883514 183.34259
0 493.889465 357.02243 81.024689 80.429077
0 250.240509 286.734558 39.37468 39.135132
0 279.1539 322.794464 35.23175 32.90918
0 365.500519 409.571289 37.744934 33.78418
0 387.647095 487.809387 40.637695 37.530518
0 573.958008 477.410614 21.002563 19.512024
0 134.389389 407.821228 32.965271 29.656494
0 70.290787 343.541351 35.028778 31.548462
0 184.375977 102.357376 45.963501 42.013046
0 144.449142 558.980957 88.213402 81.469238
0 427.048981 269.525574 20.050598 18.82605
0 33.074356 216.023102 23.033394 22.460419
0 198.493286 128.432495 41.223938 38.927452
0 233.272125 434.246124 25.20636 24.413086
0 255.187393 110.443733 28.891022 25.838272
0 146.03511 629.96228 48.573334 20.0755
0 74.152252 460.892395 64.486145 56.223755
0 207.473328 279.125275 51.508148 43.834961
0 310.221619 630.550537 33.07373 18.898987
0 165.090179 226.30574 37.941986 33.958496
0 179.867599 9.833971 57.5578 18.838474
0 451.996429 284.697815 20.117981 17.776123
0 186.563385 244.559982 34.361786 30.813324
0 17.713999 565.69519 22.507946 20.910034
0 92.310623 500.747101 37.615555 30.649353
0 269.465057 432.517578 23.429077 20.021362
0 547.186462 29.239548 19.796997 17.69647
0 203.013794 626.268311 37.560333 25.736816
0 333.315399 512.972046 23.652649 23.596802
0 625.75592 23.646355 23.978271 22.833239
0 296.255707 264.954285 66.853455 58.382248
0 113.916191 174.626801 30.288864 27.585327
0 246.467865 491.940552 45.389145 37.133728
0 4.783319 580.109497 9.566638 27.021362
0 357.39798 8.241638 51.101624 16.35714
0 269.215271 27.105244 32.93425 30.807472
0 469.663177 237.944534 43.639771 35.899139
0 189.070648 460.777222 30.236542 27.451416
0 386.578857 239.575134 18.585999 17.098022
0 539.516113 621.483154 171.740356 37.03363
0 200.460785 389.297638 25.666321 23.535217
0 117.347244 193.2099 39.106506 32.609619
0 494.351715 453.159271 24.175842 21.908691
0 632.198059 534.719727 15.603882 18.356567
0 191.497177 115.874359 41.950073 39.851318
0 456.026764 461.268433 30.475098 26.528625
0 205.070099 580.674011 58.610321 49.342651
0 181.796448 411.548645 21.558594 20.161377
0 66.998558 188.975754 61.128662 52.418945
0 234.197266 229.108002 19.006775 16.4953
0 257.873535 455.138092 24.769974 21.375366
0 108.160942 427.810486 33.261917 30.298401
0 483.789551 267.800659 57.254303 42.817932
0 75.754379 57.101189 25.803696 22.498489
0 340.24939 34.206371 27.57959 24.176918
0 134.586655 283.361694 34.946381 32.710022
0 625.956116 369.992523 14.409668 14.100098
0 348.726929 628.805054 43.461975 21.572388
0 302.68692 493.006866 41.955811 37.644104
0 625.942139 51.477791 24.659058 26.808697
0 148.273132 201.338577 26.600952 24.33725
0 118.314369 240.808609 69.837387 57.624847
0 197.998581 252.533691 48.427887 39.702454
0 561.89502 447.712219 15.083252 13.987427
0 121.58252 99.091782 31.565056 27.260193
