0 588.810852 163.57634 64.105957 58.851593
0 332.433838 354.550598 56.264404 55.158997
0 212.405853 142.606934 173.280579 151.943665
0 212.692383 275.350006 32.899353 28.631287
0 315.445038 427.912811 61.833069 62.833191
0 627.07959 600.625671 25.84082 28.273926
0 190.191132 299.105835 29.683441 27.051575
0 432.2966 364.437744 34.790527 34.325378
0 371.614471 422.450348 31.569214 27.825012
0 551.854309 23.412464 23.744141 23.641869
0 98.371773 213.72908 36.810135 33.520599
0 532.745911 455.835083 44.001221 40.569397
0 51.908718 360.302063 24.020226 22.833862
0 361.505402 9.140503 45.804382 18.281006
0 215.077179 320.128815 29.223083 26.926086
0 260.004456 42.777607 25.341248 22.747162
0 261.804688 216.83136 32.814011 28.94339
0 414.548065 119.207298 27.611084 23.750015
0 257.071625 238.876068 58.172836 54.105301
0 339.595062 301.571533 51.681519 49.608459
0 132.540314 396.770966 38.173096 36.383545
0 59.865791 160.991959 119.731583 195.024506
0 137.068481 56.229729 22.87191 20.956451
0 133.23259 280.478973 18.339272 17.525391
0 590.375671 343.367889 42.408691 42.522583
0 534.051819 205.80864 62.973969 56.46991
0 407.098389 468.99649 38.002014 36.690918
0 399.20282 24.163322 46.950867 43.270355
0 514.668945 511.641235 30.374146 29.539276
0 147.418076 71.17382 20.209076 19.434006
0 226.951782 11.406885 23.585815 20.211727
0 220.516724 57.784924 17.959351 17.371132
0 549.374084 352.175293 48.403687 50.424377
0 578.559326 434.039459 50.919189 48.109131
0 298.733154 479.292908 23.362305 21.01593
0 342.68985 617.079529 48.9328 41.249268
0 156.479034 243.551834 25.437775 24.220367
0 630.352539 177.400787 19.294983 29.641571
0 291.024689 229.71524 31.716125 31.185242
0 138.735764 202.419357 54.15506 46.760834
0 397.384308 105.483765 165.489441 146.169556
0 631.118652 273.596069 17.762756 19.500305
0 211.384705 339.981689 21.552246 19.394348
0 158.286697 86.062714 28.04483 25.540909
0 114.79113 289.505219 15.717834 15.521606
0 129.812149 339.613831 28.534943 27.187805
0 62.382629 458.163513 30.066349 28.613159
0 468.946655 315.945465 18.825073 18.419189
0 626.462646 553.663513 27.074768 32.959106
0 487.793945 315.112579 23.613525 19.684326
0 617.696533 260.200256 22.874756 21.026627
0 322.589996 461.676147 45.037109 34.644348
0 233.480164 626.805359 23.562836 21.400757
0 329.483368 497.532288 40.963074 34.91861
0 300.220734 200.653976 46.053406 40.935699
