0 385.069794 195.504333 50.634644 51.872437
0 243.1297 368.640015 47.159012 43.482971
0 425.435364 286.636475 42.134399 39.563232
0 419.040344 624.450684 34.486633 31.098633
0 304.540771 415.481445 48.52124 44.070374
0 284.145844 446.203186 51.420898 44.428772
0 333.158966 378.440979 29.106995 29.401428
0 261.028656 337.384155 27.704834 26.676392
0 473.656006 194.734818 25.42804 24.720673
0 624.809204 508.617188 28.487061 28.27774
0 179.061218 286.585571 26.178162 25.411621
0 185.972519 513.851135 25.639313 23.671051
0 320.716827 517.433228 23.952942 21.950531
0 335.807129 425.393433 29.325806 27.75824
0 385.365112 258.296509 26.541687 24.893921
0 523.717834 563.588135 26.640991 25.613037
0 465.595642 602.013611 28.665405 26.071411
0 391.450317 445.465973 22.475342 23.245483
0 171.339264 326.240326 28.899323 25.963745
0 166.841461 548.087036 21.829071 22.818848
0 399.837219 494.324585 21.813721 22.472595
0 456.258179 11.450039 23.064148 22.841774
0 360.652863 468.409912 32.021057 29.534424
0 133.718109 600.591797 23.265862 22.223999
0 211.783417 594.620911 22.300995 19.414795
0 328.984375 339.832306 30.206543 28.607422
0 594.952515 118.015114 18.999756 18.291931
0 131.291428 423.483582 99.435089 86.578857
0 479.100739 621.987549 23.675842 23.397827
0 449.43399 618.12616 23.891174 21.543335
0 560.873718 104.542572 20.993164 19.665375
0 167.430969 589.746826 18.831879 19.021729
0 170.644943 263.38443 20.108002 21.006943
0 517.146362 633.785889 20.724884 12.428162
0 433.230011 362.031097 20.458069 20.705933
0 628.214355 401.648285 23.213379 25.743774
0 406.002106 460.858093 21.122009 20.959412
0 119.293747 443.926727 21.46064 21.06781
0 126.653122 631.112122 20.477173 16.68811
0 25.427656 335.628876 18.931705 18.505066
0 315.103485 43.294605 127.908508 86.589211
