0 226.705673 175.219208 41.63205 37.210907
0 532.097168 386.355347 33.248535 30.181519
0 100.784851 353.323395 30.329193 27.117371
0 229.465668 582.420105 25.011871 23.569458
0 289.666748 77.930038 26.196228 24.162628
0 522.347595 439.263733 25.847443 22.184326
0 620.872253 11.050521 22.638428 22.101042
0 207.938095 518.866455 25.215912 22.671753
0 384.263763 618.039001 50.847961 43.548584
0 299.349243 392.091705 28.199158 25.590698
0 246.852264 411.956848 63.220261 59.15918
0 567.3927 130.600739 33.259277 30.978882
0 37.89193 131.674606 49.703598 46.044037
0 278.513336 57.10495 34.876587 31.931133
0 393.909485 24.06398 53.392883 42.634033
0 372.893982 323.1073 28.299194 24.585693
0 545.789185 605.767212 36.808838 33.505005
0 547.726624 423.514771 38.983521 35.770752
0 34.884369 326.390625 68.217529 67.037781
0 223.497986 11.206635 32.787292 19.295822
0 141.083908 441.397705 79.895752 73.993713
0 31.514427 292.195251 29.862831 27.364502
0 559.701294 170.299469 39.815063 35.388489
0 245.636047 120.903442 42.697571 36.257088
0 42.424362 422.123718 51.788242 49.234619
0 183.44281 87.724258 61.696655 54.717621
0 153.410416 107.574455 19.372894 16.697052
0 191.262253 490.0802 57.420837 49.365967
0 302.076538 43.567863 18.013123 18.087227
0 600.221802 434.758362 66.982178 61.144653
0 280.809814 319.187347 52.249832 48.270508
0 421.970978 234.176941 22.866211 20.038177
0 119.630516 24.496181 54.734665 45.117149
0 98.374222 299.726074 19.322601 16.377441
0 516.755737 491.851318 29.867554 27.139282
