0 524.556824 597.185303 33.082886 29.380737
0 517.664551 94.625931 26.077881 24.865326
0 47.010361 306.85556 30.36087 29.28949
0 265.408173 629.193848 34.162582 21.612305
0 461.157288 499.162964 46.783813 40.683716
0 221.804276 585.310486 24.858582 25.763672
0 33.642006 280.192627 32.567795 30.395935
0 450.508728 526.039978 151.744507 131.198853
0 77.265465 264.044861 34.058544 32.324402
0 323.043823 7.28427 35.925049 14.51573
0 21.835232 300.938141 30.922064 28.089294
0 622.068848 449.576447 19.231445 17.783142
0 258.731628 549.805847 71.757401 70.746704
0 407.169373 241.293472 21.445679 20.506897
0 57.683395 416.888458 30.73399 28.914856
0 7.240486 353.883057 14.480972 64.863953
0 601.32605 366.888031 20.537598 17.538879
0 442.363068 444.511658 27.440186 25.406799
0 242.786224 619.826782 29.477036 27.223511
0 120.920937 275.769592 60.889328 63.927612
0 448.117584 442.294434 45.049805 37.87262
0 546.700623 495.024567 52.566162 37.836975
0 433.888214 34.624187 19.426147 17.230057
