0 373.013092 132.717346 52.577881 45.33149
0 166.13327 57.260094 48.418396 41.877991
0 463.271179 208.793213 39.086853 35.826996
0 107.932686 417.909088 29.945496 26.779419
0 175.247131 98.598961 35.630615 33.218445
0 522.649231 193.238205 28.865082 25.903412
0 144.490906 499.776825 57.598915 26.400208
0 218.00386 476.047821 28.623657 25.737061
0 116.602066 292.084167 56.45974 46.693237
0 338.949951 388.483765 29.696167 30.595642
0 518.733521 219.180283 33.62561 31.164337
0 366.288666 243.36496 31.44574 30.002319
0 10.091475 160.653366 20.182949 26.911621
0 401.329132 151.395798 30.31604 26.251251
0 627.426636 249.601807 25.146667 31.546509
0 489.4935 181.130096 28.546631 23.391205
0 436.482422 31.271942 87.584839 61.768227
0 17.95203 28.131599 35.90406 47.645691
0 433.062469 115.352638 23.519409 21.805618
0 248.975372 14.044987 25.312057 23.730919
0 524.341492 160.893692 22.539551 18.999756
0 366.374451 186.503479 81.676208 71.671326
0 472.095459 244.813431 21.700317 20.632996
0 105.129013 320.127319 39.878204 31.679382
0 408.540741 231.654663 23.045166 21.217529
0 432.375458 265.897614 18.276184 16.047729
0 14.042263 210.278671 28.084526 58.985352
0 268.266846 142.729462 27.421814 24.690704
0 586.032166 123.860916 20.592651 21.444031
0 577.314453 324.164001 19.549194 17.758179
