0 171.371689 102.326523 33.533966 29.835373
0 552.822266 328.780914 27.017944 25.177368
0 85.601562 115.448845 30.562988 27.417618
0 185.796906 589.362366 24.958557 21.869873
0 445.871979 208.94165 196.670959 210.545898
0 42.883316 201.94989 52.592926 43.176483
0 144.854965 463.222656 60.195496 49.553955
0 282.68219 117.653473 155.788513 157.267273
0 417.035431 445.075104 124.523804 127.739136
0 278.489929 327.457306 229.088379 196.790955
0 128.209442 414.162964 49.543396 49.8526
0 15.422241 461.540527 30.844482 41.985718
0 634.340454 84.593018 11.271851 20.450256
0 238.137283 118.517532 23.952301 21.526863
0 584.104187 587.632935 110.72229 103.761963
