0 164.864929 281.056 101.862183 93.461838
0 66.221527 537.324951 38.430298 39.472412
0 607.066895 173.867279 55.908081 50.360382
0 613.099915 283.293762 32.990112 30.736633
0 159.958908 420.438782 28.501556 26.804443
0 187.705704 577.216431 39.510895 35.2854
0 439.834442 477.494568 24.412354 23.703186
0 203.294327 132.617905 37.542816 35.16037
0 581.697083 97.413193 37.196533 33.816055
0 147.49472 477.839233 32.128693 28.810181
0 564.53717 236.738571 31.232422 28.467133
0 557.721069 513.248047 33.913696 30.479004
0 582.202759 13.314653 36.427856 26.629307
0 528.29718 128.675842 30.148926 27.411072
0 104.991211 258.074188 24.879684 24.192078
0 433.00473 519.434875 26.066101 23.526611
0 323.98056 83.674515 29.505737 26.359024
0 181.37207 29.127956 27.967346 25.499512
0 409.846649 212.986984 33.961853 33.027954
0 339.935791 194.19632 34.695984 31.3526
0 427.437561 81.147827 24.327942 22.628616
0 76.499046 331.606018 32.670547 30.341553
0 78.554062 361.181427 40.166752 34.581909
0 299.884064 440.589966 19.934387 19.224976
0 534.926453 299.63736 26.89209 25.224731
0 616.957214 253.799194 23.501465 22.979263
0 110.284981 11.625801 26.461716 23.251602
0 210.643188 391.969604 35.36972 31.117493
0 418.674896 281.713837 40.162415 39.133972
0 380.027863 151.346542 20.880249 20.361359
0 358.08078 420.176849 26.658264 24.514343
0 234.055298 195.537231 20.747101 19.875244
0 352.929749 570.449219 30.655823 27.415405
0 285.873932 319.010773 26.841553 24.73584
0 608.185608 586.519592 23.802124 23.677734
0 503.677368 76.57032 26.678833 22.051163
0 260.516693 376.042572 25.742447 22.294189
0 307.937439 357.979126 28.007568 22.891418
0 38.633652 201.360901 22.702513 19.947296
0 239.691345 571.063721 50.372452 45.978394
0 127.41539 71.236069 24.68988 22.051853
0 454.740875 69.137985 19.190979 18.143711
0 178.576477 153.717484 23.989868 21.859009
0 386.826874 562.507141 42.882629 38.19397
0 577.003723 198.50769 20.046143 19.642853
0 26.509056 597.981445 53.018112 66.403931
0 397.464905 250.170029 19.005188 16.881439
0 51.428566 166.510529 18.891388 16.633575
0 38.272614 135.051285 21.331581 20.632683
0 291.006165 410.59256 28.347046 26.025269
0 306.256165 537.888062 70.939453 63.8927
0 508.36261 94.051056 18.390778 17.15036
0 247.977463 171.004745 19.834686 19.10025
0 395.492432 196.396347 37.966858 33.687286
0 570.945129 347.612854 19.824951 18.183167
0 35.037498 410.4776 27.506409 24.463501
0 115.460899 348.636139 21.6008 18.034241
0 151.996002 29.117943 22.234802 19.706528
0 400.517944 365.693604 146.39502 133.561829
0 563.751587 443.36441 33.149902 30.91687
0 431.831909 355.711517 18.339172 17.244568
0 108.7285 69.125381 18.949783 17.272526
0 604.888855 149.497467 37.121338 27.985931
0 109.674561 169.615326 18.10527 16.260925
0 426.034485 62.201111 17.965088 15.204208
0 206.093124 416.107269 22.009918 19.830566
0 162.260178 224.816483 21.344025 18.238739
0 522.719055 375.340485 17.120361 16.562073
0 189.893921 536.961731 172.911804 155.696136
0 273.014099 459.52298 19.696045 18.100098
0 316.560608 455.79248 26.13916 22.87616
0 312.072235 191.312057 21.38916 18.825348
0 445.291687 214.90834 35.578491 30.055939
0 535.756042 76.322189 34.161987 30.775265
0 254.404617 104.049118 90.46048 75.928375
