0 344.580597 174.604492 40.330322 35.195923
0 222.845016 171.07132 30.455902 26.823242
0 110.409088 313.428589 27.345749 25.903809
0 176.811218 537.256104 25.855774 23.635498
0 303.362762 287.365845 56.027283 54.176086
0 368.494293 601.224426 24.219849 20.766235
0 144.469925 19.158195 20.255768 20.718372
0 81.100304 456.287842 23.117233 21.288574
0 135.933151 616.61676 21.444969 20.559326
0 76.139359 512.285828 21.112106 18.986084
0 60.779366 106.846481 21.650284 19.033447
0 361.899109 393.651764 23.048218 21.158447
0 369.948242 261.585388 23.019043 26.751282
0 280.284515 629.49646 41.790771 20.454834
0 10.810682 554.685608 21.621365 27.427002
0 28.727558 397.104919 43.99691 34.608337
0 263.207275 521.777405 31.446167 30.48584
0 121.489662 102.485893 242.979324 204.971786
0 251.912354 337.040802 28.565262 27.702026
0 65.541374 593.076416 29.071854 26.405762
0 11.847198 451.770508 23.694397 25.968811
0 34.781689 555.073303 27.460312 25.562744
0 24.322399 422.226593 46.574333 40.879944
0 226.839203 632.641296 22.600067 14.425049
0 209.488983 289.218384 26.889526 24.27063
0 304.371552 622.048035 95.406799 35.903931
0 29.476942 379.409943 29.671947 26.081665
0 27.489262 624.50824 54.978523 29.357178
0 80.871262 494.207214 18.849731 16.357544
