0 138.679443 623.415161 39.907112 33.169678
0 253.915863 356.002991 28.798462 25.669434
0 47.146477 566.578064 22.222427 21.714111
0 566.078308 332.611786 22.533203 21.477722
0 609.655823 256.959137 30.675293 29.672607
0 225.925659 453.992767 22.3909 21.76239
0 558.716064 531.822876 26.113403 25.336548
0 617.453796 49.590134 31.888794 31.73592
0 120.017792 188.73819 59.042572 53.797882
0 379.703613 490.034576 20.1604 18.104126
0 41.329079 611.856201 18.864159 16.646729
0 219.924286 444.72818 22.199463 18.910339
0 146.706345 89.600922 19.250549 18.427963
0 501.28183 15.553926 78.28717 31.107853
0 341.632812 588.045227 24.773071 22.163696
0 266.589233 547.306458 51.650894 46.894775
