0 417.301147 175.642365 122.454712 99.079865
0 267.574615 285.883209 83.76709 78.463257
0 470.113586 457.186066 118.573822 94.731262
0 277.545258 21.955145 57.307922 43.91029
0 578.959778 405.967255 114.695312 98.140808
0 19.579693 179.147781 39.159386 39.835907
0 135.104996 406.072388 40.045746 38.371887
0 612.20459 370.0448 34.34436 30.133972
0 127.417511 540.22522 40.879295 38.693481
0 95.28392 426.970215 60.509033 57.4552
0 518.868713 254.024765 29.485748 24.93454
0 173.397385 564.09082 90.095703 71.883911
0 231.11087 332.387817 72.467239 62.301208
0 175.932892 614.533325 28.66275 27.177124
0 226.094376 534.708679 30.021179 25.942261
0 363.723877 541.704163 27.392273 23.974243
0 355.890198 90.989166 141.026123 113.14563
0 68.346802 245.201599 55.749603 50.756653
0 150.707321 127.322342 28.819977 25.106445
0 107.6978 360.224091 50.362 44.522522
0 34.150063 396.727936 67.625443 58.281921
0 192.809326 40.285362 110.132385 76.216568
0 471.002533 499.02948 27.881348 24.591064
0 488.967407 78.474472 167.084351 148.027191
0 316.318604 163.480484 81.016846 71.040611
0 608.045532 623.588379 45.144287 31.651245
0 376.687164 458.915588 25.706421 22.412231
0 620.754944 178.390274 38.490112 58.016785
0 258.891357 622.946899 65.080994 34.106262
0 190.780731 509.210327 24.545197 21.631256
0 374.845215 381.295105 73.936279 59.962891
0 454.713074 606.408508 23.427795 21.434326
0 522.019531 195.113754 45.527496 41.851379
0 75.731056 599.152649 23.508133 21.752319
0 259.95639 187.653381 65.405701 55.976624
0 567.621765 185.300613 55.196045 47.144623
0 31.025913 223.237717 22.528099 20.626709
0 557.484985 158.578766 29.21936 23.826752
0 52.274307 553.173401 103.825165 100.091553
0 26.553738 118.809486 18.621099 17.13382
0 37.205856 60.346275 71.145264 120.375122
0 19.380386 366.76593 32.846039 30.343811
0 193.770355 162.973145 74.843689 64.614563
0 210.389099 68.633408 27.920044 25.017303
0 151.795273 382.979645 35.323914 30.217529
0 603.836426 53.90213 65.362793 59.688965
0 499.062225 359.667816 77.377869 65.987122
0 96.070496 324.653595 44.684479 38.746277
0 574.13147 377.288727 21.295776 18.642578
0 20.476269 140.492142 28.667089 26.385536
0 295.460663 144.737289 58.863708 47.418182
0 276.643036 102.678596 37.503052 35.353836
0 14.08465 349.885681 28.1693 36.289612
0 207.591492 393.515839 39.705811 33.992737
0 204.444183 222.961319 19.931122 17.421722
0 88.347 391.916534 44.472076 39.95697
0 141.226837 484.156738 113.7453 112.574432
0 524.470215 562.899231 20.554077 18.616699
0 271.788086 428.685364 90.520325 85.552856
0 108.979874 75.969574 33.246124 28.693619
0 133.589569 340.126495 19.776863 18.009766
0 140.151794 79.872543 45.549446 38.095749
0 98.335739 13.604906 60.691803 27.078487
0 491.432861 377.798828 19.800232 16.967285
0 554.078552 215.039566 22.273926 19.710724
