0 317.140533 276.877686 116.087097 111.601608
0 115.120491 117.595016 49.225418 41.562073
0 234.588776 503.431366 69.001999 61.701843
0 578.871277 498.448334 38.333252 38.13739
0 369.161499 30.771049 32.016479 27.990677
0 415.175385 546.145386 60.525208 52.404907
0 81.156097 393.197205 162.312195 187.575623
0 232.721909 599.576538 206.422943 80.846924
0 195.602829 134.218765 71.2164 67.271881
0 131.966385 76.985764 30.513023 26.12698
0 183.411148 10.495132 46.870667 20.42767
0 344.064087 566.610291 123.643066 90.177612
0 508.731628 148.641495 28.183197 26.485596
0 616.639893 394.718018 22.812988 21.667114
0 155.983459 170.801743 47.529572 43.073456
0 490.151367 164.501968 26.770874 23.703522
0 522.592163 192.361099 31.049438 27.899231
0 480.794769 487.91214 36.389832 32.162048
0 488.948303 210.706161 282.737793 245.230316
0 342.92041 590.370544 27.269165 26.438477
0 514.378174 581.421753 251.243591 117.156494
0 453.252808 151.172791 38.104187 28.484161
0 90.184502 63.469646 46.476913 38.813347
0 179.318054 381.703857 19.289917 16.900757
0 233.610916 116.849731 44.425232 38.802765
0 50.354897 306.475708 85.835693 74.641785
0 55.150322 247.669006 47.398884 45.579605
0 180.163712 199.657532 25.94574 22.942688
0 332.304382 342.789062 20.660828 19.06488
0 251.839447 197.571487 119.210983 96.772522
0 172.772247 183.242981 26.139038 24.990631
0 171.344498 334.747284 22.579803 20.806519
0 107.316544 38.468307 17.924713 16.487282
0 495.78186 108.029762 225.111206 216.059525
0 567.006531 297.057343 145.986969 120.974854
