0 281.320496 471.174957 151.125992 141.38324
0 524.00293 479.934448 91.792358 91.005524
0 601.856995 109.928024 76.286011 74.38089
0 358.558899 197.103165 30.773621 26.755707
0 585.424805 318.079346 109.150391 134.470947
0 130.356216 630.969849 19.827118 17.628296
0 590.23114 563.833801 99.53772 132.710693
0 397.511627 597.805359 46.201843 43.806885
0 379.853943 292.830444 141.408325 135.942627
0 478.473633 580.832458 118.399384 109.899414
0 600.545288 46.814568 78.293823 89.707779
0 156.117935 309.295654 38.406067 35.025696
0 403.040527 525.595764 68.535889 62.580475
0 430.99826 473.93692 26.583313 24.395264
0 132.332108 372.088898 133.843079 112.537659
0 413.554718 629.10498 53.308472 21.790039
0 55.448586 70.147934 110.897171 140.11319
0 552.636108 198.971619 174.361816 175.558243
0 467.792358 447.1745 21.892029 19.265991
0 375.679901 478.051453 62.753662 60.234985
0 454.9823 4.940633 29.181519 9.881266
0 342.131592 542.738159 69.741028 64.840057
0 174.926346 29.295029 25.515381 24.421928
0 15.271635 381.782471 24.661465 25.411011
0 569.214539 141.441315 34.984009 31.79538
0 306.9888 631.606812 32.553101 16.786438
0 124.015549 114.255539 127.132721 119.28006
0 12.241873 316.877625 24.483746 44.101807
0 227.504898 393.085754 42.990631 41.058655
0 101.204712 506.842773 190.591858 188.837616
0 503.219574 600.07489 61.010925 59.565063
0 330.296722 628.991638 19.973816 17.470337
0 49.316811 351.749207 36.758991 35.738647
