0 402.648651 199.855301 69.638428 62.519745
0 523.439575 555.387512 72.442261 67.170044
0 400.948944 610.109558 75.080566 59.780884
0 398.665833 460.283508 45.148193 37.030884
0 551.731689 222.745468 176.536621 199.113861
0 199.298462 437.555481 33.808411 29.869385
0 38.346542 91.803352 52.244137 43.006729
0 158.379181 122.855515 33.981628 28.392487
0 442.808289 477.102051 50.10907 44.059143
0 488.235107 326.183105 49.820312 42.065613
0 384.124115 91.639069 38.393127 34.301804
0 530.82605 598.838379 26.29248 22.34082
0 204.252579 630.396179 63.684845 17.047241
0 306.767548 14.61747 38.32428 29.23494
0 598.601868 526.142212 28.235352 24.929077
0 362.981445 415.707336 26.032227 23.625427
0 401.886383 357.308533 39.378967 33.419373
0 438.567352 293.222321 113.388733 94.752731
0 130.305267 483.448853 32.519371 29.034302
0 506.326538 88.530029 33.565674 29.168411
0 402.466766 109.164581 27.631531 21.41925
0 15.57201 66.075623 27.346832 23.602707
0 466.253357 18.883678 26.957703 23.284378
0 516.369019 357.24115 48.443604 39.590759
0 395.494507 6.547022 31.284973 13.094044
0 291.319763 139.355774 23.066711 21.48056
0 282.528046 519.88092 22.910828 19.520508
0 471.54599 401.392761 37.408447 28.597717
0 164.602295 82.715363 33.796448 29.21373
0 273.827637 246.734467 117.247925 101.581833
0 240.673676 549.949585 33.286316 26.92334
0 628.043213 442.435181 23.913635 31.441284
0 272.860291 445.050049 24.682312 22.598938
0 211.68219 82.260223 38.142609 30.882614
0 593.063171 459.136292 65.508911 50.700012
0 299.478516 555.650513 25.49054 23.501709
0 569.062927 595.67041 21.858887 19.00708
0 208.725006 578.60553 22.175751 20.186035
0 298.356842 104.620895 32.906128 28.069992
0 453.851379 139.553711 21.275146 18.483948
0 632.963989 569.554993 14.07196 20.164429
0 595.548035 290.860138 21.454834 18.497131
0 229.995331 133.711044 21.564636 19.375092
0 145.755508 35.481953 20.004456 17.900492
0 233.337173 171.763184 84.828156 73.703857
0 114.86676 324.74527 19.350082 16.314636
0 20.190945 223.673706 39.305565 73.006729
0 7.581789 416.285553 14.960289 39.817444
0 409.266144 63.620766 32.100586 27.694683
0 362.313385 262.987366 31.597229 26.639832
0 158.019012 311.747375 316.038025 273.422302
0 548.305115 446.326965 29.462524 25.429321
0 137.056488 231.770035 165.958221 119.452667
0 541.428589 65.515846 26.054565 24.988937
0 374.244324 312.677948 22.347046 18.040222
0 346.268066 349.828491 23.422119 20.100525
0 393.783844 98.976379 38.247437 32.351578
0 213.56337 597.515564 23.513153 20.648682
0 204.149384 457.743774 18.78653 16.46759
0 365.658661 8.201405 36.970703 15.755081
0 551.835266 101.826775 20.680908 19.633377
0 318.971619 54.728676 19.338318 17.710098
0 205.568787 181.750107 21.269226 19.921051
0 82.31456 451.60376 21.119904 17.177734
0 519.647278 410.157227 38.084717 31.14801
0 138.74765 96.977875 26.0383 22.837189
0 343.796082 205.843719 58.812439 49.789154
0 336.764526 5.45693 23.428711 10.91386
