0 407.314667 36.87429 32.898499 29.472273
0 315.335022 533.718506 86.900269 83.033661
0 82.236168 481.391907 28.467026 26.255554
0 429.198303 359.234924 25.803284 24.443481
0 556.35083 577.277588 167.29837 125.444885
0 18.446526 169.629822 36.893051 39.118805
0 152.971207 485.401855 26.591522 24.705627
0 71.350639 135.679596 24.99268 23.251953
0 268.642059 629.558411 38.701782 20.329956
0 115.088287 175.95639 68.294312 58.835602
0 150.807617 258.354401 23.244934 21.728806
0 631.596558 12.404685 16.806946 21.345392
0 97.935638 61.86393 21.806213 19.729706
0 93.990578 103.351051 25.111282 21.539093
0 485.996674 427.546051 24.616516 21.585083
0 521.042847 174.746826 237.914368 269.356934
0 195.455017 458.069702 21.980194 18.608337
0 96.382736 362.744385 19.808807 18.619995
0 350.983368 391.230591 19.998657 19.737915
0 534.698425 347.472382 22.306274 20.304688
0 306.227051 174.365387 25.61499 22.545624
0 117.856049 273.178497 23.102699 20.509827
0 197.381012 538.664917 29.717773 27.295532
0 561.122742 30.774004 142.249023 61.548008
0 229.064728 629.831421 46.9151 18.640137
0 124.124222 55.944134 18.401985 16.727379
0 255.853119 258.244507 19.691666 17.681274
0 347.979675 418.50296 28.533508 24.521545
0 518.963013 11.127966 43.115356 20.867012
0 81.857399 554.638 17.483902 16.321899
0 371.951874 277.423859 20.40863 18.068665
0 133.650894 459.96875 20.368256 18.266968
0 261.171539 155.449768 35.576096 29.764252
0 56.183849 237.497925 110.459557 113.261581
0 19.090481 575.099487 19.943954 17.69397
0 281.265686 625.995178 49.012512 24.9021
