0 370.777771 225.115814 100.650146 90.573654
0 322.77771 167.130157 77.075928 71.636322
0 522.243042 398.720581 88.364502 80.21283
0 212.666275 627.506592 36.147491 24.986755
0 590.992676 141.466553 44.078125 37.426262
0 566.878113 613.721985 32.611816 28.582031
0 595.575317 262.248596 82.705811 64.779907
0 31.288948 519.052612 61.914886 73.011475
0 72.878876 445.491455 36.799667 29.733276
0 423.174622 63.620537 114.28363 95.535599
0 376.699738 430.558441 30.856995 27.290588
0 173.184052 496.842133 29.756073 27.339905
0 586.733154 547.368164 106.53363 136.331177
0 170.316467 37.082642 30.657104 27.024889
0 484.847717 351.215088 136.004791 116.611938
0 448.607635 412.311127 42.917053 36.794556
0 211.494919 382.798492 62.827118 60.046082
0 566.426331 455.19809 27.792847 25.772583
0 76.548744 336.012817 22.073425 21.031006
0 177.793076 578.15387 29.372345 27.99231
0 202.64505 541.457581 37.322937 34.319214
0 634.387451 22.128326 11.225037 38.193352
0 289.418945 490.81543 21.677673 20.63446
0 420.727203 369.214142 20.696594 19.309326
0 260.406097 482.56546 55.110229 50.996521
0 129.937973 377.421143 47.988922 42.517334
0 444.300201 353.379913 40.663269 37.920959
0 34.082245 435.986633 45.391907 44.312378
0 369.681976 392.264893 28.385193 28.381531
0 31.141235 75.409431 25.444809 24.832214
0 576.703674 241.401932 40.184692 35.750153
0 444.609894 324.02002 33.873779 30.464722
0 520.358032 84.428169 22.297974 21.89061
0 443.409698 314.363983 48.309448 44.172852
0 587.024475 394.576324 42.907471 50.453857
