0 45.101212 11.733833 28.413307 23.467667
0 320.299469 324.025909 46.68573 38.60614
0 402.072906 248.052261 28.925842 24.697906
0 554.001465 554.715027 28.086792 25.67334
0 328.656281 617.504089 55.323975 43.46521
0 198.561874 284.52179 25.376587 22.249207
0 576.184021 568.950378 21.390747 19.897217
0 569.137268 8.90239 23.090332 17.804779
0 306.983398 14.356359 38.141663 28.523304
0 557.271545 101.928207 72.489136 59.319984
0 101.646606 173.276321 22.330215 21.589142
0 235.025696 167.392075 70.686539 64.869232
0 551.829468 495.34906 29.810425 23.695557
0 523.558716 32.206882 24.759399 20.99572
0 533.256653 136.24707 55.519073 46.318169
