0 606.000854 253.212524 30.161621 26.311996
0 488.928711 442.283539 24.223022 24.319946
0 311.117554 159.831802 32.823669 29.937714
0 106.463669 188.419037 40.188873 35.599792
0 297.766663 15.399405 41.444336 30.798809
0 483.254059 272.930389 20.68042 19.724243
0 420.505981 121.335693 40.286865 38.501045
0 556.656555 261.298462 20.938843 20.284103
0 204.000198 303.173584 57.223846 53.217163
0 554.885559 541.114014 31.041382 27.829712
0 237.467926 70.367302 49.737167 48.170795
0 183.817413 7.79542 51.20285 15.590839
0 583.641968 525.677979 21.23938 20.453003
0 143.878082 311.244659 68.823853 61.192749
0 13.213282 331.41275 25.943447 29.679443
0 519.87854 84.836029 18.22287 17.059067
0 128.115845 583.981323 42.444031 40.759033
0 554.241821 100.027641 38.646118 33.952759
0 600.047363 424.672333 79.905212 82.302612
0 10.392027 553.766174 18.35564 18.646973
0 352.201965 81.209908 65.435425 56.103104
0 25.965603 613.793213 51.023109 49.184692
0 544.813477 515.161194 30.829834 28.442139
0 265.408783 37.418846 39.402145 35.068909
0 365.485413 479.594513 24.803711 24.843628
0 497.787292 546.710388 35.510742 34.519165
0 25.904915 77.311905 41.007996 35.795776
0 607.837646 316.47406 32.468262 30.372681
0 512.499512 458.762421 34.861206 34.542542
0 521.561462 42.432503 123.783569 83.970749
0 383.1297 511.443604 38.869873 39.615814
0 323.738281 451.212097 77.165405 69.928223
0 582.472473 303.273987 19.609253 17.25647
0 72.183907 581.478882 54.286789 41.463379
