0 470.786987 377.201691 98.566528 91.908264
0 412.584503 523.238403 30.061951 29.33667
0 152.533615 26.183121 165.422211 52.053421
0 347.360443 166.357208 68.934692 64.536469
0 427.34903 209.739868 22.063843 20.392395
0 155.433151 122.686539 60.031647 58.796013
0 456.197174 584.272156 53.387634 49.684326
0 399.721558 606.600281 117.213562 66.680298
0 532.839233 557.870972 214.321533 164.258057
0 291.891724 190.863434 55.379578 48.075684
0 290.097504 150.204132 53.218872 45.297394
0 478.511475 53.267975 23.321045 22.088821
