0 491.489655 121.631683 106.809021 104.207092
0 39.550861 269.82785 39.01046 36.502136
0 78.47554 115.860405 50.506485 45.759323
0 499.532471 292.044281 99.42041 90.680054
0 604.300537 560.442078 33.510864 30.934448
0 206.733994 25.197269 44.631042 39.548141
0 201.107529 244.372589 206.28891 231.043396
0 539.600159 443.62262 113.908691 103.476868
0 601.65625 464.932892 45.042847 45.436218
0 273.814606 391.697052 27.46582 25.710754
0 157.315842 521.428223 63.529457 54.662567
0 444.295715 229.975922 103.148376 90.793381
0 305.686462 22.805946 21.962158 21.112274
0 517.939087 51.701717 29.516022 27.568596
0 356.465851 140.727829 25.055786 24.097595
0 265.096039 531.980103 131.056946 126.788574
0 469.34201 589.046265 20.562134 20.405151
0 31.085505 98.995224 62.171009 72.531555
0 162.91629 45.075287 21.763855 20.115395
0 486.519165 630.493835 45.472595 17.635132
0 37.582062 379.842834 29.495293 25.747498
0 386.218811 158.224838 54.874023 46.489563
0 439.461304 543.109436 60.120056 52.520996
0 422.601929 424.363007 100.345398 83.675354
0 610.59552 574.713135 19.390015 19.122925
0 412.220428 57.97411 20.834534 18.849129
0 223.896271 589.091492 95.621582 85.377075
0 365.136047 63.380219 20.011047 19.057632
0 20.043186 316.420624 30.316172 26.136475
0 425.972717 334.494476 18.416809 17.224121
0 267.494232 634.968018 19.89801 10.063904
0 623.130493 610.172729 33.738953 47.734619
0 175.268753 559.919312 65.592346 59.325684
0 476.440155 531.982666 24.2276 20.927979
0 423.795166 46.630066 16.354675 14.987404
0 312.731964 634.070679 19.420593 11.858643
0 620.819641 61.539703 35.584595 40.857418
0 599.125488 47.034607 24.745239 21.982811
0 592.033997 55.481777 22.352417 22.149193
0 60.133888 106.118698 84.615021 66.001434
0 383.099792 173.934921 79.028503 76.228058
0 9.322947 553.4151 18.645893 39.364746
0 55.784 634.973938 17.980186 9.263916
0 234.61882 563.977783 140.564667 132.005585
0 450.064301 344.007172 21.924072 19.013306
0 50.574821 546.067993 49.880291 45.458862
0 65.822342 49.493446 131.644684 98.986893
0 24.608948 202.238464 49.217896 54.444946
