0 562.721497 167.853912 61.095703 53.456604
0 495.561523 47.672298 55.707916 51.558998
0 624.702393 53.564964 24.933716 22.521378
0 598.275574 65.94194 37.95813 33.146927
0 540.507507 367.144348 24.963135 20.879272
0 629.752197 132.927353 20.495667 33.760521
0 561.613098 13.603327 34.873413 27.107643
0 606.721863 146.738785 29.24292 26.689606
0 549.543823 204.862854 29.990601 27.800446
0 588.170959 228.767502 31.619141 28.180817
0 205.948959 318.984436 22.793427 18.585999
0 544.401855 418.526306 22.13916 19.969971
0 545.437256 593.724792 24.727905 22.811279
0 504.522034 202.420792 61.826447 55.048737
0 522.40094 170.743607 26.427612 23.130249
0 10.858398 373.707214 21.221664 36.704163
