0 422.350769 229.758209 33.391968 32.144684
0 455.725098 608.848083 46.047852 40.057129
0 166.007248 213.945755 30.323242 26.815308
0 542.92572 345.855743 36.440186 36.980042
0 594.663269 303.407959 27.05957 24.484619
0 392.872284 378.53183 24.781982 24.862244
0 303.230499 580.280823 26.909729 25.014526
0 460.710785 54.725731 26.870728 25.507675
0 341.716125 580.464355 21.998169 21.445312
0 225.039703 515.661804 25.603607 24.91507
0 86.98214 160.112915 167.761673 169.61264
0 261.986145 522.046387 103.369385 99.157715
0 483.79541 353.274597 21.717285 19.450562
0 383.71167 360.822479 166.545471 123.427856
0 51.920959 479.107178 23.310806 21.693848
0 181.791687 64.711456 32.023865 28.410843
0 449.394226 470.091217 39.421021 35.817749
0 168.144577 508.0383 26.725494 25.094177
0 572.622986 257.774261 121.818329 108.897354
0 74.741684 381.152557 69.764542 63.202942
0 123.351334 347.533997 21.589874 18.646362
0 360.979065 252.988632 56.920227 49.847809
