0 160.881439 15.049139 32.724243 30.098278
0 123.987442 323.066803 36.261391 34.345032
0 339.067749 306.608704 23.279114 21.20459
0 453.24115 134.785294 21.752319 20.993896
0 506.864136 7.815817 24.063202 13.98233
0 329.102173 252.822601 26.995911 26.651917
0 196.359512 13.826965 41.731903 26.032204
0 98.890556 419.628754 19.974045 18.119263
0 59.944679 63.712524 21.683136 20.421787
0 117.128685 538.393616 30.088364 29.572876
0 635.12677 95.793411 9.74646 42.49646
0 450.36972 362.939972 49.666748 43.800903
0 127.259331 304.483856 23.661728 23.446838
0 67.658775 76.219788 18.823109 17.329727
0 353.660767 356.054779 52.303589 52.212524
0 451.935974 222.628876 61.194763 52.988434
0 93.6604 377.960205 33.357208 29.46814
0 360.921448 228.867981 19.910583 19.156738
0 312.934052 494.393768 27.347717 29.231018
0 131.955139 506.821594 32.433319 30.201416
0 420.845428 466.264984 44.20282 43.902588
0 45.459686 436.731476 29.089294 28.463989
0 5.178249 182.744873 10.246109 27.631256
0 465.955933 284.36084 59.749451 57.307022
0 64.424866 69.119957 24.589035 24.504181
0 395.209259 267.618683 21.55957 17.729492
0 98.865929 474.753204 35.858368 34.489868
0 99.081039 323.961884 21.524506 20.528931
0 384.509674 281.222809 17.945618 16.767944
0 131.254669 475.646881 27.380707 28.239624
0 128.087982 486.55896 25.405243 23.007812
0 628.338684 7.347386 22.292236 14.694773
0 4.97181 468.777618 9.19932 28.236694
