0 173.271469 544.882629 107.582489 90.621948
0 19.457312 178.13797 38.914623 35.935333
0 192.533691 132.630554 162.993179 136.065735
0 84.093903 153.041977 37.450119 34.869476
0 50.269943 196.462845 40.210907 37.013794
0 238.463959 509.932373 66.906128 66.7258
0 272.509949 98.236084 53.876511 49.765289
0 486.657593 143.896667 32.927307 29.352905
0 519.124268 265.200562 30.1763 25.27327
0 340.119629 25.775986 58.169861 48.784821
0 554.578125 404.576874 23.501831 22.032104
0 218.929321 301.06485 79.575623 66.346375
0 524.249451 120.406837 22.237427 20.050278
0 608.729858 284.391541 28.434937 25.870728
0 208.032761 591.799866 40.521851 34.205811
0 73.221855 434.331299 50.906357 47.596252
0 501.040314 537.020447 38.118469 34.813599
0 552.000122 348.328735 21.277466 21.815186
0 566.1427 293.32196 23.947021 23.458557
0 599.4646 374.744019 29.04541 27.151306
0 563.664185 42.650787 81.5 69.565735
0 447.253143 24.479025 21.790283 20.109432
0 451.495026 409.845154 32.795959 29.46106
0 258.999207 559.212585 30.754761 29.341797
0 551.685669 633.344971 21.342041 13.310059
0 116.826736 381.042694 43.241455 41.540161
0 37.237118 523.09552 66.965034 59.714966
0 39.767181 144.944382 21.552782 21.283203
0 125.361984 611.692383 83.503723 56.615295
0 19.83952 371.133942 30.331451 27.972351
0 248.09108 201.20166 70.522858 58.379608
0 22.564396 556.874756 45.128792 77.601196
0 44.014023 626.547791 36.593391 25.643433
0 450.941162 483.809906 20.640625 17.403442
0 588.440125 272.269714 22.332764 19.396851
0 262.876892 12.852442 48.152161 24.390686
0 101.567871 402.541595 54.409187 48.915222
0 178.004532 629.873474 48.152496 18.924194
0 549.620789 327.143463 21.480225 20.957886
0 494.223724 621.006958 19.814087 19.734497
0 13.46608 422.168915 26.342377 35.557129
0 185.328842 481.960693 45.352386 42.755981
0 633.058167 453.715576 13.883667 29.263062
0 10.98751 390.130157 21.975019 23.138794
0 45.476616 475.354187 85.826935 85.625946
0 295.661713 38.95475 50.570557 47.429482
0 418.68927 595.327759 17.84198 16.649658
0 441.982269 588.666382 25.217957 27.050537
0 250.697296 631.781128 41.709122 16.437744
0 571.877136 623.718872 30.068848 23.700562
0 119.626274 478.084747 38.693497 34.11792
0 556.327515 209.207092 28.131226 23.76236
0 455.406769 609.104675 19.461914 18.204712
0 111.851128 88.969955 19.368027 20.07077
0 15.954903 380.248962 27.858925 31.60968
0 108.427727 495.423645 62.745316 61.687286
0 579.285522 128.29158 118.5802 127.693604
0 23.101921 523.515076 41.077698 40.516479
