0 499.210693 578.067749 98.037933 89.693848
0 419.450287 287.950317 57.440796 53.853943
0 240.302612 522.016479 39.563126 38.526367
0 395.893372 363.381134 54.784851 48.729431
0 13.049944 283.127502 20.159863 20.297852
0 463.593842 60.103733 20.398193 20.038857
0 409.258698 26.062941 38.344177 35.345951
0 269.674652 395.689972 24.96814 25.329102
0 65.916138 598.373352 32.212402 26.861084
0 631.024597 633.82666 17.450439 12.346741
0 487.166473 419.935669 24.735901 24.110901
0 101.207115 75.67112 19.256226 19.351013
0 106.496338 509.205017 17.910828 15.710602
0 195.455536 227.27301 26.121399 27.567627
0 631.460327 429.584595 17.079285 22.497986
0 112.850899 162.635056 35.345108 34.832947
