0 368.494934 68.679939 28.713318 26.369686
0 549.507935 39.814636 29.201416 26.499252
0 375.542206 361.111938 34.834961 33.36438
0 177.244522 19.627192 37.53064 34.757526
0 481.03125 176.555511 27.453369 24.097778
0 16.144403 592.229065 32.288807 32.344482
0 634.643494 338.731506 10.546997 32.063843
0 124.314697 359.411041 22.759041 21.690125
0 415.425995 314.507324 21.082825 19.448425
0 314.377563 601.140442 24.862183 23.317749
0 485.792999 21.899954 22.484253 20.510159
0 444.32724 196.925537 22.911255 21.35083
0 347.83316 567.832031 24.109131 22.01709
0 468.656372 31.760746 30.479492 29.418907
0 633.927307 571.803711 11.939453 28.776123
0 50.933033 137.910049 23.708839 20.594673
0 192.097397 510.362061 22.742065 20.391846
0 226.142242 418.083496 21.10495 20.037598
0 312.525665 51.809261 19.705505 18.168892
0 321.104004 372.12735 18.340759 17.38031
0 402.600342 406.266083 41.953918 40.772156
0 460.562958 148.479996 20.706421 18.465271
0 399.031189 386.517517 35.605042 29.273926
0 582.901489 437.255463 24.138916 22.043335
0 543.686035 394.677124 28.001465 27.9646
0 541.317383 537.784363 18.45752 16.064331
0 195.292343 7.651637 19.55835 15.303274
0 221.584549 36.291313 22.90625 23.137835
0 21.771545 366.773743 24.639259 22.910034
0 286.034637 160.431274 20.284424 19.851044
