0 331.658783 410.044342 33.626648 30.900269
0 599.842407 17.379448 36.884277 32.65303
0 36.440422 389.75531 28.359535 25.519775
0 622.891296 199.885376 27.408691 24.543091
0 275.078644 410.047455 76.308472 66.716797
0 383.526154 242.924149 24.320435 22.980865
0 143.03743 540.478882 26.22998 24.012329
0 549.75647 361.166504 23.792969 21.107056
0 63.964203 596.054382 26.139332 22.398071
0 313.398438 621.249878 66.999451 36.996094
0 263.492462 38.867138 24.690857 22.435356
0 230.268158 354.416382 25.972504 22.646912
0 613.888062 259.338684 25.775635 21.674133
0 366.528259 448.968048 64.761963 56.102356
0 182.297333 600.345215 33.18811 28.355225
0 82.125633 334.418854 41.636719 42.777954
0 35.558655 439.140228 34.637573 35.223328
0 567.916138 126.624161 23.192383 21.324898
0 132.335297 375.675873 75.536377 65.525574
0 265.16806 274.520264 25.428696 21.453796
0 292.00647 296.620636 22.494324 20.205994
0 214.826859 50.328869 21.653809 19.484627
0 376.99646 550.804688 19.9776 17.616699
0 132.597458 388.021515 51.740417 43.909485
0 146.874435 357.558228 94.774498 76.453003
0 68.852486 401.955261 38.994709 34.930786
0 155.633621 471.07196 41.045135 36.043945
0 460.475616 592.306458 21.720642 20.056396
0 79.656937 372.247314 33.993668 31.653259
0 211.431808 396.590576 21.494904 19.257629
0 311.410675 410.70105 75.159058 44.079529
0 355.537964 459.64093 48.493469 39.660034
