0 346.801025 329.777649 186.162857 183.508667
0 139.927856 572.181274 100.235771 95.676025
0 37.894165 67.539612 75.78833 132.210205
0 423.819366 439.063751 23.069275 21.938721
0 71.71701 603.646545 143.434021 68.683228
0 610.33905 597.83728 23.085327 21.727295
0 169.293259 168.143799 29.289642 30.574585
0 517.474121 134.276886 21.293213 20.544556
0 336.349243 520.700684 37.291138 38.141083
0 199.121231 336.554962 122.95578 137.336731
0 585.541382 316.866302 22.876099 23.122498
0 28.413187 355.084442 56.826374 140.589172
0 550.707581 12.32604 97.339935 23.213177
0 264.403198 161.208572 22.801697 20.922485
0 332.641998 168.062943 20.203308 18.479797
0 94.988434 328.617798 101.592766 88.336975
0 253.01857 233.221466 72.064301 63.732132
0 126.915726 420.843384 90.138 81.597168
0 293.366699 101.273102 19.637512 18.123108
0 403.552277 437.999359 20.142517 18.395325
0 401.762451 619.401489 160.182495 40.551514
0 412.176514 537.829773 73.133728 72.652832
