0 134.277069 613.624207 39.58239 37.848145
0 239.206818 451.144073 33.597061 33.328125
0 565.894714 208.053085 44.254028 43.244659
0 131.512573 575.51416 28.372124 26.054688
0 525.328857 402.071198 27.856323 25.536194
0 395.360229 628.648499 22.431946 20.148071
0 69.909439 526.16803 32.936478 28.041016
0 544.940552 189.881454 24.90564 23.696228
0 76.739532 93.972603 147.167786 187.945206
0 369.177765 442.096252 21.605164 22.2005
0 531.316956 338.848175 20.512085 19.060913
0 430.273956 268.1745 20.109375 20.407898
0 60.015991 494.804626 45.00206 41.828461
0 398.211792 197.609192 22.442749 21.98703
0 47.198528 469.177399 33.295921 29.831177
0 235.266144 394.137695 20.400574 18.830383
0 401.714691 42.233147 19.266174 17.78244
0 525.125977 210.710907 33.033569 31.776428
0 517.282043 161.144958 197.547729 228.937622
0 634.062378 60.095699 11.875183 28.773705
0 376.454803 262.149872 20.398499 19.225693
0 543.413879 51.828384 87.151001 73.862335
0 326.351135 250.981323 23.799927 21.37059
0 262.825653 434.25528 20.010361 18.303772
0 206.15802 503.153992 20.465607 18.567963
0 351.771881 286.359955 23.977722 21.281372
0 252.298981 331.546234 19.472153 17.354553
0 633.652832 109.476433 12.694397 27.458801
0 438.685669 219.112808 42.618774 40.582642
0 372.476959 288.120117 23.795593 22.13324
0 499.567657 150.774689 21.344482 21.47168
0 570.920715 597.742249 18.669434 18.145142
0 577.422363 170.478409 18.155396 15.996216
0 341.654358 561.584351 19.583618 17.959961
