0 64.62471 269.60022 88.021561 79.373306
0 91.722885 465.662354 47.009857 39.231506
0 189.235062 430.43808 29.371307 25.563171
0 379.72583 88.76281 38.948792 35.027893
0 29.350483 449.411072 28.957268 25.134094
0 553.285034 247.235703 32.091553 28.471222
0 181.173355 14.329594 34.346802 26.192276
0 56.551826 492.050476 26.180744 24.879089
0 539.933228 31.91993 76.903412 62.348526
0 404.717316 370.124176 24.847839 22.470764
0 16.883545 430.081879 23.685371 22.819397
0 66.532532 116.127632 24.882507 23.000977
0 584.572571 373.612396 64.696411 56.844666
0 55.387177 101.091728 49.619919 43.016586
0 96.89521 9.089502 45.724136 17.371471
0 550.132019 278.696594 25.439331 22.382812
0 212.473404 8.378948 29.871552 16.193153
0 232.965408 628.856323 39.119781 21.972168
0 619.32959 208.913101 25.783813 22.291931
0 593.547546 232.272888 24.096436 20.351532
0 173.667053 231.67128 24.943329 23.041168
0 259.692566 279.805786 23.514954 20.293091
0 563.313721 83.101463 22.385498 18.586349
0 484.149597 9.516333 38.081055 18.06403
0 26.458706 359.892548 23.073341 20.943481
0 11.843733 146.137085 22.814671 23.542236
0 521.63739 295.639343 22.060913 19.460449
0 316.282104 122.300308 23.568848 18.703773
0 6.390449 70.870186 12.780897 22.464203
0 357.806183 31.893248 153.075317 63.786495
0 60.251335 470.829529 21.325409 20.418152
0 240.272552 633.07489 33.154465 13.85022
0 276.998077 91.440369 20.876221 18.673706
0 30.862974 123.316605 27.906063 25.871925
0 509.185242 634.315491 33.785858 9.562012
0 152.820053 20.307369 34.663147 26.804026
0 446.538177 39.046394 83.459595 71.672348
0 94.082237 75.962044 18.824371 16.593292
0 614.272461 465.215302 24.056763 21.205811
0 97.731133 551.803833 26.438568 24.437256
0 540.022339 8.787645 22.922363 17.575291
0 130.578522 6.832168 30.917053 13.664335
0 362.573151 457.468109 21.152649 18.878845
0 21.930847 438.947418 28.154976 34.08905
0 385.360077 322.838043 19.63446 18.102112
