0 102.93045 559.159546 129.363281 104.182648
0 267.428406 514.346008 42.217911 35.057373
0 305.517822 197.836792 28.884338 26.219269
0 416.987823 454.360321 52.769226 43.586426
0 624.533264 262.806396 30.933472 43.645889
0 577.626038 364.18338 24.849854 21.073364
0 343.733917 423.782593 28.913818 24.072021
0 242.360428 81.727127 25.419678 23.557922
0 153.535995 204.163422 59.62265 52.619598
0 260.707458 371.535858 28.92601 27.886658
0 616.33075 546.106323 47.338501 75.362061
0 393.02301 482.477173 50.96344 43.45636
0 90.416809 116.663597 163.416504 153.464523
0 342.29599 466.533112 50.355469 46.956177
0 493.09552 311.750549 19.263 17.409302
0 345.746979 579.722961 43.695618 33.168213
0 463.858948 405.438446 23.083435 22.768188
0 276.644135 88.145531 20.891479 19.289413
0 605.559814 509.389771 51.815674 43.759521
0 476.459991 418.731598 26.254578 23.036987
0 530.435791 541.815125 19.171021 17.072144
0 626.343262 61.478809 27.313538 34.817421
0 237.756989 353.370972 29.11792 27.860962
0 31.354019 314.933228 33.619629 31.989868
0 286.499481 452.422363 22.219116 20.963623
0 556.916199 531.349365 19.320801 17.254395
0 323.693787 154.275467 31.454834 27.5737
0 153.515854 83.175461 27.505402 24.250061
0 70.480072 336.817413 140.960144 257.866089
0 456.274475 553.680603 19.116943 15.995361
0 140.761993 250.7332 49.574776 48.616241
