0 299.836243 268.961792 28.066711 25.851135
0 46.183357 13.004793 33.729431 26.009586
0 620.076538 140.406891 39.846985 45.238396
0 321.839233 78.473862 64.274902 69.876694
0 598.928467 618.176147 82.143005 42.509277
0 519.526123 608.162231 19.27475 20.181396
0 33.845856 530.025696 67.691711 78.432251
0 497.946167 318.852051 63.776093 57.60199
0 323.49292 334.263 38.213745 36.961243
0 546.633484 138.368805 22.392212 21.440926
0 405.551331 19.077038 28.60614 26.540367
0 607.707764 265.686584 40.095825 39.371201
0 497.85672 218.617432 34.73114 32.454895
