0 606.75116 605.296021 66.199707 59.968506
0 94.328629 522.675354 72.395607 57.971039
0 433.917725 210.979736 239.154663 189.168884
0 47.044151 342.110687 57.551697 51.785767
0 128.416565 581.926331 31.364876 29.720337
0 344.251007 149.690491 61.129272 54.498993
0 585.690613 388.790588 29.718506 26.248108
0 445.375549 536.679382 30.113403 25.361328
0 488.853668 108.150902 33.54071 26.774002
0 140.430206 623.968079 56.96637 31.346069
0 29.91292 159.142609 30.195728 25.966003
0 553.239441 272.411713 102.796661 86.55365
0 280.28772 251.172211 27.040649 23.446289
0 516.612549 34.646317 49.639069 45.402924
0 90.74205 617.646362 30.339783 26.197998
0 623.730713 532.648132 32.457275 59.296875
0 22.013371 513.5 26.793009 25.037262
0 575.82959 516.287842 25.325195 23.48819
0 238.390518 32.924915 97.453644 65.849831
0 158.989792 578.519226 28.209015 24.686035
0 250.297302 521.427124 24.940063 22.003662
0 633.549255 493.146729 12.69165 24.474243
0 408.260773 600.911621 34.817383 29.02002
0 159.98053 511.266785 24.020569 22.395905
0 52.566551 75.814468 26.132629 22.997421
0 566.772522 369.57135 140.803711 137.088196
0 179.129395 287.841003 67.164673 62.706848
0 629.201294 213.560349 21.597351 26.974518
0 185.080612 538.850525 21.196014 19.737915
0 573.398193 78.444519 133.203674 146.656555
0 315.667297 317.212097 131.690247 120.508911
0 273.889374 578.395569 24.31781 21.319214
0 77.232765 99.840698 31.212605 29.493546
0 471.073334 521.82074 27.466736 24.0466
0 391.197784 356.088409 268.993591 230.402039
0 426.937225 605.375305 23.335754 18.982056
