0 260.774689 311.826538 215.248901 185.60878
0 128.514023 75.390709 150.126007 141.303543
0 521.231262 418.800262 23.445587 22.879944
0 414.46283 442.109802 31.094055 28.485962
0 598.641602 397.790344 71.054443 62.304993
0 15.455942 19.107983 30.911884 35.316299
0 52.129364 80.69101 21.185699 20.373215
0 452.677979 84.982666 47.198303 42.716675
0 419.627411 155.037079 23.828308 21.250458
0 56.433922 12.191763 48.888538 24.103115
0 558.696655 15.813229 97.435944 31.626457
0 27.020435 509.927856 51.533318 118.25766
0 64.205185 204.547043 128.41037 221.83078
0 515.398804 124.061417 58.452026 53.523445
0 360.323242 106.806244 89.938965 73.527458
0 443.485657 34.38176 23.654175 23.093597
