0 306.61676 137.679565 38.336304 36.747932
0 47.11758 321.744324 39.061638 38.166382
0 173.822784 408.7146 30.081055 27.358398
0 275.9664 160.087494 32.065796 28.58075
0 565.215332 127.217125 56.39563 53.586349
0 543.99939 34.48526 37.167725 34.366394
0 74.634521 450.037506 149.269043 228.608704
0 162.772537 593.851624 29.960266 25.919312
0 374.272827 339.672729 26.895569 24.911804
0 297.497955 367.514862 36.335022 34.114624
0 161.849701 351.269073 26.49585 23.787048
0 328.70047 380.408966 39.449829 36.642456
0 529.923401 153.072845 34.882568 30.760468
0 384.807312 612.773865 25.370728 23.358276
0 207.671234 614.871521 25.731384 22.840698
0 392.580017 56.685265 29.437073 26.462177
0 87.954376 194.223389 34.88385 31.200012
0 380.716705 137.367798 25.568787 22.075005
0 15.767534 308.139374 31.535069 39.824585
0 298.192291 541.427429 25.031494 23.539917
0 616.15448 576.27655 23.011108 21.452026
0 184.93959 146.723862 28.925385 26.205566
0 502.398132 236.872894 34.184448 32.593475
0 579.848755 219.223541 51.009033 45.631714
0 513.242554 97.792122 24.267456 23.616898
0 484.64447 581.252319 164.329681 117.495361
0 255.980713 429.973755 21.639145 20.074524
0 414.752838 106.516182 25.48291 21.780411
0 412.305511 181.028244 21.700867 19.069122
0 508.057495 382.545197 38.266113 34.924805
0 26.204283 166.492661 32.838383 30.125
0 527.189941 411.569916 47.485718 41.995728
0 379.282501 18.998154 22.684937 19.594734
0 36.072647 204.819244 32.932144 31.37265
0 155.282867 206.233261 19.428802 18.706146
0 363.181549 572.290222 102.102539 90.185913
0 170.636444 260.80658 149.483337 113.776138
0 203.899536 309.462555 22.975922 19.96106
0 217.030258 583.845642 75.539093 60.580078
0 206.125885 325.369354 35.427124 26.015442
0 36.323322 629.152222 46.364647 20.415283
0 61.799088 72.980476 36.96611 35.753643
0 212.231506 326.685303 19.427551 17.302795
0 315.607788 527.82605 21.532227 18.829224
0 519.532715 9.504679 27.886017 19.009357
0 561.672974 11.623783 36.591919 21.53466
0 586.940491 538.237671 39.729248 35.569336
0 18.555439 599.025696 33.608192 29.643799
0 492.545471 26.717503 71.911041 53.013588
0 291.524048 338.460236 32.115906 29.97406
0 39.644112 218.83403 28.641205 25.742737
0 200.320175 396.136566 20.16153 16.737366
0 217.165894 456.533386 21.061859 17.93335
0 308.313934 373.922607 39.46106 37.405151
0 487.677551 151.318771 22.174316 20.506042
0 515.559448 395.599335 42.251709 34.710266
0 382.155396 384.421509 40.879517 35.899475
