0 230.085098 445.918549 128.589569 111.567688
0 369.642578 348.364655 49.875427 47.362061
0 120.831909 155.888016 50.513939 47.084198
0 599.300659 180.850082 81.134033 82.926117
0 108.344345 443.3078 85.212372 78.030945
0 160.131042 236.572357 53.581635 52.011978
0 165.45491 327.700745 46.695312 43.136353
0 177.799637 134.838257 71.838837 67.894623
0 228.636749 73.610832 56.466492 51.345337
0 535.47229 477.687317 34.150024 31.105713
0 152.035431 59.114574 52.785835 54.077415
0 549.098206 97.860794 83.794586 78.246765
0 357.45285 110.723129 80.022583 75.975075
0 299.306885 53.462288 27.059937 24.097229
0 17.14924 566.661011 23.52998 22.364746
0 487.990295 39.578629 80.042206 72.009338
0 215.61055 108.48204 35.146271 32.923279
0 444.22702 100.993698 30.030334 27.650253
0 449.74881 486.610779 26.583374 23.388367
0 395.315796 597.481934 158.391113 84.741821
0 454.398224 304.593933 27.73468 25.093506
0 134.058075 195.36058 53.447479 48.838715
0 608.316467 520.450928 22.577515 21.698578
0 12.454321 380.945648 19.899876 20.107361
0 404.111359 555.927551 88.762634 83.120361
0 14.341742 340.641541 28.683483 54.156067
0 573.77063 51.700928 23.167725 21.381973
0 628.536255 391.640076 22.009766 26.634888
0 52.672993 584.436707 22.427811 20.095093
0 6.806039 400.232544 13.612078 18.787842
0 397.321716 167.207306 19.467407 18.35379
0 387.403717 261.558716 22.688965 21.039169
0 631.987122 103.301331 15.737183 34.98877
0 102.447868 389.160706 77.284317 68.306763
0 630.44751 573.739563 19.105042 26.747803
0 55.848995 145.248001 23.303917 22.844055
0 319.629761 14.041634 61.30304 28.064014
0 114.956482 530.747559 44.449394 39.478851
0 221.744385 279.12381 113.639282 103.281067
0 626.9422 71.871048 19.659546 19.145874
0 121.007607 324.65625 106.677872 98.791016
0 103.718788 28.315617 61.543045 52.825394
0 85.422852 614.323303 19.823929 18.38916
0 449.265869 151.438705 22.628601 18.969055
0 289.595642 171.232666 32.521423 28.954407
0 21.519119 518.908203 17.843792 18.074097
0 633.510498 480.078979 12.978943 20.623657
0 541.241516 269.239807 34.268433 31.101624
0 416.251587 235.226761 33.247253 30.624695
0 184.270569 582.567505 27.868896 24.1604
0 499.619751 206.928787 18.582886 16.341339
