0 53.731422 374.939545 39.598888 36.561829
0 421.122375 459.920532 25.43573 24.42041
0 462.222687 128.144897 25.680603 23.332878
0 194.851257 608.053772 35.470306 35.239746
0 217.493256 18.469292 44.355896 35.943817
0 435.570587 273.357635 23.379578 21.441895
0 432.086029 630.778748 38.761353 17.683594
0 429.248871 152.691284 32.057617 28.289764
0 60.306614 424.460388 32.970284 29.714722
0 379.4552 633.703003 25.989197 12.593933
0 242.710526 535.341431 21.368378 19.275635
0 618.205261 487.797607 43.589478 156.614258
0 31.121408 193.119995 28.145535 25.167755
0 544.555481 112.982185 31.377686 28.541077
