0 129.495544 337.143127 146.183014 145.831482
0 327.071381 442.847809 59.917542 59.345032
0 401.62265 595.125916 52.913269 46.911255
0 561.091431 137.3022 45.311646 44.158447
0 181.272781 628.854126 28.178253 22.291687
0 75.015343 629.280762 32.769119 21.438416
0 111.885086 118.010216 223.770172 236.020432
0 248.22464 152.644547 26.035049 23.59021
0 553.837097 298.0737 21.184082 20.307312
0 408.039886 52.901382 245.997986 100.899933
0 591.150269 630.822327 38.14563 17.355225
0 112.768822 65.884094 22.397141 21.52002
0 524.941101 630.934692 52.874115 16.531006
0 585.52478 198.339294 22.203979 20.651154
0 384.183441 203.491806 28.471252 26.722229
0 236.206253 625.528992 29.868439 25.648926
0 479.836975 561.84613 20.537537 20.43396
0 468.858612 311.569214 24.387634 20.731445
0 151.33429 631.381042 21.134277 17.237915
0 40.770508 585.197266 22.86116 21.055908
0 289.591125 77.960449 23.780823 21.420242
0 570.387756 410.153656 120.175873 118.09491
0 284.55896 633.61615 19.99231 12.7677
0 480.324219 578.526794 19.236694 17.756348
0 190.762161 597.754272 55.087646 49.375488
0 337.163879 518.886963 29.695801 28.86911
0 298.396149 343.480957 198.347855 177.946838
0 313.71933 327.348877 18.219116 17.918091
0 509.637268 54.530285 16.404327 16.560783
0 253.458282 199.292145 24.475754 22.060425
0 424.799286 451.418671 30.382324 25.494202
