0 572.182556 514.007019 63.653931 57.394165
0 277.849121 74.444656 227.476547 148.889313
0 402.395752 305.316803 79.083984 72.815613
0 50.496349 548.831299 28.363426 27.966431
0 396.106079 346.340729 45.927185 38.557922
0 152.259277 548.260559 121.350006 107.123871
0 337.176208 590.06897 138.63562 99.862122
0 291.185242 144.714981 23.553467 21.209747
0 94.137512 487.904663 27.613953 26.003479
0 293.391083 503.216675 78.690735 78.042877
0 576.526123 462.709961 24.371216 22.168823
0 474.616272 72.101318 146.581177 123.104492
0 119.677849 110.206398 138.760574 118.19603
0 50.357742 26.456821 100.715485 52.504066
0 177.023712 296.225128 20.67511 19.32135
0 286.271973 138.583038 30.757324 26.887299
0 230.967667 388.785919 24.097015 22.721069
0 27.687782 579.915283 53.013077 120.169434
0 9.87944 79.656425 19.710197 23.097855
0 257.687042 507.731049 26.084641 25.209412
0 520.837708 286.730499 23.275146 22.784546
0 415.860321 119.982254 129.254211 96.864098
0 249.470947 420.318146 18.111267 16.346375
0 116.721687 575.246643 19.857254 18.321411
0 69.228287 529.593079 22.716644 21.030518
0 214.39798 264.736389 203.613571 197.825439
0 134.669067 367.301056 132.719391 112.23761
0 203.14801 388.532349 24.729126 22.56073
0 534.272217 27.703934 17.083862 16.963142
0 45.63427 160.87355 16.715485 16.61618
0 394.231598 244.717621 49.806885 44.209335
0 200.755249 226.734497 16.742523 15.111023
0 37.427517 422.106842 60.040398 64.648682
0 11.436695 87.641869 22.32613 22.991074
0 470.97937 338.69519 84.473236 78.53656
0 530.63324 631.230286 15.497559 14.765991
