0 46.577694 100.643379 48.677132 42.539062
0 59.61438 371.765167 26.890697 24.21051
0 180.031281 127.940399 30.690247 25.706718
0 556.54657 245.242859 35.850586 32.585709
0 215.215637 105.514565 31.614868 29.180313
0 486.344727 516.078552 281.911102 246.674561
0 101.354027 492.987244 23.853653 22.297058
0 195.803741 452.028076 34.20694 31.913025
0 631.026733 257.634186 17.946594 21.110062
0 330.917358 452.862823 23.083801 20.620483
0 178.443817 406.520844 21.263245 19.777588
0 405.031982 320.288879 22.757629 19.689758
0 223.177399 620.181519 36.596069 32.758057
0 5.166945 186.981155 10.333891 21.318817
0 17.274364 7.90265 34.511574 15.644709
0 330.582794 526.364746 30.712646 28.910187
0 425.614563 354.838501 111.612854 87.316162
0 551.616089 424.029266 22.490723 19.994568
0 623.37793 154.041168 25.377563 25.028992
0 520.490601 6.177718 30.972168 11.094107
0 560.652283 72.446716 22.481689 20.669907
0 64.595695 436.439728 18.992538 17.121338
0 192.081711 4.446465 29.389984 8.892931
0 209.501007 568.798767 24.455597 23.994507
