0 60.176689 172.624985 113.607147 92.813446
0 70.534126 374.676971 29.428814 25.798462
0 548.711914 555.062317 114.03891 93.565063
0 106.114426 47.303246 40.145233 32.614151
0 139.978485 278.439819 36.786049 29.916138
0 347.416168 66.01133 31.963379 27.045914
0 428.588562 413.480804 94.488892 71.077454
0 204.744812 146.337585 31.864136 29.367432
0 321.036285 495.458923 30.026794 24.743774
0 61.665276 485.426727 122.742752 124.813293
0 364.629028 16.60815 26.141052 21.402283
0 476.025848 600.589355 64.293152 50.969971
0 307.233704 320.42923 26.006409 21.119629
0 477.084381 95.732559 30.022095 25.156891
0 352.519012 606.732849 33.40863 26.864868
0 263.16745 73.683525 27.011673 23.756878
0 321.788574 97.930603 26.706055 23.342178
0 28.636419 53.272137 19.200939 17.420372
0 603.930908 143.909088 70.330566 131.394592
