0 102.173599 253.552963 39.903656 37.496552
0 130.842941 383.848907 38.473228 42.713562
0 610.992249 92.674385 24.928833 23.981003
0 64.517349 297.461395 32.750931 30.362
0 118.325348 168.54248 40.970245 36.482849
0 231.349426 352.57077 23.39856 21.705566
0 96.420799 458.190613 21.533829 19.457153
0 158.853134 308.353638 36.911926 31.053833
0 628.820801 243.570618 22.358459 31.009995
0 109.010704 306.19519 19.145432 17.615173
0 14.714533 334.714661 29.429066 32.72345
0 229.823059 92.563301 21.923096 22.277039
0 306.421417 632.638428 21.448425 14.307007
0 21.074535 421.402435 33.402153 32.400818
0 623.168945 215.735306 32.94165 35.796417
0 80.259872 162.408691 18.910446 16.541565
0 41.571865 344.910553 33.043144 28.604431
