0 143.030487 133.363831 148.247192 123.258659
0 581.612305 323.121643 36.516968 35.061218
0 124.544189 60.281639 42.420631 39.582966
0 565.454346 243.970566 30.002441 27.958344
0 261.848083 441.356537 28.677673 26.105774
0 588.343872 297.761292 32.57019 29.414673
0 112.674835 258.835022 38.629158 37.948654
0 295.429016 309.420807 23.403076 22.457275
0 393.690399 255.232422 68.637634 63.445816
0 282.977112 41.105537 21.939514 20.833498
0 110.225456 601.970642 28.755478 25.7229
0 614.942261 273.925354 50.115417 64.142456
0 329.002258 346.015533 26.40918 24.935425
0 244.469421 41.600471 36.061401 31.626823
0 23.836613 549.996338 44.755997 76.06311
0 72.597458 378.391022 22.404598 21.77533
0 17.741608 212.859451 25.158852 24.193115
0 601.367676 391.624817 76.419312 71.652527
0 51.774952 130.7771 43.378181 39.8862
0 505.358093 577.650269 34.239288 29.56604
0 101.985977 340.842896 63.333672 58.652222
0 612.666199 364.868561 24.050903 21.86731
0 577.741638 213.670486 26.573364 24.408508
0 533.41449 212.289474 21.669434 21.683807
0 121.842056 629.651062 28.613647 20.697876
0 268.322327 125.296043 19.674133 19.766647
0 440.153259 15.686121 28.433594 26.160633
0 607.606323 83.162933 25.489746 24.127075
0 291.223816 167.598709 41.226074 38.45163
0 631.252686 397.75235 17.494629 24.269165
0 275.731537 249.222778 21.253052 19.979004
0 348.668976 462.507751 23.645874 22.317322
0 615.024292 145.68251 21.464355 20.462494
0 265.915527 606.986267 42.289902 38.772461
0 523.838318 48.667328 150.211304 97.334656
0 293.604004 332.879883 23.285278 21.308289
0 569.736938 162.716354 31.268677 26.822479
0 283.527618 396.315948 42.7099 38.510071
0 192.640762 194.411575 23.163208 23.06781
0 492.867767 429.136353 52.213562 43.349976
0 451.076416 232.212097 51.879761 46.882263
0 384.178864 508.926697 26.750854 25.309052
0 315.098633 390.73999 24.237915 23.69873
0 332.811279 4.707559 20.685669 9.415117
0 179.927505 249.775574 132.218079 120.251221
0 17.476627 282.547089 22.179405 20.767456
0 456.595978 439.738464 25.228455 22.644653
0 603.577087 175.931213 20.653198 19.291077
0 292.766785 358.077637 41.176025 36.957397
0 240.159943 177.60141 75.379562 64.587311
0 253.503723 423.991791 27.254776 24.372986
0 376.290649 578.325195 201.659485 123.349609
0 255.943848 362.652405 32.608902 31.60199
0 129.985657 556.883911 41.428162 37.158936
0 200.232452 42.035744 120.885147 84.071487
0 600.334839 200.860046 27.516724 24.582397
0 286.868835 573.30957 39.340454 37.939087
0 100.5187 574.544373 31.907059 28.602905
0 553.542969 502.663086 18.908447 17.379517
0 534.912964 170.940079 36.264404 32.632294
0 489.503998 292.501404 62.660706 55.368652
0 58.698116 597.343262 24.728554 20.608398
0 632.908691 542.000977 14.182617 23.559692
0 5.037007 364.747223 10.074015 35.034119
0 198.418137 481.331024 22.580566 20.017822
0 10.126458 419.13269 20.252916 29.920349
0 14.479155 108.838348 28.958309 29.63295
0 518.971863 122.915085 29.77832 27.045349
0 241.54715 492.644257 38.55249 33.605652
0 619.137695 259.987244 39.564941 36.761292
0 493.679962 121.146919 24.876526 21.690811
0 7.530431 470.471191 15.060862 17.801819
0 503.751312 176.606232 24.684753 23.303436
0 24.493835 436.195129 19.780739 19.491821
0 142.656799 16.804623 34.283882 30.323814
0 323.167175 487.950134 42.174927 38.021851
0 98.358261 318.633728 67.638153 68.384155
0 589.71637 590.047546 20.381104 16.271606
0 156.93338 43.532761 29.378052 29.0054
0 313.048065 192.441727 16.298218 15.688477
0 532.672485 455.674805 42.901367 35.947205
0 6.293338 22.063271 12.586676 36.740807
0 485.710632 537.053772 99.154175 74.46048
0 329.823456 294.645264 16.066528 14.822449
0 609.649597 416.116699 27.031494 25.478943
0 568.501587 424.104614 44.083862 35.840881
0 602.314514 558.96283 71.412598 62.831787
0 414.827698 438.088776 41.731445 37.788025
0 132.083466 424.290588 31.21524 28.548767
0 393.179352 232.134613 49.329651 36.368835
0 624.068665 506.370392 31.862671 38.851135
0 193.523407 420.028168 30.988678 28.979065
0 9.106041 193.401001 17.81955 33.807861
0 408.986633 66.373077 69.994629 58.599701
0 334.732971 170.252914 46.33783 45.114014
