0 274.500793 178.729767 47.27919 42.799469
0 244.102478 131.253494 27.950516 25.675255
0 270.396118 480.032715 135.146973 121.54892
0 188.745392 588.363464 33.956482 31.012085
0 111.111679 328.037476 36.721252 34.485107
0 353.785522 561.297729 34.861206 31.793091
0 161.704575 78.593216 175.320587 146.898651
0 531.871582 143.947571 22.637207 21.431396
0 282.245819 524.819458 32.232849 30.512451
0 533.062378 93.909782 36.537231 34.528137
0 207.783768 449.110199 38.536194 39.767822
0 111.673737 478.585022 191.056915 193.691864
0 547.405884 621.956482 25.486084 25.733398
0 576.471619 147.542877 31.504395 29.1026
0 506.458618 363.808044 29.382965 28.260254
0 327.034241 630.878113 39.409607 17.445923
0 613.740234 117.182541 49.113403 44.45993
0 72.952538 589.237854 57.476349 51.355591
0 437.423492 363.66571 33.812683 30.319153
0 393.326324 469.694092 125.879089 114.959137
0 105.198624 628.653992 63.367332 20.572388
0 423.777496 432.997345 56.656677 52.16925
0 242.290543 337.714172 191.99881 196.444824
0 524.052246 625.870117 24.483154 21.096436
0 507.657928 424.897491 23.011902 20.95813
0 240.380859 542.164978 52.623093 44.839844
0 631.345825 93.618675 17.30835 22.820602
0 116.798904 375.148163 23.264534 21.496887
0 627.222656 11.378019 25.554626 22.756039
0 442.970917 150.712006 20.498169 19.656586
0 531.121521 69.737946 40.534546 33.314285
0 520.584045 381.758179 21.577667 18.205566
0 465.611786 326.895355 23.01355 19.539001
0 124.890076 427.857117 135.25116 120.730591
0 211.529922 315.855103 23.154938 22.450806
0 30.083813 225.986145 60.167625 122.903137
0 530.716919 210.67926 28.37854 23.981171
0 371.005615 313.70929 23.292603 21.777039
0 616.796875 503.005859 33.240601 31.863922
0 247.666565 571.381714 97.131409 88.435669
0 211.180191 416.1315 21.577515 20.463013
0 567.594971 270.787903 23.727905 22.199646
0 43.920403 615.910278 34.031723 30.745605
0 509.84726 427.877319 36.024475 30.601929
0 496.583313 308.173035 20.549072 20.160217
0 416.903259 440.172974 106.054504 87.123291
0 184.07547 629.857056 22.588501 18.322388
0 19.675987 27.020205 39.351974 43.532581
0 209.72641 227.251389 21.786316 18.549774
0 429.130188 604.155884 94.292114 69.510254
0 509.586945 614.509644 18.376526 17.837036
0 209.700226 250.183426 208.308029 174.203766
0 422.342926 210.794418 20.671997 19.283966
0 515.256165 443.092407 80.427002 74.746094
0 351.709412 171.710312 19.359253 17.665131
0 551.3927 40.760849 20.841431 17.675844
0 464.785645 356.376648 17.66803 16.811157
0 527.775085 324.739685 30.239624 28.966309
0 311.110413 124.418427 132.111206 105.40638
0 602.748108 7.415889 20.606201 14.596979
0 46.560497 41.096581 15.741997 15.252151
0 146.314743 547.299255 23.347321 21.478638
0 366.073242 621.285522 52.335693 37.428955
0 436.771515 10.426338 18.943115 17.32338
0 61.455063 349.131714 18.530918 16.683838
0 317.259491 213.088333 67.728699 61.707031
0 133.692215 188.772202 109.038902 100.358185
0 587.885071 571.979736 104.229858 101.858521
