0 40.300125 466.403961 59.564632 54.516663
0 210.451736 607.619873 44.826019 39.581421
0 491.968628 163.631638 262.764526 299.501251
0 441.971924 446.223694 33.070374 30.436401
0 601.466553 516.602051 32.121094 27.364868
0 112.8797 261.184021 21.607819 21.180542
0 36.791172 526.261047 27.262985 23.270508
0 219.307571 167.737625 30.868195 27.598053
0 119.169861 167.317673 23.801262 22.783691
0 187.284348 215.103287 24.196442 20.534821
0 617.497681 394.914795 44.243042 43.24231
0 431.602966 241.622681 318.519135 286.81543
0 597.608948 259.848816 51.261963 53.389175
0 50.897194 288.549194 18.636383 16.895996
0 572.486084 595.415283 135.027771 89.169495
0 503.511108 490.211243 27.328705 23.293701
0 26.624386 533.322998 53.248772 103.373291
