0 149.516403 424.512756 53.158264 49.160217
0 236.507629 335.937103 42.502213 42.552185
0 155.873596 228.53949 76.551727 71.90889
0 227.87738 252.179321 70.548279 61.984009
0 610.463257 57.217163 34.03125 32.692398
0 448.779907 321.682892 47.005676 44.909912
0 552.178894 543.397461 99.427734 86.536743
0 357.574554 77.438828 25.305969 23.324051
0 399.001038 551.855835 25.237305 23.129883
0 424.463776 343.921356 33.461792 31.543945
0 594.950317 598.545715 90.099426 82.908569
0 504.359192 434.155457 40.466553 35.782104
0 606.942566 89.67804 32.666016 30.704727
0 276.177368 577.690491 30.413269 28.220703
0 393.045746 344.35257 27.571716 24.616882
0 585.198181 62.440269 27.570801 26.274323
0 552.230774 68.125061 23.611694 25.464695
0 352.491852 129.314163 47.316589 40.701935
0 486.668152 409.713257 24.953674 21.68042
0 478.64621 10.860433 40.385925 21.720865
0 588.52301 369.5242 42.656982 37.118286
0 514.223694 356.840118 38.691864 35.661316
0 474.848358 443.061035 20.972534 18.555298
0 522.751221 10.63526 48.477997 21.270519
0 293.70282 12.954189 74.34906 25.094063
0 578.600647 229.136047 29.259277 27.880157
0 321.570526 31.117908 47.96283 39.651817
0 483.37677 295.906647 22.371216 19.864746
0 399.482849 430.714905 52.001343 45.523987
0 286.82785 434.961212 16.71405 14.939453
0 360.195984 315.426453 61.393372 56.386902
0 157.96553 521.630554 315.931061 236.738861
0 409.837189 222.581055 55.17627 50.398651
0 635.4245 153.472137 8.254395 17.284668
0 304.44696 23.673801 81.581726 42.656975
0 20.552383 158.018723 19.176514 17.876343
0 389.206726 377.752777 55.833679 48.372864
0 583.489929 483.657288 67.783081 62.419342
0 332.390961 441.965302 234.242981 195.215393
0 446.193542 111.873016 20.199463 19.016907
0 131.761353 370.003296 31.774567 27.086548
