0 283.653503 374.46994 74.25914 64.639465
0 322.192474 294.358215 26.806702 25.249573
0 185.666168 282.997009 34.239319 33.00238
0 347.324799 86.483574 67.723633 59.472794
0 40.524139 459.363586 81.048279 99.671021
0 80.974899 564.571716 159.462555 150.856567
0 527.516724 545.343384 24.713623 23.409668
0 211.55304 484.025726 26.630768 24.554871
0 419.417236 61.325233 72.78009 63.38092
0 457.295868 572.321167 233.101624 135.357727
0 193.359268 427.191162 35.047791 32.427307
0 313.437286 254.990692 32.504456 30.446106
0 203.753967 449.293335 27.238403 25.129883
0 157.396774 496.517944 23.42337 22.64856
0 427.293274 432.100739 30.453064 27.781128
0 432.575317 354.022522 32.88855 33.599915
0 165.422272 412.051605 23.954071 20.19696
0 440.078339 198.069794 55.757141 51.275726
0 633.991089 220.686951 12.017761 24.373871
0 75.043671 373.55545 27.171543 24.72644
0 553.589355 563.631165 21.359131 19.871216
0 254.511856 40.386635 32.881073 29.65258
0 573.738037 175.171432 73.559082 68.692566
0 7.7356 411.202789 15.28067 63.469849
0 446.445923 24.598076 92.468567 45.742905
0 142.009583 281.59317 40.267265 35.602539
0 25.190954 254.185425 36.559551 31.876038
0 225.121414 576.498047 23.079132 21.829224
0 156.54306 71.059601 58.479034 52.026031
0 242.973129 567.350525 21.130707 19.937012
0 582.237183 517.70929 36.414429 34.352905
0 181.869675 263.428955 34.223602 28.911682
0 381.085968 514.104248 16.106201 15.135742
0 275.036896 519.805786 24.977966 21.815186
0 577.244568 526.350403 26.381836 25.799805
0 331.244263 414.403595 25.624207 24.220459
0 554.599854 112.443192 25.40271 25.925934
0 105.88752 59.181824 27.219757 25.082218
0 189.417816 467.332947 26.587952 23.578064
0 630.553833 384.422546 18.892395 32.989563
0 292.839691 38.933731 149.643005 77.867462
0 12.29048 216.909607 23.302807 23.378021
0 210.88266 254.632217 37.845947 34.047394
