0 385.668915 348.411743 43.409424 35.403381
0 265.239563 557.39447 36.963684 28.940308
0 276.747314 99.656914 27.25354 24.909485
0 330.294861 362.472046 28.318726 24.307312
0 210.822891 441.661987 38.590454 32.209412
0 428.921753 391.751953 27.891174 23.236267
0 406.018494 476.383301 28.734314 24.491943
0 489.469055 14.008234 45.897186 27.184689
0 576.952209 134.077362 68.929077 60.182678
0 117.054962 233.274323 51.899414 46.218643
0 513.862976 376.442749 24.072052 21.253479
0 616.60907 31.221237 25.066162 20.910316
0 480.595337 220.534897 38.755981 35.812469
0 482.980621 495.907288 40.902039 38.199097
0 8.712929 395.73465 17.425858 20.075195
0 397.244141 456.722961 24.221985 21.37561
0 139.870026 325.812927 35.75573 31.053589
0 337.667328 515.061035 35.465393 30.20459
0 67.451027 343.290436 54.506817 45.445374
0 75.781372 569.80481 27.297821 21.771606
0 143.622406 397.614014 25.07016 23.319946
0 375.292999 190.609039 24.073975 22.680206
0 103.727905 161.012878 134.904419 103.545891
0 565.356873 611.000061 134.703369 57.999878
0 395.246826 421.476776 20.430969 16.238892
0 406.856384 182.842529 33.758118 34.005768
0 71.44928 475.53772 142.89856 240.309906
0 267.653198 25.809978 22.383118 17.870201
0 234.746689 324.975494 55.958405 44.654968
0 74.994293 61.548615 34.355534 32.300797
0 23.32309 172.152542 19.158272 18.335602
0 506.743042 399.173218 27.117828 24.415771
0 290.555328 194.71315 24.169922 23.119843
0 83.931793 23.248665 64.084961 43.182663
0 475.188477 122.56636 21.458862 18.229469
0 35.307411 248.091629 38.495468 31.941864
0 25.052418 10.734375 46.256241 21.46875
0 323.91272 228.861755 24.258057 20.892487
0 95.261108 137.099731 95.98703 70.531921
0 313.084167 617.901184 24.321167 21.159424
0 223.1008 632.424622 23.322693 13.216309
0 363.103638 317.007172 50.783508 44.917664
0 5.87628 19.718958 10.129257 26.531078
0 295.40979 596.731873 21.773071 20.317505
0 310.383606 291.515533 42.988464 40.524902
