0 362.852325 214.220718 38.202026 36.942749
0 470.193237 277.862762 33.599609 30.185852
0 508.983643 60.303432 29.510834 26.620903
0 87.591858 14.698786 55.22142 28.885433
0 340.268311 47.950325 28.936035 25.964355
0 111.841209 53.90815 42.538193 37.708588
0 322.872955 440.078979 26.85321 23.275208
0 206.496887 500.585022 29.73407 26.468842
0 40.135109 154.813232 21.981186 21.192383
0 90.61512 326.928436 22.216217 21.263367
0 411.737793 51.859238 21.816956 20.2201
0 210.720581 291.202393 26.25528 20.856079
0 121.389854 29.126995 31.553726 28.640574
0 398.583557 144.398163 24.87384 22.147614
0 178.37442 442.883728 24.586151 21.722778
0 368.592346 253.844971 21.380981 20.86792
0 192.408508 452.315582 46.473694 42.636169
