0 556.559753 332.203186 53.869141 48.406311
0 399.74884 13.059912 31.965881 26.119823
0 456.424713 382.80603 26.982483 23.955872
0 448.346344 419.486877 21.599426 20.892578
0 602.821838 333.052063 46.101929 47.398254
0 492.2099 246.174103 26.605774 25.822678
0 288.521637 279.710541 27.628479 26.841187
0 629.173584 346.046692 21.652832 38.387024
0 424.856598 42.696289 21.058533 19.292297
0 178.543274 415.289764 34.76593 31.30957
0 334.298462 593.702332 18.941895 18.150024
0 423.587524 405.313232 19.783569 19.076477
0 390.59137 86.145676 30.423889 27.888138
0 6.258095 301.993469 12.17049 25.754883
