0 88.991379 208.932358 108.379234 94.197479
0 366.205139 426.140686 29.176025 25.569946
0 321.628418 17.040709 47.038025 34.081417
0 240.567657 357.095245 41.396988 35.167358
0 15.297899 539.643372 30.595798 29.409912
0 13.824138 8.279737 27.648275 15.075176
0 51.545399 615.808228 103.090797 48.383606
0 224.984741 39.596962 46.386963 39.561783
0 116.422714 380.997253 54.273109 43.396362
0 623.087097 179.397751 33.825806 46.775909
0 277.763123 273.991028 23.943054 19.186646
0 551.53064 226.335541 20.328613 17.171143
0 477.015686 564.144775 21.287903 19.780518
0 135.979233 443.74826 27.587677 24.963501
0 141.589813 51.237198 35.574158 36.186996
0 140.139053 91.670418 30.136627 27.397903
0 473.702881 542.634583 20.904297 20.200073
0 42.137848 405.671417 74.349762 64.246826
0 631.961548 569.225403 16.076904 34.177734
0 140.356339 153.264908 58.839081 49.170471
0 458.778687 234.844284 23.83197 18.118011
0 531.034485 606.660828 95.404907 65.642944
