0 43.536022 443.563965 84.809502 72.862
0 597.953064 34.823616 26.266968 25.47345
0 308.956848 625.157959 32.993896 28.954956
0 103.203461 273.522247 29.570465 27.354126
0 233.228516 177.909225 25.913391 25.812683
0 565.510498 262.405121 36.750122 35.696899
0 596.570923 390.264679 29.142822 25.220947
0 116.804161 623.280823 35.762314 31.573608
0 131.693314 59.762344 31.675545 27.252106
0 31.262375 68.012276 35.377892 34.32893
0 166.173752 56.693592 27.74704 24.084846
0 539.429871 243.154999 29.234741 27.16069
0 237.194778 513.723694 232.5289 227.572754
0 413.257996 313.098175 24.892212 23.592346
0 528.0224 12.295187 20.821533 19.059841
0 46.860542 182.112579 21.603508 20.422485
0 369.43222 29.969791 23.791016 21.619133
0 81.763954 52.829693 21.178574 20.849846
0 148.322128 31.107487 26.431824 23.331131
0 160.241211 179.732544 23.819305 22.359741
0 291.197632 252.693771 20.403381 19.049835
0 567.029236 230.656876 33.326782 30.433655
0 82.60775 206.413193 21.69014 19.84494
0 461.644531 187.038025 25.573303 23.063782
0 593.546509 538.049133 21.660767 20.127808
0 418.314423 195.971222 29.695251 26.423615
0 259.464233 91.70507 23.117661 20.08873
0 9.005241 184.301178 16.888245 19.733582
0 492.650665 392.380432 35.19989 33.933655
0 120.068069 584.324097 41.726402 37.508057
0 400.892944 246.772186 19.245544 18.357208
0 346.825684 154.077347 23.866028 20.033417
0 149.571457 483.542084 30.304413 27.070374
0 605.005798 241.684036 30.189697 28.639313
0 202.208313 250.428802 20.554932 18.927933
0 205.362488 290.589569 17.503143 16.124268
0 487.021423 485.144531 305.957153 309.710938
0 91.572136 165.276047 18.636642 16.37558
0 42.068203 633.437866 24.851645 13.124207
0 84.408989 630.396545 41.904037 18.013672
0 228.643707 17.017967 17.825256 17.038826
0 388.817963 197.442902 23.542542 17.395416
0 362.772888 294.895538 24.560608 21.164673
0 200.126587 526.013672 17.408966 16.179565
0 134.231094 127.251511 18.412025 16.094414
0 261.790405 134.568268 48.832214 40.032036
0 117.170967 30.472195 24.315842 21.337591
0 635.067871 265.070251 9.864197 25.933533
0 215.526978 615.092651 21.411926 20.806641
0 166.983521 6.225959 24.329681 11.830345
0 278.763031 89.182663 20.58313 16.403152
0 181.587433 530.138428 17.246429 14.287598
0 296.973267 129.476379 20.170349 17.762138
0 154.427444 132.129639 19.35556 17.647797
0 105.658623 113.370644 19.582489 17.285873
0 256.340607 242.504776 16.555481 15.158783
0 453.449677 210.757782 46.384888 43.577118
0 575.207031 239.863876 16.457153 16.150269
0 44.459633 500.643494 80.011063 74.739624
0 413.088257 135.328049 17.305298 16.608246
0 204.511292 84.037849 27.966553 25.120239
0 35.173782 75.905785 25.645063 24.377884
