0 382.595703 467.124603 29.974915 27.504395
0 428.372864 628.012268 32.594421 23.916504
0 497.073059 479.341034 59.608917 55.786011
0 33.769196 275.875824 31.868086 32.026245
0 309.376007 588.147034 33.06134 30.341064
0 162.378281 549.791626 26.633148 24.967773
0 389.001007 416.582458 23.110535 20.753052
0 65.863785 423.38739 29.741375 27.326172
0 13.594075 233.461334 27.18815 35.341858
0 238.010544 634.100098 26.832336 11.774292
0 15.121611 371.605652 30.243221 45.085327
0 18.708046 319.119232 31.675871 32.854431
0 451.825531 377.251343 65.195679 59.884155
0 556.359619 217.12027 27.600098 22.326752
