0 95.997742 211.596771 60.40065 51.835083
0 268.83667 572.367065 175.947815 135.26593
0 348.067017 89.376015 157.740295 118.12529
0 41.566963 471.102539 66.201828 56.653259
0 371.424652 316.562622 30.060059 26.854004
0 299.113281 17.464497 32.905396 30.284796
0 89.760422 390.958435 169.446442 149.718079
0 512.605347 460.366974 35.692749 30.93103
0 167.246124 142.061401 166.552246 117.588257
0 472.921448 267.572968 29.32959 25.248718
0 227.821289 188.53476 31.599854 26.131622
0 494.571777 337.181702 29.373291 25.436157
0 41.62598 69.25547 23.2799 20.614761
0 152.271606 519.658691 102.500237 84.103516
0 438.512268 578.258301 163.359009 123.483337
0 231.900879 437.339905 26.550598 23.628296
0 235.875748 236.355682 25.787689 20.040497
0 564.688599 91.836105 150.075409 165.240936
0 345.236847 539.306946 46.803833 46.657471
0 457.282196 609.713989 19.936523 16.679688
0 228.137939 74.126129 55.086823 48.263931
0 290.88855 376.525269 25.597229 21.639832
0 603.159668 178.942352 73.680664 73.826874
0 66.67527 30.868687 21.401409 20.64817
0 473.11084 453.672607 69.994385 61.476868
0 108.212479 159.077545 91.62149 80.106384
0 312.850616 300.554779 52.306274 50.579529
0 93.44075 349.301758 23.13739 20.489197
0 551.339722 453.304016 29.488647 23.9776
0 611.864197 322.554749 51.936279 50.668884
0 500.107239 272.052185 25.042358 20.007751
0 472.467255 414.432587 19.473816 19.001831
