0 620.077332 382.441772 37.532593 37.765564
0 174.772461 340.667572 24.950043 24.299866
0 258.957825 52.791595 33.490417 31.407379
0 200.350723 284.395691 20.136536 19.974426
0 70.789169 363.08902 31.571991 28.959106
0 139.21756 183.281021 20.069153 19.321655
0 9.601788 252.29895 19.203575 24.57637
0 334.374847 459.831818 33.387085 29.037354
0 586.702881 271.62088 25.551758 23.224487
0 224.388092 299.80484 26.50293 24.855896
0 370.995209 453.62323 35.967041 31.455505
0 428.937653 283.148193 18.872864 19.352539
0 368.87262 547.97699 17.728699 18.279297
0 344.908203 345.215729 20.286804 18.750427
0 215.226913 184.539764 23.678925 22.368896
