0 296.862671 82.563339 137.900208 137.998566
0 348.994568 420.940155 29.981445 26.954041
0 286.985779 147.23494 110.885757 98.95224
0 444.024506 71.974998 73.085205 67.50209
0 262.809357 263.279633 77.723022 69.989059
0 74.159256 193.897995 141.181335 138.692047
0 562.886658 165.062805 39.522217 36.833435
0 446.546509 157.230179 173.485809 158.253632
0 365.137756 229.975327 53.650146 49.047424
0 394.87085 497.122131 24.211304 22.999084
0 592.131958 92.937897 95.736023 167.757233
0 245.764954 11.67337 29.12825 23.032951
0 477.714844 503.239746 18.969604 18.100952
0 312.533997 199.777527 22.48407 22.007904
0 101.422623 140.96846 161.382782 140.352386
0 375.113373 457.982941 22.471741 20.363037
0 378.616089 432.257019 21.305542 19.513916
0 233.315506 29.841753 20.009186 19.020092
0 139.759628 138.063599 79.942726 69.354767
0 177.006058 283.844299 17.114044 16.960999
0 621.739685 623.663574 36.290283 32.672791
0 172.119995 550.393555 344.23999 179.212921
0 8.538525 495.029572 16.482735 19.313599
0 317.53418 282.923157 57.294312 54.869507
