0 455.780792 254.619232 191.832825 197.44165
0 310.141144 126.596176 42.131531 37.573364
0 245.887756 219.619064 113.662216 114.362701
0 599.35968 591.65802 74.402222 67.09668
0 345.587372 76.692909 40.84491 40.118683
0 208.733841 83.029388 224.946136 166.058777
0 552.840637 554.591919 56.944702 53.413452
0 626.575439 507.357666 26.84906 29.040131
0 122.687927 142.934677 53.184113 51.519218
0 339.293671 593.243164 60.074524 56.072388
0 224.486771 472.968964 61.36731 53.083801
0 73.61058 482.167725 143.421234 148.750946
0 504.960571 563.512939 34.332306 33.442871
0 138.150818 313.461853 23.893127 22.078674
0 276.059387 471.242004 34.779907 30.945007
0 363.030243 509.718445 24.152771 22.82019
0 589.99646 379.794067 55.111816 45.503906
0 63.72509 76.236778 35.843277 32.271805
0 85.697731 629.859741 34.487183 20.060425
0 377.14856 357.452667 22.030884 21.137146
0 364.428375 291.267639 26.321411 25.288025
0 186.040894 421.211548 23.634125 22.209656
0 438.963318 398.96933 23.109985 22.159668
0 277.717346 217.757538 33.545227 30.748138
0 376.482513 465.948944 48.632202 41.08374
0 199.105591 630.951477 20.140442 17.454468
0 345.901672 524.969666 22.511719 20.909058
0 146.730362 513.997437 28.018768 24.051422
0 26.860149 23.101885 22.421936 20.675289
0 346.937775 622.560425 77.361389 34.879089
0 290.971497 454.444153 28.178589 23.554443
0 378.417603 401.31781 22.134705 20.605896
0 27.330673 393.309814 33.183655 29.73938
0 466.664154 435.611267 40.041809 38.13678
0 537.456299 159.579391 42.360107 41.430145
0 405.994995 439.691498 21.39679 19.717041
0 164.524673 551.014587 25.452972 20.969238
0 523.719299 522.917236 22.417358 19.164062
0 108.713211 427.001434 31.594437 29.68689
0 209.092865 293.391663 27.988525 25.666199
0 634.269409 532.710022 11.461182 29.694336
0 256.265747 71.121628 30.614258 33.010742
0 325.042969 212.802414 69.93512 61.168335
0 299.790192 57.062614 66.555664 53.109425
0 50.593079 590.634888 75.264221 73.227295
0 14.637102 165.991837 28.788143 29.068207
0 254.022156 446.651123 47.618286 40.227478
0 36.262505 115.493713 20.316652 18.303955
0 315.678436 545.799622 56.10675 47.065308
0 76.03537 112.659851 63.94635 60.663849
0 303.04657 568.176575 29.583557 29.437256
0 575.57373 339.341644 112.279907 103.108704
0 219.374268 285.138702 27.204742 27.416565
0 562.034668 455.844055 119.234009 113.901978
0 448.299255 42.526474 20.361023 20.40844
0 621.957153 397.591125 28.644775 24.969116
0 516.044312 605.022156 73.24939 59.898071
0 36.498043 45.076881 25.818886 24.648636
0 374.034088 204.977493 20.426392 17.500153
0 452.488708 149.833069 36.516968 35.338501
0 301.46524 216.394333 63.13385 45.016754
0 48.200245 16.963379 20.091423 18.813774
0 403.164246 625.576904 39.197754 28.846191
0 125.716637 489.410034 44.996292 39.164612
0 127.449081 474.129578 46.384094 40.602295
0 527.699463 559.0578 80.441193 43.421631
0 119.592285 366.213867 20.64164 17.91687
