0 143.82486 537.736938 43.467712 39.739014
0 319.483826 580.58783 29.147278 26.34082
0 193.888748 393.136749 40.216492 38.171204
0 13.557521 312.498596 27.115042 37.480652
0 480.682465 362.937592 31.362976 28.92865
0 351.331665 536.68927 57.25238 52.487549
0 312.202393 413.215973 49.497742 43.769226
0 236.54834 8.105913 29.967102 16.211826
0 623.51001 353.342712 22.923706 22.251282
0 240.452377 537.029175 22.583221 21.176147
0 448.764709 631.971619 26.979248 15.660522
0 397.531921 233.22467 21.595581 20.748077
0 513.598877 567.580994 21.737671 18.633789
0 538.333557 528.807373 18.064697 17.131592
0 153.414291 172.564804 34.408783 31.163605
0 585.728638 54.33971 30.933838 27.281288
0 94.076591 61.96809 28.236938 25.151588
0 425.672058 480.429993 37.143616 35.463745
0 232.399582 560.089661 28.684265 26.919067
0 439.491302 457.203918 30.889404 25.604248
0 151.397461 471.044556 28.764282 27.73175
0 209.43779 586.985962 33.202423 32.179565
0 168.584717 353.887115 36.592468 33.577759
0 170.846115 70.84333 20.302856 19.697296
0 41.08017 527.042786 19.622658 18.177612
0 183.202133 531.772888 34.77829 27.008301
0 97.840096 27.156542 36.165863 36.170033
0 73.480545 112.740288 29.762333 26.177078
0 620.184753 556.997314 18.456665 15.480591
0 428.90567 470.647125 31.821228 26.321289
0 138.203079 74.68647 54.24218 49.227921
0 145.295334 118.220184 21.889709 21.243782
0 454.654633 515.031738 21.667847 20.27063
0 563.076294 565.404114 54.57019 50.62793
0 97.713921 627.431885 55.457321 25.136169
0 241.211685 617.444153 36.813202 32.040283
0 181.283203 439.127716 45.212646 40.94696
0 83.445831 405.387482 21.538925 18.792725
0 451.146912 7.876766 36.439087 15.753531
0 81.557014 103.914291 34.524307 32.483078
0 197.528992 94.878181 19.728638 17.145218
0 208.802612 354.135742 29.634644 25.9151
0 529.310974 189.863586 52.498047 46.675049
0 42.121861 358.487335 17.64257 17.439331
0 282.759003 628.472534 66.554199 23.054871
0 155.883759 137.911102 39.977234 36.820793
