0 369.262024 29.767574 82.987122 59.535149
0 105.354294 197.3461 38.017319 32.482788
0 292.355591 179.471329 46.635376 40.615753
0 626.883667 77.608826 26.232605 26.605408
0 101.194412 457.896698 30.809601 25.273499
0 330.707031 336.892761 27.835693 22.981323
0 359.509247 226.201767 30.897156 27.507446
0 209.878143 421.25473 25.309479 20.757935
0 118.221527 613.608215 29.445282 23.692627
0 433.637573 441.387909 25.307739 20.973328
0 329.844116 132.394058 52.538879 43.085358
0 243.148712 189.21109 51.018295 46.492096
0 99.883049 243.222412 23.344833 19.231201
0 621.941895 584.433716 34.995361 40.507812
0 109.522087 479.014832 31.234756 27.001953
0 14.838133 263.101288 25.994099 22.162796
0 26.000423 229.564499 25.936378 19.948975
0 23.90889 499.483459 26.146132 23.711731
0 83.691948 178.805511 23.973358 20.365356
0 514.845032 117.020248 29.852203 26.54615
0 562.089905 178.34523 38.830444 33.511719
0 492.841522 416.533264 23.894775 22.711975
0 620.70813 253.324188 32.388794 29.940262
0 304.447113 386.063904 27.372559 26.644348
0 576.992737 591.152222 19.561523 18.45166
0 432.667572 364.026764 74.221619 64.446655
0 373.253693 342.551422 51.792969 49.22467
0 297.347717 622.39093 36.888794 29.694702
0 511.688416 30.789257 33.636963 34.680275
0 611.581482 198.497314 18.631592 18.014465
0 621.002991 182.926483 21.422852 22.556
