0 299.232056 314.933136 70.011658 65.972473
0 95.735703 266.061096 26.453049 23.6604
0 341.649017 212.161774 22.947021 21.546814
0 332.77774 574.328735 64.676453 55.938721
0 325.848907 13.619219 21.50415 21.199589
0 69.035576 458.701599 44.795471 41.005127
0 435.363159 495.180054 112.841797 103.041046
0 468.627045 22.244556 22.412781 21.459679
0 406.990967 169.389847 22.020203 20.318878
0 237.79837 13.698952 23.35379 21.905807
0 38.736649 283.973419 25.35778 23.268433
0 177.774902 402.989258 46.372375 44.506042
0 597.031006 430.582397 75.766846 68.248779
0 15.626221 274.981445 31.252441 35.967285
0 500.467285 63.592949 21.204224 18.929127
0 205.655792 303.574585 19.443237 18.468018
0 171.830582 617.452576 98.241486 44.334717
0 610.45697 357.182465 28.275146 28.292542
0 178.357132 133.79007 34.299011 31.989319
0 447.230743 578.403503 60.855042 56.060425
0 565.1875 293.546509 20.849976 18.591187
0 61.705101 266.262085 18.966137 16.740173
0 246.198578 610.531128 63.514053 56.178833
0 283.975739 296.632141 21.753784 18.615479
0 528.350403 84.560875 20.871216 19.549576
0 218.718842 67.074463 26.929474 25.448044
0 504.615356 578.902222 47.14859 41.805176
0 208.882172 137.07724 29.92215 26.481071
0 526.51947 422.345642 83.3461 78.844666
0 435.035736 263.951996 34.407898 28.298355
0 612.601562 274.350647 20.147705 18.531433
0 159.896591 18.40929 53.261536 35.282143
0 126.444656 35.319962 46.901306 41.694748
0 553.834717 8.34236 31.484741 16.516357
0 313.766022 195.480072 18.649536 16.995239
0 168.187469 599.522644 19.702271 18.7948
0 233.892075 142.903778 16.947266 15.101227
0 443.418671 337.040863 35.570374 33.614685
0 171.858398 22.743103 29.455719 24.902452
0 420.917633 532.764343 55.670654 51.825806
0 238.272537 166.193192 16.140289 16.278015
0 618.074707 558.095886 43.30188 119.254303
0 291.376862 155.815308 19.254456 17.277954
0 180.181458 374.428528 20.602875 18.161621
0 533.75116 443.19928 57.903809 46.520386
0 537.496948 371.954498 55.121582 50.331238
0 224.383591 467.247742 104.729523 97.423553
0 274.073792 559.849976 60.093933 62.699219
0 311.420319 617.016968 93.315186 45.966064
0 9.368896 559.338379 17.682449 19.541382
