0 150.013855 45.582432 38.738342 35.28717
0 394.825287 264.458801 23.812195 22.650314
0 462.286041 126.958267 27.467712 23.587868
0 70.583023 398.94751 21.797592 19.25415
0 417.478912 132.137665 29.4599 25.958008
0 31.067139 237.563416 21.179914 19.065643
0 79.60952 424.4599 22.965256 19.513306
0 147.027512 347.418915 20.879456 17.848145
0 41.503033 145.389786 21.635244 18.233917
0 135.829498 521.643799 21.463257 18.605591
0 176.840622 246.444443 25.801483 23.996979
0 90.528786 506.31604 21.183609 16.993744
0 226.814743 14.787233 19.382172 17.871555
0 229.527206 34.158928 20.581848 18.6632
0 246.306091 55.294018 25.188049 23.709709
0 434.325134 416.575317 152.956665 152.955811
0 569.813232 476.556427 140.136627 326.887146
