0 547.117188 578.642822 47.873413 43.05188
0 553.247925 340.982208 57.2771 56.669006
0 331.764252 466.819092 59.08783 56.941101
0 66.553764 75.563789 31.977661 29.558315
0 562.099304 508.880554 23.585693 21.929718
0 510.841919 451.930542 27.75296 25.541321
0 246.853668 480.999817 26.250412 23.30426
0 251.839508 467.164154 33.068481 27.765503
0 615.109436 237.647568 19.759888 19.553558
0 101.805588 428.068085 31.248291 26.274536
0 26.936325 241.520035 24.655836 22.314056
0 25.496338 111.863289 24.48452 21.429153
0 598.742004 535.157654 21.162476 19.950317
0 466.12326 407.633667 24.180664 22.166138
0 602.252136 505.313599 18.590942 16.574615
0 393.164398 383.599762 20.000671 19.028809
0 9.174398 186.626312 18.158512 36.83075
0 75.739006 524.258118 40.290421 37.633392
0 527.137878 605.868469 19.915161 18.179077
0 452.722565 570.993652 28.494568 27.362061
0 632.678589 531.130676 14.642761 63.003387
0 384.278687 210.649811 340.140137 309.445984
0 7.764158 354.776245 15.282011 30.211975
0 87.068466 391.348755 23.050949 21.535767
0 634.752014 597.609741 9.674927 17.594482
