0 169.146988 250.003738 54.79364 52.229828
0 472.272858 269.795929 41.304443 36.245377
0 115.774338 122.413239 27.618629 25.388916
0 496.026794 477.082306 28.279419 25.190125
0 350.558685 302.705048 31.539246 29.704102
0 489.392609 300.098999 31.261841 28.972351
0 414.691437 387.475006 33.849487 32.450378
0 146.039032 593.970154 22.868103 21.916748
0 27.291847 109.66066 30.636253 26.119064
0 625.951904 407.247803 28.09613 42.099487
0 382.749146 192.905548 25.413208 22.524841
0 493.858368 401.427155 27.636353 23.468872
0 485.737488 348.895294 25.939514 23.325012
0 290.767395 603.58606 21.149963 22.132935
0 41.015781 144.304977 25.325296 24.643524
0 474.502808 492.998413 20.727234 18.18512
0 131.420456 554.142639 36.001556 36.12854
0 161.211807 574.688538 37.053497 30.463989
0 208.325317 549.739136 18.371155 17.071777
0 42.303703 422.912659 19.672684 18.821228
0 293.301422 492.887268 18.020752 16.360107
0 82.413788 310.879272 37.088974 31.794922
0 164.595779 355.763641 20.400665 18.147583
0 391.003235 611.389038 76.804626 55.919189
0 154.362366 100.435951 19.509674 19.048294
0 39.6996 600.074524 18.479795 17.843628
0 187.469482 218.621597 23.864441 24.553619
0 161.015854 556.585022 17.749359 14.346069
0 216.061371 388.561829 63.79126 54.864258
0 389.033752 287.132629 26.181274 22.178833
0 513.188049 312.620056 32.28537 34.034119
0 234.193924 49.00098 195.444244 91.237358
0 600.511536 380.118103 54.398804 48.585632
0 114.575333 599.198059 58.466652 51.085449
0 114.049637 584.505005 47.901001 40.751221
0 350.112091 106.963821 135.167175 132.014679
0 572.184021 162.384766 135.631927 131.315613
0 163.017883 563.183777 26.806732 22.222778
0 150.158066 577.86499 22.600616 18.658569
0 118.649551 158.952118 18.511536 17.296692
