0 370.229492 486.823608 34.485168 31.988708
0 222.681198 545.365845 37.856506 31.695679
0 170.234482 532.600159 29.338562 27.166992
0 38.856312 394.180511 30.890686 28.514771
0 210.822815 512.299927 64.361115 54.539886
0 156.410873 510.52948 35.371765 31.538666
0 269.069427 531.393982 53.694595 46.590088
0 180.327316 219.461563 31.406097 30.89328
0 27.469629 630.942017 54.939259 17.196045
0 100.904236 194.580231 31.189407 30.117798
0 88.199646 568.661499 24.717438 23.548096
0 141.434296 68.9375 29.807831 26.223812
0 169.941437 570.150696 36.645142 32.477417
0 304.44278 44.562843 22.835266 22.250587
0 363.568573 545.702759 25.609497 21.900269
0 183.714935 409.933716 53.993408 50.961304
0 16.118038 442.738953 31.117577 28.650269
0 129.589172 132.051117 23.855431 24.3993
0 74.629387 585.429749 26.477856 21.342651
0 298.826904 596.623718 39.673706 32.124512
0 124.451614 590.849304 18.478241 18.395142
0 119.070717 526.619934 25.350876 23.754639
0 204.607956 480.589996 20.60376 19.071106
0 282.930328 11.753344 26.368652 21.654453
0 106.134224 592.858887 21.900192 20.083862
0 299.563568 138.976974 24.506531 23.800476
0 351.885834 143.022385 20.74707 21.46756
0 321.729645 81.646439 32.773438 25.854126
0 312.528961 611.572388 24.184509 23.283447
0 75.137177 207.462463 21.784454 22.430389
0 156.673065 629.657227 24.953613 15.954956
0 192.079956 548.649475 22.257629 21.330444
