0 278.604492 58.147732 55.555038 50.270607
0 280.329803 400.426849 71.115051 65.340881
0 427.829742 410.7612 52.033875 45.128235
0 251.584091 25.518562 41.716217 37.639984
0 164.422455 195.110031 29.897919 27.812683
0 14.009754 276.242706 28.019508 28.616333
0 322.134338 142.166946 28.676208 25.588501
0 93.982643 29.512379 31.259399 26.78948
0 189.745438 186.107559 31.161804 28.857635
0 281.837677 11.140827 35.955688 22.281654
0 82.764305 194.456711 24.971115 23.587799
0 625.665894 17.886606 25.253418 23.884876
0 153.316788 364.867981 23.467377 23.815186
0 538.579712 46.133766 80.140656 73.740128
0 451.347107 569.504944 25.267212 23.94458
0 118.901764 123.999161 21.699471 20.149933
0 35.371735 188.011841 22.667969 22.091614
0 315.52121 625.953369 50.545532 28.093262
0 548.684753 482.194397 22.702881 20.221802
0 304.419006 360.129974 22.928528 21.17511
0 6.231709 299.432251 11.930338 25.896301
0 9.180948 347.075073 18.281036 22.231934
0 330.124603 14.03998 60.704529 28.07996
0 425.16391 160.109329 23.111389 18.744232
0 527.556396 356.330231 58.065338 50.065125
0 146.781708 498.145813 84.273613 79.617432
0 426.109131 77.723206 20.467896 17.910156
0 338.969696 463.097015 22.009888 20.04834
0 62.950722 275.676514 18.51413 17.975403
0 361.819153 143.830246 23.592468 18.377411
0 83.638306 102.578903 143.366089 120.574242
0 206.322586 11.408789 62.128632 22.565853
