0 372.041321 450.923859 103.507874 96.836121
0 296.596039 160.598679 37.427185 34.845581
0 439.448578 492.163788 27.366821 25.699219
0 112.173691 72.804474 28.205902 24.689972
0 473.165985 620.289307 48.086792 39.421448
0 207.985214 181.149658 23.728577 22.506561
0 569.058716 160.969833 32.506104 28.941345
0 481.399963 364.792999 21.318604 20.601135
0 476.125793 347.288086 32.315857 28.884766
0 285.071625 55.786896 19.673462 18.14706
0 632.680542 526.370056 14.638855 20.67395
0 431.922607 219.944092 19.74292 18.57962
0 32.334274 138.094681 19.180634 17.670197
0 222.263596 476.786469 19.116547 18.431885
0 352.071686 587.699036 19.230347 17.351807
0 495.264984 192.117722 33.325623 32.651978
0 328.852448 481.966522 18.486877 17.299438
0 142.559296 228.674316 67.552727 54.845352
0 448.322754 589.080261 22.420593 20.191284
0 309.080414 463.795013 16.277344 15.695007
0 560.757935 551.014648 19.449585 17.803711
0 524.862671 212.815094 36.38858 29.250336
0 326.852783 40.537354 23.464233 19.969994
0 188.517303 253.152985 18.516602 16.524796
