0 510.067688 276.280212 33.598145 33.249146
0 484.7612 455.113403 30.499817 27.761963
0 357.428864 97.035034 61.582581 57.565247
0 122.755722 327.1362 238.373749 266.652161
0 384.707397 578.397766 116.398254 103.580444
0 243.147888 172.814484 29.910156 27.053253
0 539.817749 348.985321 27.219116 24.669617
0 600.495911 498.078613 22.292969 21.346863
0 493.385498 174.219986 25.753601 23.617462
0 77.681908 563.45459 28.879734 26.385376
0 364.655701 56.874359 113.537781 96.763336
0 220.328705 11.548036 26.983276 23.096071
0 630.343201 579.983643 19.313599 25.340942
0 241.499084 393.976532 50.853806 44.602539
0 44.385315 607.874329 88.77063 61.394409
0 90.15947 45.643475 25.395782 22.106766
0 180.682587 610.959961 38.814789 36.116211
0 331.787811 225.011597 19.647461 19.228333
0 415.582886 153.064224 27.10022 25.102509
0 70.80262 162.578583 25.539642 25.930206
0 228.110443 43.55365 27.419739 23.412102
0 630.044189 438.732574 19.911682 40.400024
0 546.958984 236.798676 28.654053 25.868103
0 205.783234 468.104187 21.038452 19.264648
0 529.93042 547.36322 40.732697 33.43689
0 146.551651 528.408813 26.523834 25.449463
0 300.821747 352.496094 19.543335 17.368591
0 560.626953 551.247314 20.302856 18.173828
0 119.803009 481.586456 20.948158 18.865173
0 546.872925 592.082397 69.700806 61.669678
0 546.150757 148.712982 18.502075 18.455963
0 413.825195 306.999481 16.973938 16.742737
0 440.122925 470.607025 27.306885 22.688965
0 245.744904 355.48822 49.960999 45.43927
0 512.306091 205.788727 19.158356 17.476898
0 254.823547 58.289436 26.758911 25.795822
0 99.888702 65.924782 19.401627 17.545486
0 445.042236 175.03981 21.440857 18.937805
0 330.402039 396.940979 18.951416 17.522034
0 307.676483 438.370422 21.326843 18.421997
0 539.273254 64.261169 28.00354 24.939072
0 182.520416 582.920471 27.781891 24.532104
0 470.622467 178.143341 27.107605 27.812012
0 508.461243 44.56424 212.491699 88.931335
0 573.084717 305.79538 21.02002 19.032898
0 625.631897 316.939758 19.583862 20.119019
0 224.247604 205.786835 21.888092 20.668945
0 534.847107 376.047028 20.076416 22.183105
0 629.095337 414.124207 21.344849 26.940613
0 573.579163 56.772438 19.973267 19.241077
0 20.838768 101.319412 19.13327 16.330307
