0 556.00647 360.397583 84.963867 72.43512
0 496.938232 205.399689 87.89502 75.544556
0 610.958313 411.218719 52.754395 103.138306
0 375.857056 170.093842 187.378967 154.495056
0 358.887817 482.098724 55.868713 49.129333
0 364.713684 575.163452 27.017456 22.004517
0 486.565613 548.041504 28.618469 25.187866
0 466.562866 630.334045 37.509888 18.661011
0 462.463013 526.239258 28.859863 24.296875
0 547.205322 90.258766 33.209351 29.815002
0 564.018494 23.809128 56.25 43.773331
0 518.275391 574.056519 29.129913 24.149536
0 578.252197 618.735596 71.452515 42.52887
0 361.73465 442.155823 44.262329 34.815918
0 522.619019 472.339996 29.709717 22.67157
0 480.128967 410.134827 40.871948 35.439758
0 498.179901 140.038239 64.555847 60.159065
0 475.841095 16.421217 23.164124 21.034485
0 616.056274 270.082458 26.481689 22.959961
0 449.159271 587.324097 27.640808 23.522827
0 364.66803 423.144867 22.634399 18.416931
0 265.50354 476.126709 150.214737 141.655396
0 555.446838 615.079834 35.61731 31.66333
0 352.517334 90.138748 30.450806 28.618515
0 517.380066 632.025513 48.344727 14.590698
0 198.139328 596.486023 20.93924 18.281982
0 632.918335 32.306511 14.163269 27.673065
0 454.457092 266.068634 76.338745 72.760025
0 292.942261 619.122559 55.799316 41.754883
0 307.856445 516.562622 35.526611 31.283173
0 359.381287 597.920227 189.598755 80.779419
