0 555.860291 264.914551 37.51709 34.281921
0 129.421799 394.576721 23.093285 22.290894
0 498.759277 267.796814 72.911774 63.452881
0 413.509155 459.45578 41.686707 38.28894
0 564.19751 106.01017 48.253052 42.634842
0 487.753021 111.119751 24.521301 21.322266
0 597.686951 46.021225 54.695435 47.375309
0 505.427124 515.641968 36.256104 31.896698
0 347.449677 592.324036 37.111572 37.218262
0 254.479645 40.500275 49.888168 47.921371
0 424.789246 113.36467 40.337402 33.122292
0 425.430206 607.08551 30.038635 26.286499
0 632.349731 323.125702 15.300537 39.891052
0 537.276489 266.714142 73.522003 41.274673
0 216.073181 110.387909 86.501221 80.654366
0 42.951958 10.764606 74.56813 20.656563
