0 183.459061 117.948227 68.432983 65.919098
0 559.546814 83.9095 75.098022 73.506622
0 415.971069 146.413727 34.396301 34.901123
0 429.78479 326.745392 20.585083 20.718201
0 84.806015 186.946152 39.03894 38.287964
0 307.877319 116.877579 195.746582 201.795074
0 546.033508 441.324738 23.279053 22.800659
0 65.860054 41.23732 47.526382 44.517319
0 22.898067 59.636658 19.873993 19.706585
0 177.459793 332.444427 31.365967 29.17041
0 191.740738 24.450394 22.75589 21.120058
0 530.164001 14.862738 21.256592 20.21233
0 165.418945 135.504593 19.866333 20.29892
0 608.903442 339.818573 17.566284 17.139465
0 332.54245 122.914444 32.681885 32.489235
0 291.457153 252.959442 18.829163 18.283813
0 119.482834 37.505135 19.555939 19.198166
0 455.39801 132.461288 26.801758 24.548798
0 553.689148 629.434021 23.691162 19.950439
0 385.379486 291.286926 32.806824 28.68335
0 527.5578 632.130554 36.622528 13.39917
