0 296.229614 399.274689 27.564575 25.763
0 186.89679 268.278168 27.159943 24.105713
0 36.972023 7.785432 23.918823 15.570865
0 227.898575 50.822731 25.299438 22.952553
0 464.809021 90.300888 54.769104 50.191406
0 598.844482 55.542393 26.863647 25.726494
0 577.522949 173.276779 31.163086 31.570709
0 583.408569 427.804138 113.182922 210.029144
0 442.459686 174.927261 20.704346 20.181274
0 480.054535 528.404663 17.602722 18.636475
0 219.634903 450.143646 20.042297 17.668762
0 36.916927 163.312927 20.179001 18.460968
0 265.310944 89.323853 29.886215 25.988373
0 399.814362 501.80896 14.875916 14.847229
0 514.318542 150.392639 124.220093 132.736511
0 530.773071 99.768021 73.825317 66.410866
0 532.417114 183.068954 215.165802 272.03598
0 5.308921 589.659973 10.617842 24.558838
