0 386.277557 163.205826 27.03717 26.293488
0 71.593018 559.229065 27.150921 25.95752
0 13.614944 103.146751 27.229889 33.29451
0 559.877014 554.170593 27.824341 22.844604
0 317.848206 301.750549 23.376587 21.903931
0 92.716949 151.576233 110.143707 98.693169
0 500.044586 333.696533 60.077332 56.904297
0 150.777939 242.935028 35.227295 34.347717
0 266.619263 16.892416 22.408447 21.336933
0 582.535828 89.536728 114.928345 179.073456
0 417.427765 482.448059 27.434326 24.380554
0 114.585602 255.105377 18.587769 17.264053
0 253.622711 519.556213 34.944504 30.907593
0 206.389114 210.064102 16.91748 16.402222
0 112.092766 541.768677 49.2621 45.866577
0 483.329102 297.175201 43.670776 40.378113
