0 85.072716 522.262878 72.143295 67.268219
0 106.158081 298.825714 212.316162 243.301453
0 263.42157 100.204941 30.71405 29.306534
0 526.943115 213.315048 226.113708 208.429657
0 255.589722 530.769531 175.675781 156.432373
0 18.206537 569.602478 36.086941 69.510376
0 456.901215 193.619934 23.120483 22.989899
0 532.682861 84.284088 29.94519 27.741943
0 328.952606 240.563034 25.149536 23.661011
0 541.365601 45.422539 57.399658 51.642166
0 460.132721 41.926331 43.496338 40.335594
0 173.877075 32.84087 23.818634 22.736334
0 368.268524 374.219482 28.313354 28.016663
0 75.969269 605.535767 27.563068 21.828247
0 333.343018 100.368256 232.913071 200.736511
0 55.283142 38.92543 46.038914 38.74939
0 508.523926 16.79784 32.181183 27.154648
0 399.440277 168.181076 33.088074 30.648407
0 260.627686 273.109009 114.329468 104.929565
0 287.224304 199.672699 31.204956 28.866638
0 628.436646 8.353399 23.126648 16.706799
0 496.18042 370.227539 17.744995 16.865601
