0 202.319489 159.711197 76.830261 64.355019
0 107.014992 509.27301 38.271896 32.336395
0 570.827942 360.948975 44.783203 39.379028
0 497.358887 608.496582 132.146362 63.006836
0 607.180786 279.447388 33.229248 31.852722
0 258.029175 218.071503 35.676254 31.819183
0 119.166573 38.307777 66.532394 56.618542
0 159.754272 270.49057 22.443237 19.513184
0 501.283752 493.589691 276.195892 256.593689
0 13.736561 119.643539 26.236183 26.108795
0 148.432846 39.43224 32.050507 27.622253
0 145.213684 489.039307 20.237732 16.885864
0 12.123568 268.364319 19.317852 17.581726
0 447.291534 216.363007 295.57196 303.810364
0 423.208496 631.0495 29.478577 16.335938
0 69.674301 340.375122 139.348602 300.182739
0 308.408417 329.243774 20.378479 18.373962
0 532.582947 79.513527 21.05249 18.574783
0 622.56665 371.222473 34.866638 50.063477
0 313.825073 437.410797 22.790344 20.353333
0 598.240845 171.843826 30.098511 26.784454
0 140.317932 38.551716 48.516754 43.228279
0 205.912384 489.61795 18.633026 16.366577
0 408.17392 555.152954 95.624023 87.496124
0 199.634964 346.051971 19.035919 16.400879
0 158.327393 287.398621 18.508118 16.850098
0 349.953583 633.993408 28.761108 11.309082
0 430.699738 429.813782 23.128967 21.490906
0 328.503937 410.297363 20.599182 18.984009
