0 139.908325 572.710388 29.557655 25.888794
0 571.125549 408.87085 43.120483 39.058899
0 609.487915 100.134201 25.44812 23.603653
0 580.060669 617.452881 37.859619 31.21521
0 46.593124 606.503967 86.69397 65.762329
0 164.956604 163.314636 27.156067 23.850311
0 581.64917 106.596741 26.571167 20.622894
0 370.374298 72.637169 30.646301 27.885784
0 335.435455 247.400681 27.682556 25.707245
0 592.772461 70.967728 21.863281 20.342213
0 123.931229 487.187897 19.955986 18.450439
0 199.231689 288.296112 21.307861 18.732788
0 584.410217 231.588638 21.270752 20.077423
0 561.355591 383.443939 25.2323 23.560974
0 322.086365 389.420746 25.691895 23.056458
0 90.175644 14.130207 21.993347 20.681892
0 270.214233 7.493225 28.956665 14.98645
0 489.867432 22.130733 95.578979 44.261467
0 61.727486 529.759277 23.039974 20.54187
0 496.338715 114.769226 20.221008 18.180084
