0 314.507202 365.442322 137.657166 128.010559
0 562.200195 328.425964 88.704102 86.322205
0 445.400757 601.657715 89.913147 76.68457
0 124.89415 245.42572 76.203087 72.618912
0 430.513641 247.302032 124.034485 110.126343
0 546.629395 207.262131 47.356445 44.968201
0 76.165497 522.243896 33.944519 32.734375
0 401.868835 27.562046 107.863281 55.124092
0 473.890289 552.509583 40.152466 39.622803
0 546.521545 66.940605 42.179077 36.585907
0 270.109467 248.321594 135.045349 121.084106
0 57.985752 376.392365 42.202766 41.635315
0 479.602631 135.387985 39.746765 36.90155
0 576.755676 70.816162 25.501587 24.175446
0 416.928253 391.812927 115.281311 104.63916
0 454.948547 293.846588 42.24585 36.826355
0 349.557495 168.199768 37.042969 30.667419
0 213.763153 605.69104 227.775314 67.049316
0 488.940002 201.348465 26.540894 25.332489
0 443.527771 174.040176 20.526611 19.60257
0 586.30603 207.632782 53.494141 51.295898
0 618.433289 264.588287 23.883423 22.865295
0 534.515015 113.908241 26.087036 23.510117
0 51.112617 62.930515 24.094749 23.359779
0 63.637848 62.202255 127.275696 124.40451
0 269.333374 299.720245 38.980225 32.868958
0 9.247824 494.6922 17.455036 33.710205
0 126.661537 475.538757 94.161209 90.233429
0 300.110138 193.659973 45.726929 39.335083
0 225.774277 508.826233 24.409302 22.472534
0 54.468941 45.49435 21.134129 20.106987
0 422.576477 92.352249 49.106567 42.782455
0 244.774506 336.890717 26.360107 24.696533
0 600.519348 141.718994 20.640137 17.89563
0 192.327698 194.727249 20.659821 19.324921
0 519.534363 39.044632 30.594482 26.725441
0 497.973755 6.357894 21.856262 12.715789
0 264.54306 100.499863 25.566406 22.381927
0 478.100464 444.92157 20.451782 18.398132
0 137.779755 15.285252 22.545624 22.254013
0 367.594086 277.684052 21.860474 21.130127
0 475.299438 18.704788 33.754883 32.333664
0 29.39537 207.606918 19.334442 19.710815
0 71.412285 164.740005 110.456436 96.096581
0 131.636475 519.058594 82.856842 69.017334
0 4.647884 558.465332 9.295769 27.973389
0 57.556046 59.338711 89.715515 85.043892
0 413.978394 105.729538 16.807373 15.291992
0 33.266571 618.600037 24.224134 24.774048
0 393.72168 558.423218 26.590088 22.914795
0 628.638428 52.008263 21.472656 25.244678
0 349.829773 220.316238 52.50177 51.458649
0 375.63797 42.899078 36.23175 29.25457
0 618.8479 173.404663 30.406128 27.303589
0 207.62207 444.337891 22.731812 20.805603
0 251.367645 85.494858 22.117249 20.693192
0 249.645782 422.701538 20.780106 19.364441
0 311.638763 538.877136 28.014221 26.995361
0 85.305367 185.608887 60.256149 48.714539
0 569.744385 150.134995 29.550171 28.737152
0 399.104187 112.052345 19.864258 18.22998
0 351.383453 618.433472 17.673584 18.294312
0 413.095612 347.701904 63.946228 59.532227
0 446.722351 352.472412 22.295532 20.939758
0 569.731812 389.992279 20.354614 18.103271
0 154.773041 422.207794 31.502655 29.547241
0 49.620975 496.727295 46.923561 40.852295
0 564.21759 320.943481 45.355957 42.906982
0 317.743378 56.304123 21.262878 19.016163
0 35.651405 298.984772 21.148628 16.938293
0 506.795502 102.993187 17.7724 16.465622
0 627.556396 591.801331 22.922119 21.474609
0 195.739075 281.594513 37.579803 31.485962
0 106.182617 100.186798 30.931488 27.645187
0 333.608459 250.879486 21.228577 20.782089
0 381.888916 177.346909 15.930542 15.244965
0 125.251678 413.676666 19.378845 18.236572
0 575.029053 541.936646 89.320068 74.981323
0 142.400452 459.460571 62.74649 61.936829
0 560.479675 102.051682 17.048462 15.832062
0 87.039444 580.270081 126.598976 113.463501
0 196.901947 138.404984 115.52002 104.447632
