0 235.376434 58.770237 102.625 102.933495
0 587.459717 276.970337 40.459839 36.740356
0 258.464172 592.343018 96.694824 95.313904
0 526.41925 354.745392 33.724854 33.063416
0 339.238373 186.921326 35.883911 34.09967
0 75.314499 428.034393 36.918961 33.993347
0 193.334641 254.947021 48.423004 45.033371
0 112.229881 99.009987 21.526764 21.712067
0 516.460693 317.300903 26.541168 24.75116
0 272.416138 315.821228 32.54718 28.621643
0 470.642517 91.96611 34.843384 34.355972
0 533.993103 407.76004 27.025024 24.150208
0 156.440842 540.837585 27.135376 25.085938
0 559.710144 58.134468 28.766113 27.593014
0 272.927612 361.545197 22.618347 21.760193
0 427.537811 491.688599 27.628235 25.234009
0 538.284424 376.995667 34.132935 31.136169
0 614.324097 629.32605 23.459595 21.345093
0 472.323151 290.727478 66.751404 63.785706
0 578.516602 51.456306 22.645874 22.860161
0 63.819344 27.944191 37.29805 37.588608
0 564.97522 157.69809 18.926758 18.394073
0 625.695496 450.757782 28.609009 38.226807
0 188.294479 318.778625 36.66507 31.365662
0 627.129272 316.688477 21.423706 22.274902
0 284.616791 511.509491 34.84314 30.652649
0 218.719238 237.246521 18.603882 17.143463
0 509.197998 291.597992 23.37619 22.68634
0 622.404785 319.112152 34.005005 35.028687
0 108.354691 439.49704 32.517548 31.101196
0 495.787994 54.136547 19.57428 18.729469
0 631.373413 274.532471 17.063477 25.347534
0 107.615089 83.702202 19.686417 18.11647
0 422.108948 266.681976 17.038147 15.43158
0 261.623779 302.89267 25.311813 20.777771
0 149.023514 26.259623 101.108734 52.519245
0 553.363281 431.368958 20.748169 19.312805
0 442.052643 598.838989 23.548035 19.86499
0 361.299957 627.255676 65.395447 23.374146
0 122.125122 280.110962 18.616692 17.046753
0 127.619507 329.527161 78.663025 63.456177
0 528.767883 50.323967 39.825806 36.471008
0 23.22961 310.028748 45.04702 196.16449
0 256.66629 402.802582 30.276794 28.830627
0 110.226364 91.783211 22.509979 23.423645
0 235.889557 182.283722 19.769196 19.479614
0 634.628296 293.954803 9.322876 19.800049
0 322.933929 631.131287 18.444824 14.385742
0 208.508301 341.210327 23.93045 22.907166
0 99.069672 410.439484 19.33989 16.539856
0 160.971405 547.834534 26.516815 26.470947
0 495.103363 47.049644 19.912354 20.541748
0 377.85791 600.526245 22.692261 21.250732
0 225.376495 330.092163 18.465179 19.894287
0 79.413544 402.158539 22.071976 20.348816
0 473.432159 134.275192 22.636719 22.970764
