0 479.522736 328.446533 150.000061 142.626709
0 53.738899 325.143219 33.567307 30.871155
0 377.346832 376.183075 69.959167 65.0271
0 157.249573 106.473251 94.062439 85.138977
0 226.665344 476.469208 29.511108 28.645691
0 68.420212 559.543152 71.442627 64.503418
0 118.042122 587.861755 57.561142 55.016479
0 245.844818 494.195068 226.699783 184.778931
0 431.775787 519.82666 75.201538 61.81723
0 463.042175 90.228142 49.839478 41.778046
0 391.078583 20.570835 31.354675 28.102362
0 517.058838 563.15271 128.122803 98.749023
0 592.995056 412.353058 33.659424 29.597046
0 256.052673 258.24057 101.546677 93.852234
0 46.200157 604.781494 39.201035 33.486206
0 597.38916 46.380936 66.901367 61.774765
0 187.078125 171.063965 53.995697 50.849487
0 20.61554 262.469055 39.670792 42.331726
0 207.149811 322.259827 43.54245 35.69928
0 290.761414 280.646729 135.690201 101.772095
0 621.209473 86.129028 37.47583 66.155182
0 591.713013 616.473877 90.94751 46.689087
0 613.107544 233.603012 53.426514 98.118988
0 302.921692 409.772339 26.55957 21.426086
0 165.715424 376.379974 24.782837 22.03064
0 185.000809 412.618103 28.405975 27.47229
0 15.013156 19.066013 30.026312 38.132027
0 620.521362 453.707306 37.498657 51.017822
0 84.454132 77.007317 72.487 61.412121
0 551.917542 502.753906 37.254272 34.147858
0 524.437073 609.416565 22.047363 19.684937
0 501.518921 484.263855 83.300049 72.444916
0 99.592163 633.56665 26.407074 12.578491
0 186.44722 240.034348 40.872528 35.654694
0 488.222351 36.087597 29.859497 25.025864
0 596.518494 301.278809 41.616211 37.387146
0 234.600037 478.003815 59.537308 56.714355
0 118.067108 528.125305 48.439453 44.41922
0 163.133377 13.120546 32.100067 25.265583
0 408.58255 443.36499 65.559998 54.650818
0 593.140442 203.762039 23.272095 21.521729
0 6.487871 411.516724 12.975741 46.712646
0 89.082825 187.508575 176.564789 147.064514
0 623.869629 572.462769 31.994751 53.053833
0 571.118042 100.942245 72.180542 64.765343
0 338.670685 434.531616 33.147766 29.203735
0 74.408676 394.67041 148.817352 158.899902
0 565.833191 218.555588 38.557983 34.69162
0 9.73649 512.452637 18.962376 64.420441
0 520.679871 631.702942 38.580078 15.420166
0 87.127113 623.503723 34.271194 26.187378
0 368.526459 160.349304 32.302002 29.373749
0 414.397156 409.498779 46.525208 40.983948
0 300.558014 170.186859 66.087402 55.499786
0 46.999439 518.6427 20.122444 18.623047
0 202.880905 383.562408 38.745697 35.127258
0 393.69104 184.567337 43.235168 39.591309
0 385.593109 308.465637 70.122559 58.450989
0 422.658356 486.216187 51.943481 41.691284
0 283.193451 186.437469 19.499817 16.848419
0 64.051483 77.100822 112.889313 96.915237
0 604.739868 514.858826 70.520264 85.415405
0 354.745056 26.362059 19.190125 17.668423
