0 55.038155 324.611298 61.383133 53.536133
0 536.782349 605.696167 58.243927 44.933594
0 201.205475 91.66404 60.6521 52.176163
0 112.062943 73.38166 61.740997 56.839203
0 132.063095 102.951515 36.463409 31.988708
0 202.662811 194.29245 40.071655 38.678558
0 604.443481 291.59259 25.105225 24.272522
0 202.943573 234.89888 49.839325 47.670441
0 88.45079 438.271545 46.369141 36.581177
0 394.078064 133.539246 126.339722 121.61908
0 161.317017 233.705566 27.388733 25.873749
0 184.347839 502.608215 22.567413 22.769043
0 242.210541 76.180031 37.924255 35.24852
0 198.058914 134.971909 39.690582 36.300331
0 527.967773 522.020203 24.376099 21.062866
0 229.008881 527.802979 23.480865 18.459351
0 146.797577 194.996918 30.213806 28.090363
0 154.133331 163.345825 34.345398 29.281006
0 467.93161 265.344696 27.521057 23.429443
0 119.762688 409.863556 25.788315 23.762024
0 71.955681 208.586426 29.992386 26.972443
0 269.339325 497.568909 23.871948 22.716431
0 379.944519 88.388275 30.001282 25.641327
0 566.054932 14.198454 30.531372 27.728741
0 167.342331 132.665833 32.314453 32.487274
0 424.234497 619.76178 21.52533 20.155762
0 78.645676 393.528229 23.15448 20.986938
0 420.174591 50.813572 23.129761 19.044212
0 620.335083 440.752136 29.944702 29.090027
0 389.022888 599.741699 23.418091 19.557739
0 37.227837 146.480209 36.806198 31.884888
0 242.961975 234.326019 22.891449 20.001953
0 143.383286 399.062042 20.018646 18.722961
0 209.719681 279.080322 29.307373 26.158325
0 233.410751 373.786102 20.976959 18.84491
0 476.936676 382.103973 23.174744 18.99884
0 183.263977 304.483429 20.680511 19.454468
0 148.284424 601.484009 22.719513 19.048096
0 164.549927 19.978619 39.519348 31.894325
0 150.834259 220.072495 29.729248 26.324982
0 39.825325 193.39119 33.742477 31.246307
