0 211.162704 586.185242 39.268494 34.601562
0 472.657074 502.844696 66.055481 56.467468
0 483.810181 322.053192 80.993195 70.895386
0 128.404861 88.437866 63.641815 56.399929
0 575.722717 215.680115 62.790161 55.688873
0 39.005264 429.819275 50.700089 40.438477
0 133.975723 371.856232 36.891327 31.792114
0 313.453217 36.877048 29.049011 25.472908
0 289.061432 366.945587 37.190613 33.278442
0 582.928833 169.738892 82.738892 72.805939
0 511.968994 474.273895 38.416901 36.112671
0 498.262024 218.6427 54.067383 44.869781
0 178.385086 298.431 39.13559 36.778015
0 65.439102 374.421631 47.914669 41.147766
0 266.316162 110.764732 22.87709 20.015472
0 453.375061 12.152924 65.919189 22.533627
0 503.415588 369.817291 35.869873 29.157349
0 545.714661 115.821075 41.87561 42.919586
0 105.705353 607.852112 86.843147 62.432251
0 381.012604 525.732117 127.968445 104.55542
0 512.318787 584.309082 79.559692 74.945557
0 271.89505 534.346924 21.647461 18.763794
0 20.306416 438.880005 37.727242 37.180054
0 301.103912 187.463654 36.238281 32.026184
0 14.766703 389.578674 28.730682 38.551392
0 363.429688 623.525146 69.832703 32.949707
0 41.790192 551.324036 20.531343 17.651367
0 324.802521 320.17627 21.160522 17.891968
0 66.309471 34.590538 32.486984 25.14395
0 313.448212 279.184479 22.511292 20.295898
0 234.294434 230.027588 177.753296 142.452866
