0 426.229919 470.806152 70.649597 60.453735
0 316.680908 118.302162 41.351501 38.324966
0 241.653244 284.227875 36.24527 31.680969
0 594.556946 35.924149 34.525024 32.178741
0 414.505402 43.875504 55.33197 45.564972
0 372.061981 65.869659 31.206848 28.9603
0 490.703705 512.442749 36.051636 31.914551
0 308.647522 318.743225 40.873657 35.511353
0 328.094727 578.771301 40.455444 34.329346
0 476.987244 43.449028 28.1521 27.004433
0 346.033142 554.402161 27.099915 26.7771
0 392.099548 11.992575 61.398621 23.796574
0 539.932983 9.490656 28.578247 18.981312
0 155.042023 233.541138 26.412567 24.674286
0 100.170532 566.68512 23.140381 22.697876
0 257.016327 37.802002 26.483948 27.92897
0 237.490875 381.956116 23.332947 20.566895
0 632.445618 322.461182 15.108765 23.670471
0 170.269653 441.28186 22.931763 21.440796
0 260.548645 226.961319 27.062668 25.402496
0 625.954895 539.963806 28.09021 34.340088
0 339.427399 621.60675 22.448364 19.086304
0 275.561981 496.780884 23.514343 19.921875
0 107.509972 423.956268 56.933151 54.21875
0 490.527374 578.682556 39.01416 35.344116
0 616.791626 356.0177 21.012939 19.799622
0 135.760315 290.41275 20.988991 19.309143
0 320.730133 347.378754 20.230042 18.976929
0 526.282654 505.19516 24.495483 21.024963
0 381.379181 222.418793 83.169678 74.909302
0 367.233551 629.855469 46.811707 20.289001
0 287.103729 337.73175 21.93988 20.56012
0 591.167419 451.809479 64.181274 57.870239
0 98.727211 185.515991 58.535553 52.520538
0 368.381226 34.472191 27.957153 27.786812
0 367.396118 107.782349 22.058777 20.682266
