0 36.847412 511.276123 48.672058 45.08667
0 514.809753 403.01416 45.776367 42.774292
0 451.627441 590.345154 33.647705 29.458862
0 183.911652 378.948517 36.851471 33.617188
0 98.749718 375.693085 37.518402 37.732422
0 92.71286 217.992233 31.85878 30.31076
0 27.75935 217.99559 34.21566 30.463501
0 553.49823 22.236828 19.166016 18.877106
0 86.336937 282.937561 27.618668 25.577271
0 392.863251 410.670349 46.278625 41.80304
0 328.44342 499.343689 24.563538 23.885742
0 486.410675 488.630585 33.627197 32.612793
0 152.885284 577.739807 22.932922 22.68811
0 83.388832 181.993774 22.455063 21.050446
0 52.800774 539.27356 22.358681 19.432373
0 628.431824 379.200562 23.136353 32.502747
0 504.749725 603.14502 23.892151 23.289551
0 242.713516 507.267334 20.695312 20.277924
0 241.127625 611.600708 23.163055 22.546387
0 208.407578 456.971741 27.934052 24.528748
0 289.03476 80.138687 27.877197 25.007797
0 372.112 530.546936 28.537598 24.340942
0 545.539795 567.74823 17.986572 16.492432
0 40.729515 414.071747 22.75441 22.339844
0 440.940887 493.874115 25.39563 23.675049
0 5.348652 368.879303 10.697304 27.772705
0 41.429916 283.614868 21.631502 21.081421
0 359.636475 442.104858 19.665466 18.921204
0 262.241669 616.38269 24.701706 23.404785
0 122.650803 460.702789 20.563972 19.230103
0 230.819214 415.257172 19.977295 18.765808
0 574.142212 551.031799 18.367798 18.244141
0 447.940674 529.761047 21.677551 20.727539
0 360.556335 405.421875 31.517395 29.06189
0 105.793945 590.561584 42.049866 37.791504
0 408.055542 369.129242 48.37738 44.330933
0 211.262833 520.049622 21.623108 19.910156
0 55.533821 215.636002 20.822449 19.101837
0 532.251892 470.115967 20.084351 19.563171
0 162.189621 513.29657 20.047516 18.731934
0 621.115601 448.230621 37.768738 39.84845
0 547.478149 422.43277 21.897705 21.075439
0 113.529335 329.651642 23.12709 21.132019
0 176.327988 40.091858 18.243988 16.918282
0 614.971741 325.534454 20.332153 19.225647
0 245.072876 569.805298 19.809143 18.136719
0 579.297302 419.839386 19.220703 18.219788
0 184.621658 271.864258 29.500183 26.171448
0 185.079575 512.964722 23.879028 21.30127
0 379.690063 574.434631 18.025146 17.348999
0 159.537262 470.067993 16.245148 15.580505
0 261.704773 458.627014 18.786026 16.766052
0 248.114929 476.945312 31.283401 27.63092
0 601.377991 423.313293 25.927368 22.900391
0 553.494934 240.129547 37.108765 33.080551
0 624.472656 177.69249 28.305176 26.901855
0 113.99955 498.119507 17.863724 16.236572
0 133.10791 153.971344 31.18335 28.585388
0 635.010376 18.734428 9.979248 35.353394
0 606.982361 587.740479 64.162476 83.588989
0 394.113892 80.0327 76.377075 69.116272
0 100.843246 301.289886 18.888718 16.600403
0 462.634644 511.421539 22.966553 22.749939
0 498.805847 367.479614 19.337708 17.242493
0 256.030731 353.627869 22.695923 20.68158
0 473.451569 452.471436 53.966125 49.769897
0 100.979012 421.965881 20.557983 18.648499
0 357.980835 577.627014 19.533997 16.924805
0 228.406357 494.363739 17.015839 18.932617
0 232.173721 590.254883 126.725739 99.490234
0 397.248993 38.13266 28.950073 25.660643
0 127.6661 301.107422 20.471634 19.481689
0 285.184174 306.395905 15.89093 14.348938
0 477.740143 162.227402 17.89978 16.624359
0 620.850037 421.224579 16.247681 15.422485
0 48.691162 202.453705 17.028366 15.084595
0 549.305298 375.339355 20.054565 19.152283
0 49.25816 195.438049 15.639343 16.293823
0 627.4198 635.444885 16.968994 8.189941
0 568.319214 506.875092 24.806763 22.992004
