0 468.161713 154.556366 45.012878 37.498932
0 193.66214 628.638184 29.203339 22.723572
0 104.980988 169.921234 64.034943 58.5271
0 312.402344 76.529449 23.71106 23.027252
0 458.4151 525.824707 24.401733 22.824219
0 355.83844 171.259995 21.391418 19.980194
0 26.318995 538.75592 19.618488 16.610107
0 29.989204 466.462891 59.978409 93.707153
0 164.760162 158.436371 27.243286 24.567963
0 605.67926 425.978943 31.049438 27.818481
0 556.975647 51.51992 166.048706 103.039841
0 547.553284 295.640015 19.373291 18.483704
0 423.154602 499.891418 16.670105 15.217651
0 133.777359 9.078569 24.251961 18.157139
0 430.919464 530.362061 31.615784 28.675171
0 477.753052 179.911972 33.121338 26.604126
0 36.884396 588.896545 18.475403 18.904297
0 74.093506 96.323479 37.998138 34.526657
0 338.047455 594.029907 48.999573 42.874878
0 161.704758 10.976051 22.591095 20.314152
0 574.001831 139.888077 69.520386 62.444855
0 448.142578 586.992065 168.069824 106.01593
0 103.119881 125.195847 26.56572 21.790276
0 68.761902 245.818359 129.1698 153.304199
0 623.434082 113.09861 30.165894 34.019852
0 23.453403 301.839355 39.793068 34.858337
0 92.779808 115.889893 32.4104 26.954865
0 433.286255 21.685968 91.519653 43.371937
0 281.47757 459.918823 158.632156 169.574371
0 21.694975 611.666138 43.38995 54.357178
0 81.344879 623.514343 70.185455 31.764038
