0 256.885406 291.877167 45.797424 42.171753
0 333.950287 159.716888 38.208069 36.690674
0 330.155365 371.932159 31.529724 28.896301
0 124.815094 305.986755 27.583107 26.132507
0 226.326263 199.656052 29.045532 27.039246
0 251.167297 140.98848 89.767151 84.173248
0 328.579285 447.589172 23.023376 22.310913
0 272.221741 250.605652 47.249695 43.655334
0 190.870575 350.604218 18.395569 17.164734
0 580.682617 441.912354 114.324219 122.957031
0 422.819977 260.970001 41.204773 36.481003
0 298.940643 380.492706 33.498718 30.83252
0 328.408661 329.923309 47.890076 46.292358
0 421.411194 254.717422 28.57074 23.617828
0 507.670105 558.046997 189.532196 151.885468
0 406.000885 311.912384 59.886108 54.295776
0 440.886688 11.655689 49.0625 22.030785
