0 224.798035 292.737793 56.665863 52.035767
0 493.745239 74.381531 78.452545 71.77243
0 507.844482 38.648579 27.571198 25.281153
0 447.239502 40.665436 34.092712 31.679565
0 173.267456 404.133606 54.78064 49.240723
0 54.852757 596.051697 34.461525 32.037598
0 548.152466 414.061951 24.996826 21.577942
0 416.249756 552.429016 63.305115 56.307007
0 235.609192 349.304016 23.674805 22.351318
0 628.161194 438.443298 23.677612 28.780396
0 449.52359 482.751343 48.889832 37.536255
0 599.151306 541.155701 78.923706 76.417603
0 526.109558 478.237152 21.550049 19.382263
0 157.938995 468.107941 17.9198 18.230469
0 373.904236 568.284973 29.126465 25.724365
0 523.438538 218.063187 31.399261 28.794159
0 61.008015 379.34436 28.861076 26.085144
0 588.040161 301.919067 37.905884 33.497375
0 601.169739 342.422211 53.887085 44.003052
0 215.393906 29.721504 20.22287 17.696135
0 120.570648 157.166763 21.79834 17.789734
0 515.629333 436.137543 28.172028 24.801453
0 451.210327 517.265137 24.948364 22.443848
0 612.985779 6.795252 27.744507 13.131134
0 505.865417 630.040039 45.524384 19.660522
0 60.227585 492.584564 22.793148 19.42688
0 489.418304 501.290161 42.383545 34.575165
0 481.633789 584.736816 53.801636 46.990112
0 554.808533 578.73822 45.965088 41.216797
0 296.047882 507.268311 24.304199 23.823212
