0 323.415741 12.594963 32.37262 25.189926
0 614.559631 579.893311 34.212769 30.996948
0 82.290619 452.903534 39.895645 33.935364
0 140.94313 192.161057 33.397919 29.599823
0 115.599701 241.918427 33.549957 30.083084
0 92.568367 76.614853 27.224777 22.421066
0 78.73642 202.117218 29.92482 26.208954
0 354.829895 40.77792 20.743164 19.747215
0 40.062927 277.100281 47.403809 40.39447
0 115.653847 317.668152 27.017471 22.516541
0 147.169479 70.164185 23.192841 21.239822
0 234.439423 80.532585 19.167267 18.423096
0 450.883759 268.830811 24.288513 22.862366
0 17.916454 561.81665 24.899853 25.665283
0 611.563599 425.867554 42.058838 41.283325
0 203.604797 426.26474 21.135345 19.012207
0 557.481018 593.497742 17.07019 15.447876
0 59.114532 396.319275 23.833233 21.768188
0 384.676636 614.331177 89.312317 51.337708
0 521.244629 185.849442 31.081818 28.224457
0 412.137177 4.867952 21.198547 9.735905
