0 252.161011 113.016479 119.723007 108.0326
0 276.56778 282.801086 38.969788 38.28772
0 474.312683 234.928818 35.967529 30.797089
0 530.67511 377.732758 43.533234 39.180786
0 287.542084 582.038086 28.92157 26.509033
0 320.333099 435.796814 33.477173 32.538269
0 75.46859 28.055367 93.861832 55.967728
0 546.137207 629.077637 35.187256 21.844788
0 192.450226 625.956665 26.740356 24.532715
0 167.267715 54.756577 42.774933 39.765499
0 298.232483 423.113922 26.513733 24.611633
0 15.966599 71.521965 31.933199 45.012543
0 218.630737 558.22113 20.590393 20.963623
0 74.275955 69.41909 23.239624 22.016678
0 138.625916 395.027405 22.027657 21.335083
0 438.42041 352.262482 47.731567 45.894165
0 25.628731 409.849457 35.712036 35.606323
0 193.315247 359.171722 22.80127 21.675842
0 533.006775 217.390427 33.692993 30.443848
0 61.328766 323.02298 32.753052 30.286377
0 586.885559 347.571716 33.474243 27.951172
0 490.975769 336.409882 25.111389 23.107117
0 369.698975 305.641937 21.497192 21.195618
0 44.228451 244.144318 23.105072 22.194763
0 576.793762 411.10849 22.620972 22.307129
0 423.620605 112.546204 26.312988 24.539047
0 491.003571 570.609131 22.69397 22.654053
0 622.080017 236.74292 20.630981 20.512329
0 20.192787 454.203217 30.673586 26.604492
0 356.468384 542.852478 33.614624 29.765381
0 125.071785 531.114258 23.027725 22.992798
0 450.822083 453.734558 20.860901 20.046753
0 266.344177 566.922241 24.476974 22.852051
0 488.351837 472.443604 87.093811 79.132965
0 433.721985 437.625977 23.199768 21.521362
0 385.566284 606.377563 26.896057 23.110962
0 472.008484 566.487488 20.758484 19.997314
0 330.444458 5.890517 22.243286 11.781034
0 249.979065 613.32605 26.268173 23.946167
0 71.041435 457.262909 25.676224 23.186584
0 598.664246 289.61261 49.336792 44.824402
0 559.925537 486.69101 21.198853 18.60376
0 352.009735 80.42627 32.789368 28.454269
0 548.370483 35.713264 24.405518 21.851051
0 505.734741 629.293945 42.233673 21.41217
0 419.834503 50.85952 136.724487 101.71904
0 93.022087 339.236023 25.994064 24.609131
0 420.575531 8.453665 33.154663 16.209435
0 429.636566 454.505981 23.726501 21.021667
0 628.955688 77.538704 22.088623 44.570908
0 434.935089 510.933289 17.61792 17.072784
0 409.378937 489.728607 21.101868 19.38269
0 634.674683 540.283142 10.650696 31.449463
0 442.052094 615.363037 61.158752 49.273865
0 110.865295 210.633911 140.127136 121.943344
0 448.649414 310.882538 19.50293 18.487427
0 64.927933 266.763519 18.282684 16.540955
0 546.112183 262.794525 49.319946 44.791565
0 326.544769 414.071777 26.994202 22.640442
0 246.185593 60.105743 19.243469 17.39571
0 7.458844 133.060776 14.917688 24.865326
0 556.858643 522.313538 42.085205 40.596924
0 447.930969 8.269551 25.17334 16.539103
0 386.953461 11.625411 36.306458 23.250822
0 596.961731 595.344055 86.076538 88.120728
0 238.333466 379.249756 52.077881 49.510742
0 402.289551 586.020386 27.742065 25.321899
0 457.898102 40.239853 58.421631 46.516701
0 27.954224 185.69429 46.360222 42.936371
0 447.329529 379.810333 18.13446 16.850647
0 496.071533 201.753479 45.939209 37.324249
0 34.081673 377.041992 26.999916 26.386963
0 166.591156 429.989075 19.747284 20.230896
0 193.984451 116.164627 29.011139 28.411903
0 519.791748 564.005859 42.348389 40.238403
0 532.317505 319.065826 109.512421 83.575623
0 571.429199 21.811148 33.539673 30.666065
0 7.696717 494.774872 14.58989 21.786011
0 592.487183 471.45517 20.795044 18.812988
0 440.492767 454.095581 36.632141 22.747986
0 91.23423 492.264709 45.437592 42.526825
0 510.189453 518.349426 23.745636 20.360809
0 179.596954 137.094772 37.276733 31.252953
0 104.5047 587.390015 14.570435 13.607178
0 37.445755 139.148422 42.214523 38.608337
0 504.633789 495.049103 43.234467 33.705261
0 15.98317 17.108067 31.254944 31.354528
0 356.049744 557.070068 22.779114 17.647827
