0 308.583099 565.358643 96.707581 89.975952
0 53.024513 445.666748 75.427826 72.829285
0 118.250717 534.177979 32.543343 29.869141
0 135.212662 226.980942 32.723877 30.48468
0 148.945114 597.997314 68.559181 60.761963
0 487.535431 565.701172 176.621399 144.803131
0 239.280106 383.791626 145.026154 132.992249
0 458.082367 590.291504 75.595581 75.14563
0 176.330856 291.402161 31.643829 30.122986
0 626.594482 623.78125 26.811096 30.778076
0 31.68758 565.023438 30.081671 28.919067
0 186.415024 318.589233 28.433533 27.50592
0 573.167664 523.104675 43.557617 38.445679
0 360.906311 434.039703 37.721069 35.199402
0 48.158772 592.7229 34.550758 32.659912
0 106.126434 291.513885 32.138992 29.837036
0 272.778809 434.559265 25.780945 25.557312
0 271.921021 618.974121 38.763062 36.664673
0 352.581024 518.187195 30.516663 29.734619
0 267.498444 179.524323 28.757874 24.502014
0 443.023285 304.206421 153.304016 143.220276
0 160.500961 521.914307 39.416412 35.043365
0 573.355835 462.526154 41.35498 37.67926
0 145.249466 194.850739 39.08152 37.748444
0 542.53833 130.045074 105.799194 107.108887
0 203.413361 619.696045 33.071228 29.277466
0 164.35817 66.792107 24.535797 22.788807
0 304.950867 517.942322 38.059143 34.584717
0 366.385284 467.483093 38.823975 36.009155
0 245.383698 127.96756 32.517899 29.868767
0 100.858917 244.1875 46.774078 40.867905
0 452.241577 418.288788 25.281006 23.311157
0 314.875244 203.46907 30.179443 25.635132
0 103.815887 316.198486 29.518219 27.18689
0 164.969055 161.137497 39.833588 36.657654
0 79.239746 582.372742 23.401642 21.474609
0 433.627502 120.714783 117.273315 101.12735
0 174.41568 489.181549 39.818451 35.803833
0 205.263397 453.729492 23.668091 21.806763
0 27.126238 12.67614 20.731434 17.984512
0 361.338318 381.831116 31.850464 30.712952
0 9.921132 267.904297 19.842264 28.610397
0 318.101624 493.122864 26.913757 23.856934
0 547.132568 629.231995 37.665039 20.467529
0 352.931061 618.888794 62.4422 42.222351
0 538.842346 408.56189 29.451172 26.112183
0 122.44014 105.97805 19.129402 17.704575
0 144.562576 611.509338 23.415131 23.940918
0 311.041748 617.920898 27.306396 26.342163
0 238.593491 270.982788 19.9552 19.644714
0 355.481018 46.543175 130.643005 86.221237
0 334.840546 460.329315 27.577576 26.160156
0 47.458519 214.502991 27.294914 24.117401
0 22.263653 76.073746 29.790123 27.50177
0 88.611374 37.560574 25.224152 22.337296
0 596.349915 49.316692 87.300171 98.633385
0 39.95517 375.168518 20.0569 20.516479
0 460.787598 630.952576 48.980652 16.309692
0 431.441315 375.652344 118.634827 97.641968
0 149.540283 111.408997 16.068512 16.145828
0 105.932533 90.078011 33.940979 29.506546
0 61.766319 331.313721 19.427719 20.098511
0 344.532898 186.432312 22.421387 23.078491
0 33.469322 172.329514 24.845757 24.192566
0 11.216211 156.853806 20.808651 20.102722
0 387.992004 420.886078 24.888489 21.333374
0 209.691864 223.196045 32.400482 28.544495
0 16.783714 386.400696 33.567429 38.750488
0 244.638535 192.479004 19.144592 19.222809
0 127.29541 162.386841 21.297173 20.073486
0 9.279385 574.131836 17.720661 24.823853
0 564.584534 613.393799 22.36438 20.900757
0 49.579479 7.298612 21.308327 14.597223
0 242.386322 71.773407 19.949493 19.557404
0 489.538666 371.046082 29.686279 27.25769
0 126.038406 180.79628 19.211334 19.109619
0 288.38559 65.927658 50.014893 46.524384
0 56.156784 633.690369 16.916443 12.597168
0 173.142426 174.027405 25.960815 24.266998
0 141.115906 142.802948 18.816376 18.20578
0 225.243378 474.552002 25.65744 26.122498
