0 123.073547 161.298111 75.727936 64.635742
0 585.895569 327.394714 57.724487 49.967834
0 33.272526 508.139587 42.467552 37.386627
0 525.155334 65.523476 78.409668 64.466263
0 262.915527 314.22757 56.414047 46.475647
0 507.889557 362.475555 34.780701 31.698608
0 132.178452 508.482422 53.335632 44.672607
0 188.535828 260.791565 35.609558 31.677383
0 176.208267 184.443634 33.446533 30.173126
0 178.023911 99.770126 35.60968 32.994446
0 590.427185 233.572281 27.241943 23.306305
0 15.729329 11.378862 31.458658 22.757725
0 252.264191 493.99939 31.24028 26.218994
0 110.355782 423.534546 45.224472 38.938843
0 147.146774 460.164551 70.392365 64.356262
0 559.934753 145.134308 46.542847 39.932098
0 618.512939 444.341095 42.97406 43.256287
0 138.844391 349.690674 40.260773 32.910583
0 170.210205 619.682983 29.239319 25.265381
0 162.595032 51.056332 31.933777 28.114906
0 242.777985 554.450562 37.703674 34.942749
0 516.996216 527.116577 35.530548 32.260651
0 494.253143 281.262054 48.472229 43.613708
0 81.739761 254.704193 138.255707 103.322632
0 168.716812 313.28125 32.69754 27.115112
0 46.509773 542.352966 38.429153 36.480347
0 16.03023 534.136414 29.76424 40.05957
0 233.451035 509.303345 139.387543 113.719208
0 494.757507 405.973083 44.959106 38.985901
0 151.817459 82.641693 27.620178 27.031952
0 85.260612 187.417816 26.624298 22.910065
0 77.398895 598.024231 47.153805 37.811401
0 330.825012 105.46109 34.734863 32.875061
0 345.033386 587.329712 56.425171 54.804199
0 243.956726 290.86731 29.370682 27.037048
0 500.714111 98.818985 34.296661 29.043732
0 556.291504 535.326477 38.370361 27.239746
0 381.116516 17.83769 21.810059 20.782459
0 188.244034 353.789185 24.23175 20.760864
0 108.113441 199.061676 28.663986 25.255157
0 174.967926 539.934143 27.957703 25.079956
0 605.770508 147.784424 21.051392 19.83609
0 553.087524 238.484863 22.211792 20.640594
0 151.617615 281.807434 26.738953 24.33905
0 316.188568 474.87677 36.253662 35.515137
0 99.5411 266.885925 40.059708 32.33844
0 322.523499 382.4758 33.00769 28.016357
0 400.953003 205.188156 20.687805 17.940857
0 568.597839 410.372375 33.050781 29.093933
0 529.962952 234.481903 23.369263 21.240204
0 391.680054 474.36084 118.072754 94.848419
0 317.608429 319.708527 50.188354 43.390503
0 621.007385 349.221069 35.293091 39.588318
0 180.467819 287.375397 28.412872 24.743713
0 556.229614 499.838257 35.409302 30.89151
0 407.101379 50.538181 26.40741 23.417297
0 68.302422 481.010193 46.818802 42.931519
0 59.687778 30.36784 23.135765 22.451744
0 501.887421 116.516571 34.391541 27.472351
0 483.421906 174.681335 25.84082 23.634705
0 629.340576 248.954468 21.318909 33.958511
0 41.894501 114.371948 41.590469 35.524269
0 467.004639 43.462212 49.354187 41.956619
0 544.81366 217.240997 26.658569 21.30426
0 63.388138 206.520752 26.581863 25.678101
0 56.119019 572.691833 28.953236 24.8396
0 107.19455 572.555481 38.974762 36.864746
0 47.91848 357.835266 57.301544 47.642517
0 271.857422 390.619537 20.485352 18.554138
0 101.033157 261.444092 87.983131 59.444397
0 412.444824 274.059143 21.064331 19.240784
0 76.561371 556.125 27.383358 23.992188
0 544.702637 476.635193 26.740845 22.132202
0 143.139679 477.859711 51.15741 42.273743
0 9.43046 41.405983 18.86092 42.052719
0 525.372803 308.814087 36.653229 28.02771
0 552.896851 97.31591 75.703003 64.053391
0 38.278805 523.824036 42.705589 60.622192
0 564.043518 356.975464 37.168335 30.225037
0 308.852448 114.072388 76.949158 60.594398
0 110.31633 46.991463 133.832062 93.112061
0 241.358643 77.643265 20.547333 18.786484
0 523.669006 304.408997 59.236969 41.429321
0 360.774323 627.546387 35.2099 22.090942
