0 40.431831 78.580666 80.863663 75.419022
0 42.783447 266.280121 49.109787 40.087524
0 546.166077 270.805542 32.999268 27.658508
0 247.007141 122.680008 35.718323 28.332275
0 466.666138 296.430664 38.770447 30.034851
0 459.770386 76.533646 30.911133 28.965103
0 345.663177 36.264603 44.391113 40.342056
0 45.746372 593.068359 91.492744 87.848022
0 443.173767 333.132935 35.194458 29.644043
0 281.414398 191.239731 25.296082 22.194305
0 458.063049 51.537712 34.304626 32.067963
0 405.263519 404.233704 29.531189 26.196289
0 339.064789 405.022461 41.82605 33.407837
0 407.741272 379.670166 21.253296 22.175964
0 251.150513 315.507385 26.621323 24.815552
0 464.237274 557.509155 351.525452 164.981689
0 502.105682 6.975028 39.952332 13.950056
0 89.373672 186.756973 30.761017 28.192719
