0 345.709686 242.893127 209.518494 206.58136
0 599.215454 133.533798 81.569092 88.21759
0 13.304901 395.696014 22.187752 22.842896
0 521.405579 631.487732 42.842194 16.128906
0 132.049088 504.8974 22.532616 19.437775
0 219.392242 403.601135 22.45932 20.756104
0 188.183685 102.325348 281.851501 204.650696
0 555.055603 62.584736 28.984985 24.05674
0 32.235039 377.748077 19.890968 18.598267
0 305.33017 618.374634 19.528625 17.655151
0 574.772095 557.68396 39.484619 37.521484
0 529.25238 515.256653 20.199951 17.733978
0 587.487854 567.382874 100.286377 134.122559
0 485.947266 403.081207 19.072571 19.973938
0 6.801178 375.119781 13.602356 20.023743
0 630.717896 232.935135 18.56427 36.29425
0 7.767699 220.009644 15.200102 24.018677
