0 385.205872 291.904877 188.959412 190.369324
0 177.814957 468.924561 22.062836 21.431091
0 117.152634 572.318359 28.092499 24.929443
0 441.202545 92.26902 19.568481 19.363815
0 353.863922 583.454102 19.708801 18.212158
0 265.381653 624.076843 17.551147 16.543091
0 66.638481 221.699066 24.792843 22.568237
0 45.162842 393.407318 15.969872 15.804443
0 596.35437 561.357056 26.15625 22.804443
0 137.347687 588.105835 22.553154 19.994263
0 613.448242 431.615326 19.962402 18.323608
0 129.535461 618.667603 145.873169 42.664734
0 205.264175 240.954132 15.720673 16.329224
0 41.836514 212.031815 36.969994 30.320007
0 123.071045 488.784576 15.371391 14.54071
0 594.751526 85.749886 15.189819 15.191498
0 168.232635 43.214016 239.511642 78.525185
0 92.465591 181.49939 24.642883 21.116302
0 226.979218 425.994232 16.494965 15.010559
0 281.493073 566.717651 15.964355 14.036499
0 490.829956 15.115263 98.460297 30.230526
0 59.078392 217.847183 32.096664 25.496765
0 48.664803 270.040649 97.329605 179.947754
0 634.933716 8.123501 10.132507 14.959667
0 78.439484 200.017441 25.096573 23.415222
0 11.150591 159.244354 22.301182 63.210724
0 489.373169 302.610138 15.463989 15.610657
0 282.222717 630.699402 18.681274 15.119263
