0 252.566315 103.610764 24.782883 23.224731
0 395.653625 496.218811 39.877319 36.482758
0 239.919006 280.332062 34.551529 29.932495
0 173.280228 152.971771 22.871796 21.685181
0 297.356628 332.622467 26.490662 22.997864
0 315.805817 61.44754 80.630676 74.064758
0 60.022156 632.971741 28.475613 13.297852
0 273.407074 372.697449 24.039917 23.362854
0 219.02655 447.647095 19.087585 17.738586
0 412.921478 129.273926 83.406128 78.769653
0 569.106628 200.827667 22.502075 20.089264
0 392.595581 429.671173 20.231995 19.948853
0 271.302673 416.38031 18.342468 19.271729
0 473.131866 525.654846 18.299194 17.874878
0 381.766663 311.082764 26.197815 23.790527
0 32.392128 204.068497 64.784256 154.971039
0 33.717808 294.800232 30.511938 30.312439
0 452.268707 622.898438 22.126282 18.104248
0 571.420044 493.651581 22.034668 20.452393
0 350.235779 424.815002 18.51001 18.114136
0 614.646301 282.824493 50.707397 65.823486
0 86.362061 29.217283 46.740799 42.671124
0 127.675797 569.298828 17.362335 17.184204
0 544.769775 377.048706 27.680176 27.266541
0 79.851166 5.957751 23.769531 11.915502
