0 501.321503 362.610077 29.475281 27.308777
0 80.113403 458.954529 27.842987 25.628418
0 451.563141 557.286194 27.630798 26.019653
0 585.252197 312.819641 75.285278 71.72406
0 321.655792 535.091125 26.235657 24.596069
0 174.573227 430.928925 27.595673 24.944092
0 184.292099 456.297821 22.39328 21.852722
0 400.403168 48.843964 165.760864 95.862122
0 267.961304 479.272339 28.687119 24.900024
0 556.977783 33.462158 74.272949 65.555145
0 337.028625 612.989563 23.515381 23.430542
0 152.369141 19.563732 47.049011 39.127464
0 630.482544 190.664474 19.034912 24.710388
0 279.179626 373.486664 35.733398 30.434021
0 494.236908 432.572021 34.152161 36.213196
0 123.649879 145.793686 40.98613 41.155617
0 546.723267 102.810455 49.186768 41.600403
0 379.355408 399.56546 60.632263 52.747375
0 186.672119 490.367218 22.45285 20.89917
0 344.104919 288.168732 105.16333 91.432861
0 486.754364 605.494812 20.973999 19.893677
0 220.357117 626.739868 22.477203 20.625
0 31.409405 570.990967 61.014595 138.018127
0 532.931702 265.499542 38.29895 33.820541
0 99.55336 313.049774 194.873657 226.433762
0 213.502594 436.047546 23.597565 20.692993
0 204.305038 474.75238 20.723999 19.823181
0 478.933563 225.281616 18.985291 17.664459
0 361.670929 103.753883 74.61969 64.187332
0 478.533142 157.049347 72.484528 66.199524
0 512.554565 397.317017 36.985321 31.407715
0 424.358276 304.893738 64.589111 56.856201
0 143.385086 225.156342 47.505219 44.653137
0 443.75061 415.644501 78.818237 74.155945
0 484.546112 322.546478 42.028687 37.201294
0 493.020813 627.162292 61.827637 25.675415
0 523.994141 269.678162 18.80249 18.02594
0 252.081635 409.020172 43.150879 41.11853
0 288.215607 344.54895 59.117798 54.609253
0 271.502808 67.328857 115.966415 108.526688
0 579.626709 530.325195 120.746582 214.412476
0 213.140549 610.599365 24.002075 20.220459
0 7.203319 41.477051 14.406637 19.734062
0 93.5746 54.598824 109.129028 100.472214
0 477.41095 625.08844 28.655762 23.749634
0 346.714813 439.996857 126.203857 116.638977
0 407.197052 358.817627 21.615356 18.93927
0 445.883972 115.526672 52.550964 44.609871
0 369.659485 613.453857 19.347656 17.568359
0 54.350071 222.61554 108.700142 175.866592
0 314.204529 382.97049 20.892029 19.730957
0 189.949036 130.782761 88.231903 80.372101
0 601.64978 101.940742 43.620117 37.934021
0 83.042572 336.164032 21.629898 20.940247
0 631.892944 35.782661 15.299072 23.831907
0 183.635971 620.485413 33.368042 30.455933
0 627.977722 213.074631 24.044556 33.102264
0 613.255493 374.235535 49.996948 49.229797
0 499.676727 293.424194 45.303406 40.384644
0 356.255768 605.182251 19.646545 17.128418
0 359.8349 341.971588 98.395508 74.529907
