0 494.562378 468.414246 27.02002 25.933716
0 490.346436 558.95166 104.373566 92.295776
0 329.218231 431.113739 24.706726 22.867859
0 372.787994 347.048462 24.742371 23.921875
0 504.241577 611.987366 33.862091 29.578125
0 302.737976 578.194031 104.091064 82.152222
0 256.141571 547.118408 20.68071 19.656006
0 10.200882 624.711304 20.401764 21.764648
0 470.551117 625.407104 48.634888 27.860962
0 527.329529 117.808014 23.555786 23.39782
0 557.655334 210.046295 25.643311 24.48291
0 215.165619 561.921814 55.393738 51.531372
0 548.310486 524.202576 22.236938 20.106567
0 49.473434 510.024994 76.949524 66.132751
0 252.959457 265.070465 20.08725 18.848038
0 530.86438 588.637634 24.379761 19.225952
0 469.960541 196.893204 25.568054 24.807465
0 431.371063 631.718506 26.451233 14.554077
0 503.293213 387.820221 46.160522 43.539246
0 90.0979 443.170197 35.813766 29.990356
0 486.341583 51.410011 46.14978 42.21104
0 524.002136 11.396815 35.437744 20.404551
0 485.903809 616.392883 68.361938 32.250122
0 599.521545 319.995911 45.276245 39.085205
0 610.351624 346.805237 18.735474 14.947937
