0 96.909164 404.59906 25.792267 24.580017
0 302.583405 16.800028 44.087646 33.600056
0 73.938919 231.031631 20.430542 20.134888
0 81.12635 81.280617 24.542023 25.145004
0 623.899109 404.446259 24.8396 25.965637
0 401.925079 119.323029 57.945068 53.750153
0 431.336273 369.202087 20.233154 18.854675
0 184.61499 539.307007 24.141144 24.084106
0 114.172661 366.340485 18.290131 17.82196
0 374.401428 195.885971 46.531677 47.680695
0 28.185593 5.132992 16.073915 10.265984
0 31.567249 114.91893 18.809641 18.692596
0 385.39801 198.432297 21.534119 21.570465
0 354.536926 245.809311 63.610657 61.527496
0 491.003296 634.615234 22.956055 10.331177
0 241.156616 101.321487 60.797623 58.440796
0 77.701164 97.689865 21.490097 20.462524
