0 445.068481 362.388367 202.713989 199.210632
0 61.523827 186.766815 26.168003 24.57428
0 183.5867 126.090553 30.194305 26.740677
0 566.110107 262.637756 33.276489 32.335144
0 316.502167 40.112282 33.820862 31.115906
0 416.71402 191.888168 49.012268 44.249756
0 470.643005 395.467773 49.712646 48.706421
0 624.701599 194.503357 24.489624 24.064728
0 142.992722 489.047882 45.906464 41.073914
0 567.575684 230.609116 46.032593 42.416565
0 591.188538 458.858734 31.816528 29.927673
0 134.338104 330.678284 30.004089 26.206055
0 200.895645 141.863983 24.410614 23.278076
0 52.105568 276.44397 36.885693 32.216858
0 86.464149 10.057117 17.936523 16.760422
0 213.066727 44.384247 19.99176 18.299225
0 553.650269 197.598007 28.802979 25.791626
0 282.539429 326.467773 23.259888 20.386047
0 196.183716 76.209549 29.219238 26.435978
0 603.333984 34.73502 20.497681 19.076355
0 421.806946 265.260834 38.620056 34.589554
0 496.620972 235.098251 115.499298 103.343048
0 77.67794 496.369232 20.912354 18.176392
0 131.753983 466.635468 29.018829 25.544189
0 151.481888 249.465332 19.455841 18.813293
0 378.418213 238.136108 81.247681 64.279526
0 390.81781 244.844513 47.424927 44.388687
0 567.974731 452.528412 19.903931 20.414124
0 35.800217 252.084106 25.222794 23.807846
0 178.971848 494.733276 22.401123 19.549438
0 303.809021 345.922791 103.441772 98.126038
0 213.619644 248.259598 88.00296 73.095795
0 85.110199 484.344482 25.723816 21.43689
0 41.995224 268.343231 40.803131 40.636963
0 81.389679 413.73175 21.833267 18.976013
0 315.318054 217.963455 20.811157 18.533142
0 146.900299 86.784218 105.107857 97.825363
0 224.576508 141.707184 21.944702 19.886169
0 538.944641 109.249939 19.202515 17.904907
0 336.635773 428.330017 24.860168 24.357605
0 384.628845 439.628876 20.658813 18.722656
0 278.043976 258.150452 43.582947 40.808472
0 518.851501 498.765594 23.207886 19.398438
0 563.405457 506.826477 24.393555 13.842163
0 378.881317 478.27832 23.064148 23.221497
0 422.004791 67.81337 105.266174 94.841339
0 461.901428 278.846832 21.996643 19.142212
