0 56.395634 151.094727 90.792305 74.227722
0 265.916321 548.398193 50.389725 43.421387
0 203.873962 259.293518 32.590485 27.972824
0 422.133148 377.03299 29.357239 23.809753
0 132.304794 9.003622 39.409576 17.618713
0 609.938477 409.455078 55.541748 102.768494
0 76.382294 519.862793 69.965393 60.049957
0 533.243896 534.854797 25.377441 22.644409
0 134.997803 389.94812 27.624908 23.997925
0 627.161865 167.724319 25.676331 35.982697
0 324.38092 213.137772 27.544861 23.187073
0 473.663971 47.999825 25.881226 23.598938
0 162.244354 232.872955 31.084167 26.461914
0 232.369308 474.141296 27.19577 22.451233
0 34.592422 498.951416 26.388245 24.399292
0 290.697296 176.050003 25.539124 21.761658
0 315.793945 587.594788 51.190063 40.468628
0 382.740601 623.526245 30.456177 25.221802
0 513.782654 622.632019 20.142212 18.367554
0 503.570801 596.578674 45.285248 37.947388
0 161.251068 468.9646 23.277588 21.414001
0 578.725647 203.685623 25.19458 20.694458
0 421.469513 585.75769 27.242126 22.216064
0 277.524963 484.812378 34.161926 29.462891
0 316.093353 557.992188 30.496216 26.051025
0 185.859741 404.43222 34.057007 26.63916
0 329.5354 237.062698 32.270386 27.510651
0 626.727295 158.490356 23.053955 21.047852
0 110.737732 329.353363 21.095474 17.482422
0 21.010889 466.559265 22.674465 19.022278
0 597.294189 614.138794 32.082031 27.165405
0 473.104004 544.157898 26.897705 22.289429
0 554.161926 223.159821 25.261719 22.133423
0 328.884827 538.261902 24.397034 22.398438
0 617.760437 133.448578 19.945801 17.25695
0 199.458557 78.365456 23.066101 19.395584
