0 129.373474 521.669067 203.618835 183.006378
0 474.05954 524.603271 53.729553 50.360626
0 283.721588 144.141037 35.261108 33.491875
0 341.94281 125.22789 31.991333 29.287041
0 330.41629 286.678711 109.111938 102.379517
0 503.749756 197.312103 111.787811 96.609619
0 176.869217 356.859711 68.370575 63.355774
0 86.175972 298.809845 33.530258 29.67804
0 112.579346 239.910019 113.372406 103.199188
0 154.146759 301.23703 37.929901 34.481934
0 612.753357 471.795044 49.922363 46.512024
0 416.295105 154.352829 110.869141 98.51355
0 602.618286 587.96698 38.470947 35.578003
0 195.845505 295.940948 43.353699 42.402954
0 127.086868 103.745789 30.968117 26.371323
0 239.275787 321.917755 45.201111 42.283447
0 258.762756 296.291656 29.951355 26.917664
0 21.60393 457.893463 43.207859 51.224915
0 148.038956 399.725189 30.054565 26.043701
0 125.246223 321.971802 38.606155 33.470154
0 119.165695 388.678131 38.544594 37.779785
0 248.943054 355.734558 26.190109 23.618652
0 137.059921 421.53183 45.535667 38.458557
0 557.915588 17.36208 27.347656 23.175282
0 309.199066 13.666397 38.625671 27.332794
0 13.903856 143.173721 26.927822 25.711792
0 252.494492 361.917816 45.062408 39.120239
0 545.441101 7.406104 35.796265 14.812207
0 246.395844 211.109985 32.924377 30.179443
0 499.744293 392.149689 21.202576 20.69696
0 243.054321 167.154434 63.385025 55.819489
0 163.389481 6.354785 19.145996 11.601482
0 171.809692 318.323151 26.867645 26.580322
0 373.388397 272.268219 30.266357 28.152283
0 121.494019 293.758087 32.458801 28.490173
0 323.877594 460.309967 21.814026 19.469177
0 456.27536 461.977112 31.576843 29.531555
0 204.128204 8.298794 44.505005 16.597588
0 91.263535 196.803467 84.829956 74.461853
0 511.109985 32.535194 21.947968 20.486549
0 463.171539 9.459811 31.394714 18.919622
0 240.005402 592.469788 23.145416 21.967773
0 106.128716 348.190948 54.471176 49.611755
0 219.370636 230.512207 37.862854 35.274109
0 594.862976 524.898438 25.728516 23.119019
0 388.407593 437.833038 26.919739 25.585754
0 614.575134 540.480164 21.208862 19.331787
0 573.823975 184.359985 20.10022 18.300171
0 341.542419 157.806229 40.198547 35.546661
0 281.681061 237.057068 26.136597 24.876526
0 50.948288 387.690002 101.871704 113.265747
0 379.892334 253.895538 22.559814 22.493759
0 117.01918 78.866707 37.315033 32.567215
0 300.020538 38.305794 34.95697 30.276848
0 343.743896 5.746963 26.57782 11.493925
0 385.561188 501.573608 25.41626 24.668854
0 262.948883 19.222628 49.960693 37.631336
0 468.677338 485.132233 21.238464 21.787537
0 60.896824 625.360718 49.728539 28.539673
0 118.674393 333.213898 49.14975 50.172729
0 626.909302 241.75946 26.181335 48.494492
0 385.945221 181.994873 50.371155 47.490082
0 91.277214 28.705936 40.997543 37.980431
0 52.811172 595.735107 30.179596 26.873291
0 189.106186 427.966553 49.273071 39.580627
0 406.509827 245.887131 59.728516 54.816742
0 263.140503 36.616196 45.372665 38.836548
0 30.546516 622.11969 22.331902 20.019531
0 125.452164 175.751373 20.143555 18.573456
0 188.577866 433.4487 20.902008 17.858765
0 164.42363 606.268616 209.221039 66.779663
