0 77.17482 410.999268 154.34964 173.412048
0 215.8573 366.634613 30.217224 25.810181
0 507.474121 499.212708 31.383392 26.46347
0 587.96936 534.756409 31.497437 27.643921
0 342.124329 257.090607 39.554199 31.248413
0 544.007996 307.04068 21.657227 20.014587
0 450.64032 305.680359 27.83606 25.180786
0 595.167786 126.576172 25.022095 21.625145
0 325.993683 47.677002 37.173462 33.366013
0 218.417603 260.187225 145.744156 121.83429
0 626.29071 174.388504 22.97644 21.950226
0 51.18898 98.616104 48.036163 46.238922
0 532.773621 190.638397 24.765137 23.084534
0 480.779602 488.163879 31.984375 26.122131
0 132.642792 468.597076 35.469238 30.344543
0 622.994995 41.5382 34.010071 31.610931
0 606.009277 20.8978 67.981506 41.795601
0 181.85939 417.57489 24.54068 19.388855
0 593.263245 433.987885 22.261597 19.121155
0 395.353119 257.649384 21.769592 18.865417
0 359.018005 66.756462 67.464111 65.10582
0 631.21991 615.205688 17.560181 49.588562
0 466.742035 475.481232 23.499939 20.654175
0 509.491882 438.732727 20.274048 17.540161
