0 272.613495 222.250549 157.475037 142.362549
0 50.413609 529.154846 88.803856 82.403809
0 48.16069 403.69577 55.093018 48.824036
0 279.70517 335.166412 89.32045 82.9151
0 331.499725 357.118347 50.120728 44.63855
0 176.165024 338.953491 42.256744 38.164185
0 230.736206 355.218048 39.955322 36.982483
0 448.947968 273.463593 49.88324 42.892319
0 193.972 377.470367 49.154327 42.306824
0 365.88089 433.229126 44.335266 40.406616
0 307.439423 469.623169 47.622131 40.936462
0 243.488464 54.14476 37.940445 36.399292
0 114.767372 300.165894 63.628922 59.960754
0 267.630188 147.511627 47.318802 41.126762
0 13.495533 348.411499 26.991066 40.263367
0 141.964386 370.041046 51.830475 46.208801
0 486.544006 580.105042 29.466492 25.869751
0 259.113556 525.552429 42.625656 39.001617
0 541.401001 544.929993 44.771851 42.28479
0 213.360229 534.850037 38.600922 32.625
0 131.458069 273.298004 70.224945 65.234421
0 101.482628 406.838562 56.033615 52.001099
0 133.858276 462.903748 26.621529 22.718506
0 76.703758 103.021896 72.447678 60.168457
0 449.203522 101.850105 23.977844 22.113739
0 385.051117 522.659363 139.464539 127.493286
0 600.04895 9.351782 23.087646 18.523411
0 251.654022 108.667282 87.628098 68.99601
0 571.77063 588.797852 54.14978 48.390259
0 275.997131 362.389557 56.729691 41.985657
0 544.670593 340.500427 138.44812 114.910889
0 18.828026 120.932373 37.656052 45.403076
0 129.307999 86.817108 39.464958 37.919708
0 404.790466 153.711029 40.430298 35.578888
0 303.036194 77.07328 42.679138 38.806717
0 599.004333 245.483292 81.991333 90.5112
0 205.298111 309.986023 83.400299 76.430664
0 526.570557 585.401062 34.936523 31.905396
0 311.83197 552.182434 32.530334 32.731323
0 136.315063 243.838104 39.77243 33.922684
0 79.508987 268.467743 33.883102 32.797562
0 534.98938 252.472565 59.296722 52.290115
0 385.814545 455.577576 33.613037 27.317627
0 324.540283 440.690002 35.920166 30.202026
0 525.604126 203.958984 35.892975 32.71106
0 35.613892 74.514618 63.248917 56.013332
0 107.956718 610.341431 103.143112 59.317139
0 602.821167 464.569183 59.928711 57.960754
0 537.906982 617.65863 45.188721 37.709229
0 155.639404 313.735474 28.650024 25.709534
0 399.662628 182.535095 28.313416 24.589325
0 509.503784 475.428131 69.75174 61.632324
0 64.367905 201.358704 88.011749 83.875793
0 171.909683 104.795349 53.625153 43.181686
0 52.580265 378.016937 33.973442 29.03894
0 161.462433 207.521271 83.103363 66.414307
0 24.296278 136.983368 48.592556 79.627083
0 148.116226 285.160095 36.328522 33.667969
0 389.697845 532.749512 80.213745 53.018158
0 237.777466 530.827271 80.467667 36.086548
