0 131.167557 198.014801 161.869904 157.531204
0 48.854771 400.853119 35.378639 35.188843
0 237.83548 287.138306 38.32988 36.753723
0 42.315048 453.75824 26.825165 25.729675
0 39.895355 562.011536 28.051796 25.911743
0 57.694183 540.22113 36.572723 35.191284
0 431.642761 355.885162 20.032349 20.149475
0 137.838974 34.766365 150.667267 66.982071
0 349.570007 135.793869 23.685852 23.261475
0 262.674255 174.700729 116.612732 109.166298
0 271.935211 333.310059 229.760925 217.661316
0 142.463501 541.656067 22.589417 21.465088
0 71.805458 634.132874 17.523975 11.734253
