0 156.377319 476.404724 40.648285 38.522095
0 147.129303 215.074173 56.397331 52.585602
0 35.496719 88.350174 55.884583 52.204269
0 294.321838 283.158508 47.97583 40.722717
0 339.167755 259.34314 35.612366 31.022018
0 532.563171 185.759735 33.294189 29.492432
0 324.402954 443.583832 29.927795 27.192383
0 16.613918 185.37851 33.227837 35.322083
0 15.334333 234.923157 30.668667 43.080627
0 254.593903 269.017487 30.144302 26.449158
0 255.59465 463.033081 25.369965 23.76239
0 509.037689 261.592133 27.611023 25.731766
0 66.100945 368.091034 43.405289 40.360596
0 446.650635 303.529663 27.37738 24.807434
0 377.745087 592.669067 29.16095 26.859619
0 419.453369 480.744812 26.462708 24.617981
0 18.769442 4.874393 27.27512 9.748785
0 98.959999 156.901398 26.49501 22.821869
0 247.704926 110.900932 87.044067 76.926315
0 474.423553 221.151169 24.73761 23.934937
0 565.040405 328.164856 144.589569 179.98584
0 397.771027 192.277985 38.697205 33.397522
0 460.976257 183.928696 23.556152 21.276642
0 604.333618 363.845825 19.865723 18.831909
0 70.03817 212.96637 30.98233 25.498688
0 578.361023 242.619949 121.200928 152.340118
0 452.637329 500.771423 55.971252 49.88504
0 301.877716 41.984715 23.964172 21.97039
0 272.013855 606.809814 84.714493 66.380432
0 472.305725 138.345322 23.833557 23.243988
0 324.48053 459.399231 26.928772 22.642456
