0 536.371399 240.052277 137.637421 106.702347
0 412.333801 177.867096 90.829773 76.023041
0 129.95813 424.594788 163.105957 118.783569
0 71.459846 241.764664 31.229065 26.566772
0 477.278076 35.572731 162.583893 69.81485
0 433.440277 482.15564 292.328918 243.328125
0 24.381844 200.244598 48.409149 60.141418
0 22.133698 518.922668 44.267395 51.223389
0 589.041748 611.678894 34.400269 30.033569
0 603.82428 44.638748 72.35144 84.207092
0 144.535751 509.420319 29.841583 25.426453
0 135.834396 552.444153 25.414711 23.190918
0 317.456116 329.604095 144.83844 114.537048
0 566.173279 631.026917 33.383545 17.913086
0 83.54718 374.026459 26.870071 21.781738
0 386.470428 596.311951 33.952942 29.525879
0 11.923151 250.726379 23.846302 25.800247
0 240.188156 572.849304 24.580505 22.598999
0 569.786987 130.261719 41.821411 37.676842
0 225.996185 486.225128 67.479416 57.750671
0 159.020126 60.737114 131.322144 113.776154
0 225.88533 146.213028 21.942627 20.684357
0 88.818916 164.217789 43.127838 34.410797
0 216.657776 287.602509 76.448883 74.958054
0 19.7528 101.956985 31.256355 27.745987
0 220.858261 184.701431 22.274109 20.635071
0 26.536079 628.484985 49.600037 21.674805
0 554.577271 612.281494 30.273926 26.440063
0 60.256924 549.723206 55.566658 43.254517
0 28.230616 156.054459 55.029728 67.404938
0 298.421997 632.489502 25.596252 15.020935
0 448.224762 76.566544 35.794128 30.234009
0 342.493805 319.295441 22.911377 19.153381
0 49.687649 172.513153 23.98494 20.751038
0 610.087585 562.334717 27.14917 25.347534
0 32.631702 294.424316 20.328133 17.462341
0 45.286552 13.668489 82.486923 24.560932
0 558.937744 622.36908 34.596313 33.507812
0 52.742283 611.231873 94.006065 57.52478
0 7.450644 80.054001 14.788427 33.020939
0 57.30481 110.099648 49.366226 45.05632
