0 279.266968 599.924255 91.113892 75.063721
0 107.846123 554.54126 29.547775 26.928467
0 550.982605 344.108887 39.446045 37.481628
0 65.306595 21.032011 35.738358 33.798588
0 165.12381 616.383789 32.372375 27.340454
0 295.18042 562.161682 30.290405 28.926392
0 580.316772 443.035706 30.307739 26.612915
0 360.105988 574.290405 26.483215 24.29895
0 324.213196 628.80481 45.44873 21.615601
0 282.103577 57.935165 21.699951 19.859268
0 285.37326 116.919312 28.282837 25.957733
0 235.416748 164.121445 103.357162 92.650902
0 569.632568 510.455566 29.031738 28.442871
0 358.461395 53.268745 194.538879 105.018814
0 150.636963 409.48819 47.15033 38.382629
0 564.546143 583.224182 37.824707 35.408569
0 609.490662 613.503357 35.563477 31.057983
0 263.203979 122.427765 144.789734 145.648193
0 541.988464 97.070114 196.023102 194.140228
0 366.137756 337.434082 344.250092 334.774963
0 103.938385 449.972931 27.204803 23.324036
0 90.574005 39.715099 20.975296 20.583084
0 77.125015 199.196762 112.459816 103.626953
0 572.968628 424.18692 20.702026 18.220459
0 230.264053 573.502258 22.95575 20.817871
0 580.766785 627.957764 56.194702 24.084412
0 552.193176 446.387878 20.577271 19.281494
0 141.712662 630.333191 33.262634 18.327759
0 375.628418 586.103394 28.844604 24.823364
0 623.10022 349.732727 33.7995 51.977295
0 73.246353 489.865448 23.861843 20.150696
0 49.749435 529.592896 23.077034 20.762207
0 129.559158 165.563568 30.232635 27.43692
0 620.395447 298.816772 20.964478 17.370972
0 602.516724 338.384399 27.126099 26.251587
0 82.836075 351.433472 153.813263 151.070435
0 355.081543 608.800049 20.561829 20.141968
0 85.151375 5.554546 32.187637 11.109093
