0 301.021851 147.959396 109.381836 102.323639
0 549.543396 99.198456 54.230103 51.596588
0 80.191895 353.819641 49.27095 44.361511
0 111.888336 495.979736 88.346619 74.300903
0 502.118195 459.112091 52.617615 46.628906
0 147.347473 265.892822 159.424225 129.113892
0 622.640381 604.451416 31.596069 30.893799
0 203.273605 75.277298 31.222656 27.039581
0 593.926147 471.142761 92.147644 213.508179
0 621.24469 102.324982 29.671265 28.190201
0 234.463623 586.847839 41.015015 40.968994
0 219.485321 173.275314 76.135788 71.587677
0 361.401855 15.540979 28.531311 24.420696
0 110.556099 598.492004 33.858185 29.538818
0 593.438232 187.236526 26.412109 26.514496
0 295.71637 49.077805 35.584229 34.619205
0 597.520264 22.908257 23.948242 23.923836
0 255.04187 326.083618 50.378403 44.68158
0 174.361694 187.1259 25.775116 25.739838
0 586.652222 147.104507 103.63562 88.381439
0 438.294556 585.887512 25.074707 23.811523
0 552.819946 55.79277 23.345947 22.144547
0 563.523743 30.437428 26.37561 23.090033
0 418.162018 614.553223 24.992065 22.266113
0 380.254669 27.671383 26.344666 22.990913
0 630.681458 89.444901 18.637085 31.898956
0 272.49588 544.605103 31.491516 30.759766
0 532.60498 608.362976 22.628784 19.260132
0 582.541992 37.931717 20.122437 19.167757
0 537.590698 195.204437 21.021118 20.096069
0 205.193695 591.816956 30.073334 27.971924
0 4.654545 262.752289 9.309091 28.029984
0 556.35968 497.513428 25.681519 22.867371
0 474.462372 446.479706 21.267883 21.394531
0 11.712551 6.686162 19.748394 12.334127
0 71.412598 318.729279 31.239796 28.082764
0 486.318298 469.371796 24.932739 25.014038
0 577.47821 377.723969 25.211182 23.617188
0 141.243835 300.458496 73.464752 65.827087
0 330.346008 9.269503 19.649414 16.465618
0 276.805267 577.087097 33.126099 32.394043
0 601.724976 624.717529 26.370239 22.33252
0 416.318726 632.742004 22.711487 14.515991
0 27.49358 496.586792 36.917976 36.925781
0 172.053574 585.174805 23.444489 20.716431
0 219.510605 586.391357 31.484894 34.48584
0 188.734283 525.945557 31.581146 28.188873
0 573.518066 620.589355 20.03125 20.323364
0 274.245483 59.893867 22.441711 21.087769
0 363.56601 359.640442 50.856445 46.432739
0 433.259888 613.064514 46.34137 40.439209
