0 139.034805 508.834106 39.360931 39.019562
0 215.791534 436.539825 36.063599 35.073303
0 268.641968 602.362305 129.753418 74.652466
0 576.520325 262.144958 27.28418 25.108414
0 479.933502 540.216003 28.171265 26.927002
0 171.918777 87.9366 21.414154 20.954483
0 311.929962 59.118771 23.247925 22.760811
0 399.210846 555.223938 26.628601 25.536499
0 5.943616 560.382935 11.887232 19.79541
0 458.776642 585.846313 32.827332 30.567383
0 358.927704 607.33551 47.238342 43.427612
0 334.158203 49.122978 16.975159 16.998848
0 53.394562 331.567078 106.789124 115.563843
0 7.493696 586.985779 14.635418 18.106689
0 311.719666 552.5177 53.280396 50.634033
0 567.09967 396.391724 29.42749 26.420044
0 154.420181 94.435669 19.232605 16.664734
0 456.132019 626.61377 30.870667 26.265259
0 557.213745 505.782318 20.860596 19.104431
0 524.196289 355.470123 57.400513 44.175476
0 355.900299 76.462959 78.468323 65.937912
0 581.31897 602.292297 29.567383 25.985474
0 104.174202 322.468628 20.890137 17.947937
0 394.575439 52.265926 17.910339 17.324059
0 432.931091 583.690613 18.58551 17.125732
0 120.678436 340.378082 21.201538 20.985474
