0 184.471588 491.396851 53.991821 49.422028
0 353.427399 484.527649 53.871887 49.828674
0 192.318558 28.41012 68.547211 56.82024
0 602.400879 18.232239 44.798218 36.464478
0 627.006042 309.113617 25.987915 28.441589
0 324.26239 158.536041 34.550842 31.573456
0 395.953308 557.410156 39.19751 37.913208
0 528.53125 564.26239 88.580933 81.570923
0 318.978333 209.010269 49.609985 47.559235
0 303.819458 35.897911 31.561829 29.24691
0 214.869537 549.815308 29.121185 25.063965
0 564.323181 362.381378 39.168213 36.299744
0 487.015656 159.602249 54.096497 56.107361
0 435.339447 96.802979 55.406433 52.583725
0 235.171753 73.026169 97.228836 89.843903
0 28.719442 293.513885 38.210468 34.629822
0 418.719147 140.74646 36.030334 35.34024
0 450.724915 621.620728 39.542542 34.984619
0 44.035065 362.585846 88.070129 119.686829
0 493.740234 81.838562 26.14386 23.783188
0 338.102448 307.578735 34.116943 34.386414
0 79.229973 152.841614 42.777943 41.883179
0 43.056053 493.809174 32.350006 30.694519
0 152.707413 381.12915 23.031677 22.729309
0 561.162048 13.337149 40.858521 26.674297
0 148.834808 53.255535 34.348663 32.008369
0 136.502106 498.777832 23.579376 23.099792
0 145.138748 15.244743 49.223633 30.489487
0 356.250977 604.862854 183.850525 69.01355
0 289.628174 112.940674 40.126465 38.12262
0 49.36293 424.775757 25.035461 21.858398
0 565.249207 445.381531 37.209839 34.813293
0 147.992355 325.418915 35.244232 30.648865
0 630.385925 13.12907 19.228149 26.258141
0 9.197657 254.113419 18.395313 28.69986
0 19.46312 425.055756 34.256676 32.711975
0 604.269165 542.876709 58.036011 47.213013
0 504.368347 101.337738 20.410522 20.470474
0 564.118896 168.032593 19.722168 19.031952
0 20.488787 554.891479 40.977573 49.78064
0 215.904373 457.667206 33.445404 31.672485
0 484.789551 113.771812 28.202271 25.216003
0 460.069397 33.785843 26.846619 24.5408
0 429.646301 46.930172 35.169983 30.20285
0 150.51416 369.812408 152.118134 150.797058
0 354.958862 266.919678 58.346008 55.105515
0 552.588806 40.6898 22.103027 20.90737
0 25.613361 54.016941 24.062597 21.721489
0 249.059723 229.785339 19.023239 18.757904
0 625.572327 611.248657 28.855347 41.614136
0 372.087738 304.932312 28.85437 25.365051
0 408.51123 162.886093 24.544861 22.885162
0 302.924103 180.238647 33.696716 30.739502
0 243.701233 593.072327 48.856918 46.013184
0 109.229263 175.642731 46.380371 43.361389
0 238.779953 273.195099 19.700562 19.173706
0 355.179077 345.810059 56.320435 52.108093
0 309.661774 373.291107 189.340271 163.2052
0 82.137894 181.935242 164.275787 162.051514
0 174.148193 36.427109 72.318176 56.788662
0 129.745483 580.067993 220.804688 119.863953
0 295.384155 259.116089 74.257874 67.398331
0 5.182805 498.281219 10.36561 28.98053
0 226.915817 532.157288 23.736053 21.813843
0 308.925476 498.014832 19.847351 17.040039
0 249.154297 143.408646 33.578018 30.607513
0 77.185272 634.759399 20.37973 10.481201
0 198.951782 152.799545 30.952148 27.788452
0 259.475281 144.97876 59.568832 41.748566
0 502.66925 605.401672 135.49649 69.196655
0 564.429565 77.276321 29.697632 26.61409
0 407.647461 29.755089 30.965027 28.780504
0 485.543152 174.593781 42.847778 38.2258
0 363.450806 288.923157 52.363159 46.977051
