0 476.978149 431.255798 173.256378 178.907806
0 507.102661 180.627441 100.268707 89.979248
0 396.364594 281.481384 123.898071 105.515686
0 225.998688 462.759888 73.089432 73.755127
0 55.370201 404.389343 110.740402 149.976318
0 331.641235 391.381104 86.617493 77.058655
0 380.113129 415.977936 28.044495 26.874207
0 440.546173 311.49054 26.511902 24.257507
0 282.736725 573.99884 29.058899 27.244385
0 209.745789 257.390015 57.625702 53.559143
0 164.342606 398.021484 125.489349 119.4646
0 573.825256 277.023712 27.072876 25.854858
0 528.277161 598.665466 22.000366 21.390381
0 596.807251 305.240387 42.046143 38.223206
0 139.939316 529.448059 163.215424 147.46347
0 417.884277 125.261551 20.4953 18.826813
0 460.51416 276.732208 25.974915 25.406494
0 367.545288 342.92157 39.1651 34.836548
0 150.927795 326.007996 37.895355 32.918762
0 363.200439 157.339478 21.500122 19.726318
0 486.063751 241.850082 19.760376 17.890839
0 56.814178 615.734985 63.633011 48.247681
0 611.704773 225.535187 55.735474 98.839432
0 225.397415 535.166138 28.309052 24.737427
0 79.887711 39.032963 19.983917 19.406158
0 263.969666 505.097656 68.465454 60.576782
0 274.396545 44.06982 20.63031 20.047798
0 59.868847 174.39624 117.511543 141.262299
0 593.714478 294.780457 32.960571 29.996338
0 82.171509 66.83905 162.031189 130.439819
0 603.797852 313.375763 32.596558 28.929016
0 569.780273 514.689148 19.395752 17.255585
0 618.416077 391.259125 35.337402 33.178406
0 238.183914 113.165451 192.916901 170.395599
0 288.319275 24.467201 21.129089 21.080803
0 108.80043 293.446289 115.124718 107.485794
0 281.749084 433.34436 63.911514 58.071106
0 132.40535 385.015564 28.286629 25.019409
0 5.042526 553.009216 10.085052 29.525146
0 446.906738 95.177307 21.709351 21.349838
0 134.222534 615.172302 29.712135 28.691162
0 156.083893 195.360168 34.852081 31.121277
0 236.409866 318.228485 19.176422 17.62085
0 49.946297 246.973541 99.892593 143.190369
0 393.773987 351.126343 22.449951 20.495972
0 23.720034 365.384094 21.799343 22.90625
0 306.644836 364.664886 41.832275 38.516174
0 166.818665 452.850433 41.942749 37.368591
0 31.304842 340.219574 29.149517 26.246216
0 437.596527 591.010071 70.980042 62.097778
0 265.133453 43.829407 164.772522 86.000412
0 493.60965 360.912903 54.267395 42.125488
0 360.639618 87.268822 71.681702 60.784405
0 93.912971 464.937714 44.989441 40.431091
