0 613.788391 65.321785 45.402832 41.099411
0 499.358887 112.800568 101.435547 94.96048
0 434.69278 172.50676 33.334473 30.987091
0 24.455515 521.300842 43.032894 40.579346
0 205.903656 25.481724 29.875732 27.692924
0 309.530518 226.766174 48.319946 42.142242
0 110.724548 9.393848 52.062073 18.787697
0 634.105408 135.154663 11.789185 34.40799
0 555.37323 309.534607 82.602173 75.513672
0 290.678894 423.370697 25.694458 23.668701
0 549.774841 29.156937 29.882324 26.125597
0 17.041904 421.577332 34.083809 39.190735
0 535.198853 172.088577 75.647217 58.031067
0 360.327911 14.182505 67.487244 27.366283
0 426.134003 230.555557 41.86499 38.110168
0 409.091492 139.311478 42.897339 37.009773
0 349.691498 28.215994 20.837769 21.630878
0 270.822235 111.098061 31.833435 28.466827
0 231.230743 167.016418 114.862366 102.738899
0 293.595154 46.493057 26.037292 25.229828
0 346.912659 396.334778 30.803711 28.207275
0 4.973351 255.05899 8.465593 24.4198
0 116.101952 440.723297 56.462845 49.881714
0 230.95018 447.734863 36.139008 31.44519
0 523.766724 401.830811 40.637207 43.163208
0 440.758728 124.428482 33.619812 31.041069
0 490.025757 5.82524 21.683838 11.558283
