0 92.17215 556.849609 48.346115 39.546631
0 211.117706 474.374451 32.587067 29.644592
0 70.871536 188.742493 29.09314 25.404175
0 221.024078 167.858231 46.985535 40.439209
0 280.464417 102.943367 45.453552 38.704483
0 226.028198 562.239441 30.019196 26.962891
0 269.885742 568.867432 27.611633 24.74353
0 137.730408 591.425903 47.080414 44.822876
0 294.747986 431.531769 32.486633 28.326233
0 311.727386 260.451752 24.610413 23.979553
0 126.921295 629.082703 28.785286 21.834595
0 31.257492 274.912628 24.036186 21.763245
0 374.568665 557.282471 26.137573 24.161865
0 615.53833 121.1436 24.221069 21.977631
0 463.809021 142.076614 22.687561 21.56073
0 197.11879 588.96228 21.056366 19.808594
0 146.609909 246.953735 22.847504 21.22319
0 71.813263 70.250008 40.3172 33.44873
0 203.963028 412.722015 46.220917 43.808289
0 564.087585 597.637634 24.021484 22.699585
0 153.978622 623.189148 27.471954 25.212646
0 32.100842 313.104156 20.493828 18.176636
0 131.623398 111.354744 26.942017 23.991302
0 505.435974 349.167389 34.611115 30.627686
0 514.55542 66.075882 48.684479 39.137356
0 244.568375 76.095497 24.978851 22.356506
0 103.776627 180.404022 29.267548 26.59848
0 585.995117 544.100647 22.441162 20.88147
0 92.694221 40.723923 36.764755 32.750137
0 265.710052 141.916473 42.353027 37.384613
0 247.259338 613.65918 27.159409 23.306274
