0 341.391998 30.933924 29.259644 25.995083
0 120.344048 401.738312 114.986771 104.687561
0 207.628586 620.288696 28.12912 24.313599
0 453.55188 391.420654 25.738403 24.144409
0 342.905579 539.826355 25.214966 24.833252
0 528.305786 379.40979 19.405518 17.107056
0 484.179993 471.641083 30.211853 27.780518
0 316.55368 521.071655 29.311218 26.536835
0 107.538857 76.84668 23.625732 19.126877
0 170.493866 378.319 28.505096 26.037354
0 461.602234 28.214321 233.103027 51.947113
0 457.45401 355.935913 29.800476 26.389099
0 582.537964 86.935135 20.707764 19.210098
0 556.750122 630.335388 26.170898 16.39624
0 116.307518 461.900665 23.990738 20.508545
0 25.473022 344.11438 23.787949 21.502563
0 331.992493 158.256805 21.197815 19.576172
0 435.83371 319.22287 21.557129 19.9505
0 273.349304 175.259918 22.912292 23.803009
0 248.347366 386.865417 31.245453 29.824158
