0 329.903351 542.309143 68.228699 68.719849
0 304.464294 426.718628 27.221741 25.697144
0 25.112095 164.605698 25.471518 25.593903
0 486.76474 581.404541 37.567749 33.915771
0 100.432312 449.094543 30.970642 27.913086
0 175.723984 387.74823 34.268799 32.621582
0 342.088165 477.465485 35.7901 32.761658
0 169.428879 606.297791 21.975708 20.827637
0 504.602417 430.496063 24.348785 22.95636
0 521.798035 407.95575 21.119507 19.893982
0 585.486755 70.968819 19.679077 19.734116
0 12.428823 267.357269 24.857647 28.131531
0 540.574463 13.172642 49.52771 26.345284
0 277.641602 556.991211 43.493454 43.174194
0 21.29557 481.493927 20.266655 18.859497
0 463.947632 517.223572 31.538147 28.33728
0 31.136105 290.814667 33.475075 31.736755
0 33.511303 263.591492 22.539253 21.06488
0 246.770828 586.584167 34.472687 30.933716
0 563.319702 446.691681 23.444946 20.917603
0 563.708313 392.416565 22.139526 20.312439
0 68.701202 363.021149 21.552628 20.473328
0 507.620758 627.52124 33.676453 24.95752
0 435.789734 531.137207 29.129517 27.051758
0 450.577759 616.326599 17.360352 16.764038
0 555.968872 490.393799 19.878662 17.369385
0 334.998077 442.173676 40.652893 38.108704
0 10.552778 570.770996 19.85841 17.818237
0 56.466621 304.428711 22.708221 19.85791
0 574.872131 480.66214 25.217529 22.19104
0 163.340851 210.500244 129.428619 123.171204
0 36.86087 431.204071 73.721741 89.777283
0 606.310791 91.482422 34.417603 29.042435
