0 168.200684 390.950775 24.174347 24.362854
0 194.492554 76.155258 26.19162 26.27243
0 503.579895 242.420258 22.700348 22.512604
0 94.594437 171.656158 23.675323 22.078705
0 510.749146 394.048431 21.57251 20.723145
0 15.718699 145.395966 19.692326 19.882141
0 237.724518 34.270241 26.149078 23.60309
0 120.943848 243.061691 24.152008 24.46405
0 195.286316 117.683434 20.220917 19.299789
0 564.929565 5.126775 25.944702 10.25355
0 521.827698 562.721069 39.941406 38.959229
0 315.001678 196.971558 20.308289 20.402588
0 319.288269 583.329224 19.309753 20.440308
