0 360.934357 69.017059 40.944763 41.524033
0 28.268745 237.876053 27.245073 24.354736
0 537.351196 567.742126 25.323608 23.209229
0 580.141113 219.046631 45.426025 42.554596
0 357.921326 155.538712 104.595093 90.932953
0 9.698872 506.048584 19.397743 21.931915
0 484.392792 419.33606 20.910217 19.320129
0 629.810242 103.296501 18.410034 32.500397
0 53.826431 268.724945 40.634583 40.497574
0 606.010376 86.319046 67.979248 172.638092
0 149.006348 627.898987 56.023621 24.134399
0 624.152405 538.451843 28.273682 37.380981
