0 281.031464 467.843323 41.580444 36.933289
0 171.76973 290.808868 70.461365 68.359253
0 441.914276 163.040283 35.576599 37.370605
0 236.665909 264.895477 46.556 41.92157
0 571.66095 335.20285 39.06897 38.231323
0 72.730942 579.417786 45.762848 42.546265
0 293.302368 189.24585 130.702881 116.090912
0 230.743042 344.311432 51.610107 47.997314
0 429.564331 41.966663 28.975647 26.844444
0 453.156219 114.991882 37.943726 37.03772
0 265.975159 427.262299 53.384903 50.205322
0 442.964508 458.198303 29.428406 28.190674
0 132.551376 214.525604 30.888733 27.763153
0 172.223022 146.134308 90.235138 75.231331
0 587.808411 424.814117 30.711914 27.313171
0 432.862427 568.78009 27.348694 24.953369
0 480.959351 326.23465 23.835083 22.691284
0 158.391327 517.604187 41.935455 35.75412
0 237.147919 217.698303 39.653976 35.239319
0 281.527557 317.664703 26.137085 25.100464
0 473.782715 303.709961 28.791016 26.737549
0 103.339439 609.881165 41.705109 39.619995
0 577.775391 404.782135 23.435181 22.469482
0 12.752745 526.892029 24.026913 23.36084
0 196.463272 537.4198 41.081543 37.60022
0 145.65657 469.383087 148.586761 108.928528
0 117.650101 405.41571 26.93219 25.309875
0 544.498291 140.61171 26.96521 26.191505
0 431.501404 233.226959 23.588074 22.728607
0 74.753044 397.320801 46.788788 43.029114
0 312.251282 89.1343 23.928284 22.587234
0 565.229004 153.846222 38.444092 34.700195
0 88.12365 496.603821 26.841431 24.145752
0 604.827087 397.41922 36.976929 34.182312
0 576.545471 30.530746 54.077026 53.808693
0 157.950562 370.445007 33.904663 27.822998
0 100.737 533.565735 23.677139 20.831909
0 64.137062 113.146736 22.909332 20.331619
0 382.735779 430.21109 22.22876 19.752686
0 553.074219 504.738678 21.571045 20.260803
0 10.926865 582.864136 21.738235 75.452759
0 339.354004 134.206116 38.327759 35.428436
0 212.606064 380.744141 19.445526 17.359192
0 200.508743 402.203888 27.372131 26.817261
0 313.794647 589.687927 36.784668 35.280029
0 65.147232 543.332214 21.552887 20.02356
0 7.860085 436.103577 15.446009 19.716614
0 511.254822 10.547518 20.287689 19.232018
0 244.569321 35.670525 59.005402 52.028679
0 570.217529 68.82827 25.909668 23.948185
0 377.788025 298.277557 19.43219 17.110596
0 204.924622 472.001038 40.178589 33.842896
0 213.489838 300.72522 17.649384 16.271606
0 552.866455 148.165512 37.677002 33.366638
0 452.16803 438.068695 20.228516 17.608276
0 154.702271 355.616486 18.501251 15.164612
0 158.36879 498.518433 94.169281 89.79599
0 325.103577 126.996765 38.617126 31.66291
0 181.938232 22.94183 19.69989 18.860697
0 482.716614 388.385651 51.390869 43.149475
0 609.606506 81.609329 60.786987 162.89389
0 426.509583 373.409668 34.516357 29.549927
