0 71.912102 384.378113 84.060699 77.898621
0 203.138474 84.69899 33.721283 33.932358
0 422.757782 43.299126 29.656555 28.759382
0 258.659271 242.355362 24.319778 22.597992
0 177.372955 364.828644 29.535126 27.019043
0 488.602844 517.624329 26.453918 23.738739
0 25.954464 322.107544 32.420143 28.828064
0 372.772675 204.333527 99.142578 88.52301
0 466.270081 317.680054 117.980865 97.811768
0 214.223083 375.065979 37.990204 32.442871
0 146.239868 254.409653 20.534912 19.496796
0 10.211908 341.363251 19.400196 19.609741
0 106.301666 75.821236 15.704102 17.61673
0 499.516235 539.53125 26.450317 23.408447
0 312.316559 562.841309 21.094849 18.845703
0 332.274231 382.296295 29.797424 26.277222
0 225.06514 61.777214 19.945374 20.930347
0 493.040833 533.81604 190.745972 144.255524
0 220.8349 263.372162 19.128754 18.612671
0 562.499817 170.252655 41.201782 35.492645
0 113.211365 75.749352 163.057312 126.338058
0 302.945129 303.952789 30.728271 28.580078
0 345.995605 540.907776 27.172485 22.748413
0 547.2146 215.233002 25.516846 24.06311
