0 66.31192 439.891449 48.460358 43.26416
0 207.071609 375.704163 43.89212 40.348938
0 88.065781 295.06192 30.485611 26.41394
0 581.029846 606.537598 29.722656 25.908691
0 490.860809 510.180603 33.764771 29.137115
0 69.891678 137.412888 25.262787 22.965431
0 477.524628 540.445374 27.491821 25.802734
0 277.808197 529.706543 23.026062 22.480469
0 10.136477 7.409698 20.272953 13.250845
0 96.789421 163.151291 21.7603 20.40448
0 20.724787 210.822327 25.740612 23.290283
0 56.202293 623.560242 28.347717 22.628784
0 34.506065 265.909698 18.958687 17.314758
0 190.295105 435.183197 18.759155 17.258911
0 329.641632 518.585815 50.817932 42.429901
0 11.766836 234.665512 20.80584 18.066345
0 162.236359 403.643921 57.894104 55.114624
0 570.58136 582.230225 134.091064 106.367554
0 170.332947 475.704193 22.826904 21.2146
0 328.350555 630.192505 51.023499 17.320557
0 303.199463 8.157152 24.574768 16.314304
