0 122.530746 421.722839 28.123634 24.720947
0 387.708191 132.567047 32.703918 31.218407
0 586.176758 252.940994 38.001709 33.971832
0 128.151077 197.588837 45.68206 41.501099
0 225.679504 191.585342 41.512604 35.265594
0 614.712585 452.355408 21.744263 22.171631
0 44.993965 353.521057 47.72044 43.820679
0 505.225281 510.663147 31.517822 28.636017
0 43.967545 490.096527 26.324272 24.096741
0 253.037689 509.502991 34.586868 33.24292
0 38.183388 13.064232 22.700279 21.196587
0 31.007601 476.535675 27.429951 25.584961
0 397.751617 547.358582 40.546814 37.717651
0 513.654968 72.224762 67.725586 63.942078
0 92.937408 355.4487 28.855011 27.135437
0 566.279968 46.874687 34.584839 33.629654
0 91.471214 414.299927 42.728333 37.15979
0 56.625168 273.008667 21.187683 20.956787
0 153.658279 168.709259 37.842041 35.773956
0 503.960175 284.13858 36.590393 32.64502
0 483.855469 38.467522 27.117493 24.261116
0 74.987946 333.977234 30.373322 29.917358
0 560.598755 10.426062 21.560669 20.294598
0 459.020477 197.135941 38.427063 36.320587
0 377.642731 27.770309 36.996704 34.50177
0 198.611343 94.308701 36.864899 32.738098
0 60.562843 495.971588 17.940159 18.096313
0 389.345276 184.412384 32.252747 27.989502
0 554.252197 494.419556 21.410034 20.886536
0 108.599831 323.461578 22.887863 24.05304
0 387.069366 36.382763 28.729675 24.507942
0 23.114199 187.975891 46.078075 48.440613
0 60.284683 180.15213 29.659927 29.045929
0 442.973877 50.854267 27.035645 24.442276
0 611.7146 326.666077 23.388672 21.816956
0 50.738129 237.062607 37.347168 31.246033
0 473.842651 255.838318 33.047424 30.56041
0 165.370758 471.539032 52.985474 49.333557
0 142.492416 270.476501 20.520721 20.775146
0 13.132439 261.867859 25.723328 31.981522
0 155.307693 289.411682 33.643066 29.503235
0 103.515411 282.488007 40.407532 39.960571
0 483.087677 413.931091 23.245789 21.927124
0 222.825729 325.00415 68.0914 59.845947
0 597.776978 314.62738 22.903442 18.636292
0 393.448792 472.031128 53.93396 50.138245
0 392.609039 222.202087 25.619934 25.465454
