0 20.673286 163.989975 34.311264 32.810272
0 291.680176 420.099091 31.790771 30.38739
0 264.733215 534.925415 31.430862 29.978394
0 505.327515 39.903328 32.087402 27.608795
0 323.738983 557.557068 21.578491 20.42395
0 226.319916 585.262695 24.713074 22.10376
0 606.381409 363.686035 20.465454 19.015747
0 255.390747 557.22168 21.405411 20.849731
0 523.408325 192.652466 22.323486 21.8974
0 567.816711 247.160675 29.499146 26.559921
0 37.551819 509.93161 20.93219 20.46405
0 429.485016 449.704773 24.424622 28.467285
0 481.02478 121.562798 35.075745 31.832626
0 120.600426 82.686821 22.310318 20.55098
0 30.408388 429.509003 21.901951 21.298157
0 129.089828 380.820312 20.736061 20.533813
