0 104.847549 283.227234 185.579193 164.742538
0 588.099915 560.513062 97.23938 88.623657
0 334.133453 289.328369 252.033936 256.061646
0 554.952454 149.873932 110.156525 94.350708
0 363.978088 86.189713 145.123718 139.747101
0 193.458984 196.182419 28.312927 27.670044
0 17.196613 516.284424 32.620857 29.679779
0 441.225739 439.395966 23.534058 22.18512
0 382.106689 513.238403 27.840942 25.786133
0 431.452728 615.16687 25.084351 23.597778
0 313.974365 534.328125 22.848755 21.454956
0 16.728596 235.475769 33.457191 37.753693
0 411.882782 439.862305 36.561951 32.904114
0 499.688477 430.55838 30.349365 25.883667
0 398.371643 597.367554 25.272339 22.586304
0 92.787827 597.693298 26.19809 23.612305
0 340.278198 17.008989 23.868225 23.873245
0 12.10854 418.919037 24.217079 32.522949
0 380.034241 424.078735 31.29425 28.036255
0 149.583084 114.224579 299.166168 228.449158
0 594.639771 623.589722 77.290405 31.695312
0 205.227951 544.531433 27.434052 23.702515
0 109.30864 628.694092 51.11631 22.611877
0 552.579651 339.029663 21.023193 20.297974
0 554.972839 616.130432 32.903564 31.989746
0 527.647034 58.54525 224.705933 108.31575
0 269.943481 40.707897 54.939316 47.983208
0 146.673828 412.786682 31.836548 30.376526
0 151.593781 358.284485 22.400208 21.392273
0 427.697479 402.339661 28.886353 27.412964
0 148.494919 75.738426 29.247192 28.775391
0 629.881287 516.154602 19.162231 21.483551
0 445.44281 550.777283 21.891602 20.137573
0 188.760773 508.23877 21.346741 18.541351
0 308.649384 13.791664 44.898254 27.583328
0 385.758545 434.819946 24.462463 22.593445
0 190.903122 469.702576 24.615356 23.633545
0 82.230209 427.708435 20.42749 16.889771
