0 336.317993 402.844055 79.729553 69.739136
0 523.456116 146.010635 34.907104 31.216736
0 418.700867 253.028778 31.939575 27.2686
0 380.624512 349.150391 27.749084 25.801147
0 581.375793 320.041962 32.228882 28.890137
0 44.842987 266.152832 33.389313 30.456314
0 619.133972 272.750793 31.239868 26.562622
0 198.750732 406.090485 30.83844 29.095276
0 15.745643 249.070541 31.491285 53.117279
0 480.236572 526.545166 31.586609 29.763336
0 488.132202 462.1185 29.75061 27.152161
0 296.898926 114.285889 22.786804 20.53447
0 105.401932 384.606232 31.817078 29.763306
0 125.307198 405.975403 34.362473 32.089111
0 109.594963 332.887451 22.107697 22.760254
0 390.29303 181.131866 45.174866 42.164124
0 588.008362 243.250168 24.254761 22.93631
0 433.182648 200.133255 24.183411 22.362213
0 482.564758 158.066086 19.697327 19.274872
0 27.532669 261.744537 38.995697 40.962402
0 428.206177 468.164429 28.644775 24.851929
0 580.420349 65.965919 23.985596 24.419159
0 633.229919 105.788307 13.540161 22.333954
0 145.667175 630.534363 17.707764 17.375244
0 217.380844 274.169403 55.000763 43.334213
0 467.574188 29.493662 31.410706 26.125996
0 631.12085 5.047955 16.499268 10.095909
0 41.976471 388.449066 49.102055 43.525024
0 621.012817 472.203796 20.955322 19.762024
0 469.878693 254.193146 20.832886 19.266037
0 227.724884 155.548294 76.294617 72.013451
0 389.843719 246.608337 26.108826 24.934021
0 9.126268 314.46344 17.425747 32.686646
0 8.702755 134.370926 17.40551 46.60437
