0 135.221527 299.085724 33.802643 33.185181
0 542.017456 69.142456 57.761597 51.69194
0 257.990753 476.064514 34.739441 31.588196
0 578.495728 95.721909 25.543091 24.311539
0 614.160522 470.119965 24.760986 22.479553
0 533.261719 393.827698 26.865845 26.521667
0 75.445641 178.40123 24.408245 24.221436
0 340.013306 428.233459 23.66272 21.339783
0 525.814453 366.794525 29.422821 28.847046
0 534.038879 257.734924 21.375366 21.054764
0 224.069443 579.311279 20.756592 19.725708
0 10.540802 195.794006 18.647453 18.286957
0 291.797638 93.525101 20.616455 19.350647
0 263.060852 612.885498 18.910873 19.442383
0 381.604431 566.225525 18.423767 17.026367
0 481.01886 221.752716 17.648315 16.218079
0 238.148697 511.281738 19.681366 18.589386
0 81.895889 145.111603 51.017075 46.239693
0 426.660156 56.070961 23.482117 20.079411
0 515.236877 144.343979 26.884369 24.865875
0 383.355591 121.151627 20.988403 19.965858
0 572.393188 248.088074 15.8302 16.583191
0 413.258301 76.359024 17.665894 15.896942
