0 191.387451 490.13446 51.419312 44.468353
0 122.581726 384.008606 25.922981 23.962769
0 622.562866 578.422302 33.450195 36.20813
0 372.592133 547.011475 26.89563 24.218506
0 625.568726 542.730835 21.580322 22.020874
0 285.688782 17.49683 30.597961 28.766521
0 290.877747 52.00528 22.128967 20.837845
0 250.402756 358.139893 21.22226 20.106506
0 9.437309 139.432907 18.677979 25.937408
0 40.992371 345.044647 32.833359 32.548157
0 30.783661 620.733398 21.09886 21.549561
0 148.364487 540.558411 29.494629 30.164795
0 217.727875 523.546631 30.035431 27.182251
0 109.929573 417.668427 23.475189 23.620789
0 257.129456 554.476562 72.064148 68.394897
0 124.961609 436.726044 23.608177 22.909973
0 200.28894 533.953125 20.401611 20.222534
0 83.258621 401.359589 31.241516 29.557312
0 311.850464 570.282776 32.065857 30.357666
0 102.681206 591.026123 26.393555 25.286377
0 164.823929 456.135529 34.819397 35.318054
0 317.25177 629.450623 44.999023 20.129761
0 377.180634 517.812439 30.319397 28.558929
0 141.263962 619.531799 26.002106 25.740967
0 19.973358 370.930359 29.436729 29.135315
0 143.054108 572.734131 42.438629 34.849121
0 370.991089 573.956421 16.409058 17.653687
0 7.777668 391.832245 15.555336 22.471375
0 225.468964 633.883423 21.655212 12.233215
0 25.058437 122.545158 22.914591 25.634445
0 376.944092 437.321869 21.23645 20.06958
0 135.513641 400.931671 31.775932 27.380127
0 113.658371 424.809906 24.999802 28.376404
0 12.802167 420.972931 25.604334 29.678345
0 247.466766 590.19696 21.837265 21.947144
0 167.891312 465.77948 28.50705 26.907715
0 104.30069 396.077118 22.349197 21.343323
0 443.800385 107.649673 79.457581 73.726654
