0 60.064774 132.111526 42.033066 36.927574
0 617.099548 243.928711 45.645264 45.05304
0 556.910461 393.081726 31.354614 28.982117
0 209.320541 75.575287 28.505127 26.843384
0 335.573761 134.331512 51.810791 50.957947
0 113.151703 81.193466 35.129303 33.293335
0 607.64978 609.19043 58.880981 61.619202
0 242.397629 230.085938 92.896271 90.441528
0 7.070745 127.434189 14.001438 28.509941
0 408.914398 164.85701 24.119385 22.445404
0 518.223938 350.371979 25.676727 23.31189
0 512.066284 441.606506 36.511688 32.754272
0 133.107498 416.771576 57.179649 56.127991
0 584.894531 361.520416 22.795166 21.632996
0 510.253571 559.479004 42.797424 36.800415
0 22.063931 585.870911 42.36483 49.356934
0 147.756821 127.796463 21.012817 18.436707
0 111.585442 121.381966 61.116959 50.966141
0 454.184692 567.177063 18.739563 17.337036
0 629.17926 458.696564 21.641479 34.974365
0 603.572998 399.223755 17.448486 16.30365
0 555.275513 578.885559 19.500854 18.169678
0 324.195679 172.402908 35.081665 30.328979
0 539.832581 589.506592 20.732666 18.204224
0 326.855194 502.988342 235.448914 212.901367
0 511.168213 602.410767 19.852264 18.462036
0 465.344757 442.220917 57.732483 49.535583
0 351.698425 325.143738 129.310364 106.21283
0 42.625847 620.315247 80.429871 39.352051
0 96.550171 73.362854 107.752197 87.749741
0 15.226078 396.518677 30.452156 41.282837
0 578.580566 121.914856 18.11792 17.786888
0 395.324707 589.226562 158.520386 101.546936
0 230.721939 173.010925 33.723724 29.02829
0 113.45166 555.125244 185.477753 152.747314
0 138.248993 141.069931 93.950409 71.48822
