0 206.168152 499.569397 28.706573 27.531952
0 572.235779 251.173996 122.394775 126.715973
0 112.235519 360.902679 38.050995 37.406677
0 293.70108 148.87294 33.835876 32.075165
0 11.130814 259.42514 22.261627 26.80806
0 155.719543 230.493057 23.334412 23.062439
0 327.335388 373.002625 51.378113 46.745422
0 111.530724 580.324341 21.343979 20.768311
0 536.737122 416.477936 39.123169 37.122131
0 347.826416 421.411346 64.535583 61.352478
0 183.501343 275.343475 26.64447 23.809021
0 294.38501 335.848633 23.950256 22.922791
0 554.227112 374.819824 45.379272 39.77417
0 581.560669 316.949768 105.351074 103.982361
0 350.759827 132.435379 19.156067 19.383881
0 267.319489 370.583008 81.747864 79.317505
0 496.030396 343.48172 33.79068 33.948364
0 564.174438 251.263229 21.346436 22.335297
0 336.189087 286.597382 64.990601 60.371033
0 296.772522 562.416626 32.320679 32.739746
0 48.5923 505.30954 23.666237 24.443054
0 224.352219 417.230255 70.677826 67.705322
0 422.812012 379.618805 49.56427 44.345886
0 201.496201 123.26078 51.893066 44.570389
0 339.755554 334.960663 62.79303 50.58429
0 431.172516 524.947754 28.697815 31.984955
0 364.049591 565.967285 42.903015 40.425293
0 337.288361 398.964447 64.788696 70.00531
0 122.574661 289.356262 21.576653 20.348206
