0 381.552551 110.380371 105.403625 105.026909
0 450.048279 215.655945 111.723145 104.94281
0 213.480286 143.491592 91.742065 81.250488
0 586.445068 507.593933 55.422852 51.613922
0 183.2267 349.756226 45.355072 40.97168
0 532.05426 461.660217 32.483521 29.551636
0 107.222244 326.699402 122.199379 103.923645
0 32.038605 29.594965 53.705849 45.432323
0 558.385376 88.361763 27.203979 25.78775
0 266.073242 175.907364 35.570541 31.058655
0 202.663361 28.59251 78.096558 57.18502
0 335.676636 494.25824 305.590454 291.483521
0 509.683105 397.438141 33.470734 29.342957
0 99.206818 95.069962 157.491394 139.992035
0 426.699158 373.484253 68.509399 52.488098
0 345.743042 323.619568 26.105225 26.214294
0 615.470886 390.836243 49.058228 65.352051
0 10.359309 154.356705 20.718618 26.317017
0 445.10141 161.565445 84.163757 71.739868
0 546.593262 201.915344 46.877686 40.809387
0 321.722595 330.548096 32.196106 29.343628
0 179.327484 319.988312 27.768677 25.542297
0 596.768066 223.826614 58.035034 50.312134
0 544.369324 250.243088 59.307007 50.268097
0 369.831146 361.299438 44.675781 39.318359
0 446.004547 7.024589 22.962708 14.049177
0 549.171509 106.876007 29.665527 24.266022
0 142.301727 544.532227 62.465462 53.051636
0 119.819138 592.119385 153.837921 95.761169
0 478.549103 37.165123 22.554077 21.572313
0 30.013603 349.915253 37.524345 33.603577
0 246.037735 100.546898 31.58078 30.257263
0 504.510742 62.423882 43.608063 36.547565
0 434.06134 297.399445 20.540466 18.253601
0 350.15564 293.355835 24.458252 23.248535
0 245.794312 53.317856 49.935623 42.858948
0 18.831074 583.197388 19.038849 18.296753
0 33.164986 605.305847 24.462542 22.954712
0 155.709 599.687439 30.673523 26.211792
0 410.867432 20.254301 51.136536 40.508602
0 301.351562 289.503906 37.91748 32.425659
0 232.03862 18.730433 32.353149 29.320721
0 230.434937 265.944977 30.448883 25.930176
0 315.331024 6.509554 34.386475 12.472643
0 284.454834 86.403755 19.046448 17.822876
0 94.546692 9.073669 21.668121 16.641891
0 524.747803 46.288559 27.575775 26.46019
0 336.922272 257.437256 45.35022 39.893005
0 275.668854 16.718594 61.791214 33.437187
0 258.078003 496.302185 127.430191 105.193573
0 22.300549 341.271118 29.408981 24.864929
0 330.966034 294.052368 18.814209 17.308533
0 277.895721 503.173096 75.503555 78.333099
0 14.936156 502.805878 29.872313 49.053284
0 335.11261 355.262512 27.201233 26.549744
0 541.640564 14.833424 19.182129 17.36554
0 456.654358 342.686279 32.396118 29.860718
0 244.405029 71.751038 41.805725 67.866608
0 540.90387 584.302551 36.473267 33.010376
