0 559.356201 297.228271 53.32312 50.020386
0 60.658875 136.721512 36.693573 34.280632
0 349.25766 251.851364 42.067078 37.672211
0 277.164642 241.105576 33.271851 30.303802
0 389.736389 572.200317 24.349609 22.0448
0 197.619553 153.614517 26.506165 24.255157
0 119.778839 442.21756 21.374611 19.257874
0 476.337097 374.283051 40.9151 40.119995
0 210.114548 604.636841 22.471039 18.484497
0 339.778442 447.839813 20.680603 18.09906
0 138.32724 295.866821 29.602936 28.482361
0 195.267975 243.888153 29.711792 25.605759
0 100.13797 130.022812 25.967957 21.287994
0 213.162048 462.235107 25.288361 22.972351
