0 248.937698 387.848999 157.308929 130.756714
0 567.882568 96.664017 144.188934 145.899506
0 596.822388 227.137436 44.443604 37.825104
0 450.901794 308.197937 34.367981 32.029785
0 36.531784 51.219677 73.063568 95.066948
0 374.212555 264.401245 30.179443 27.801529
0 251.852829 539.705688 232.14212 200.588562
0 319.598724 164.236633 33.553467 30.034637
0 574.186462 281.032715 31.868652 29.801086
0 546.765259 24.937628 148.244293 49.875256
0 200.207855 54.112446 52.163147 47.406624
0 173.190979 342.250488 43.816895 41.408447
0 94.941391 90.66935 69.602386 66.138474
0 151.717026 202.544739 24.796478 23.322174
0 206.603363 537.63385 29.803955 27.440918
0 320.889954 306.446991 26.965393 25.040466
0 168.840866 282.105011 65.561829 61.193542
0 493.729309 178.906616 81.567993 79.873352
0 526.361145 457.670319 22.197876 20.220581
0 273.311646 457.903839 35.375427 31.59668
0 333.174988 188.856201 21.616211 20.114868
0 499.737305 270.80127 21.36322 20.432617
0 553.244812 439.582489 22.063354 20.877075
0 51.291298 113.789101 35.130756 32.946579
0 627.456299 350.890533 25.087402 27.792908
0 439.504395 405.06131 56.026855 51.386719
0 542.588013 267.87146 21.529053 21.179688
0 460.271118 57.773148 46.939636 44.263672
0 492.857635 338.676422 31.129333 29.560974
0 562.409729 313.535645 22.001343 19.30542
0 153.937988 93.759926 22.93576 21.619583
0 264.041504 37.682503 23.019485 22.543608
0 612.83551 630.796143 28.989136 16.515015
0 85.273857 450.709106 36.334213 36.389282
0 246.738586 302.066986 53.27002 47.190369
0 49.185589 591.583618 21.486435 20.807495
0 206.511673 467.983734 69.414185 59.57843
0 568.380005 373.945862 18.948853 18.230408
0 304.276062 82.619568 18.153442 16.957687
0 428.729156 130.58403 27.433594 23.298401
0 590.603027 179.168427 35.913452 31.261353
0 350.827118 200.345322 24.64447 22.209412
0 426.333008 48.518784 21.068054 18.212524
0 417.099792 177.53978 51.861816 49.807983
0 534.203979 411.519562 18.044434 15.433838
0 313.636719 333.958221 32.151794 29.386597
0 418.790009 464.422119 32.1828 29.598083
0 377.807434 231.441483 23.567322 19.960632
0 9.304189 145.407333 18.608377 19.768219
0 377.269623 141.159821 18.864929 18.023254
0 362.291046 96.51403 22.190918 20.26326
0 424.693207 75.82518 43.688721 38.202084
0 474.317352 538.059692 19.523804 17.828125
0 476.72345 199.237259 82.119049 82.134644
0 319.99823 408.830933 20.420044 19.985413
0 18.006027 135.532822 36.012054 45.547539
0 331.627991 627.831116 44.064453 21.549561
0 524.780273 241.343323 20.447632 17.704193
0 377.056366 24.487099 51.472656 41.259933
0 56.580231 9.192995 42.380096 18.022579
0 598.418457 294.680298 25.727783 22.444763
0 382.076355 60.495705 50.853638 42.230652
0 198.665207 8.210774 43.601624 16.421549
0 350.239349 102.65078 16.966187 16.507797
0 287.084473 317.06723 30.494995 27.580627
0 471.128601 25.41584 32.459534 30.393585
0 392.871826 90.368713 37.763306 31.889221
0 475.47641 219.082016 53.237793 45.676117
0 413.367218 196.584488 37.926025 33.135406
0 104.770447 341.049469 107.506378 118.176147
0 193.594818 99.974174 16.477264 16.161514
0 438.764374 215.105499 29.272644 25.283051
0 430.639465 169.34761 52.202332 45.495636
0 443.372559 21.460846 23.036255 19.458103
0 111.137932 136.805832 81.751389 77.874451
