0 258.064697 121.76947 48.905701 43.973824
0 438.109039 157.852753 32.119507 29.501526
0 120.937538 338.577942 41.271744 37.871399
0 418.27713 12.107053 40.528259 24.214106
0 277.293274 249.835144 32.070618 29.633011
0 619.472107 396.655182 39.535889 40.214111
0 335.633087 596.800232 26.546631 25.108521
0 377.370972 350.278687 46.868835 41.953918
0 303.121765 281.259552 51.345093 44.549866
0 362.966217 84.588646 22.693909 22.127182
0 578.839722 572.637085 27.288452 25.635254
0 25.255991 430.589874 50.511982 58.326782
0 306.718353 625.617188 35.59314 28.098022
0 252.383362 304.405792 31.71727 28.691711
0 619.893677 157.312408 36.212646 32.06427
0 295.867188 529.690979 26.598938 23.730347
0 537.028748 156.915802 26.911865 25.336273
0 453.398529 83.717987 21.510071 20.295197
0 321.063904 116.899002 27.376526 24.262207
0 631.811279 46.86483 16.37738 22.127228
0 525.326111 608.749023 73.865021 62.502014
0 562.069336 130.63858 46.76355 43.108681
0 76.905792 283.662659 22.100754 21.61676
0 406.876038 146.675964 35.383789 30.827454
0 235.905396 274.017548 32.706207 28.636475
0 576.143555 490.122314 22.183594 22.438904
0 260.963257 526.595337 25.259445 22.905273
0 185.624084 166.605103 19.346344 18.572723
0 565.645325 144.559479 29.519165 26.529572
0 453.345947 203.499435 20.902039 19.630341
0 595.874451 83.031578 29.681641 29.337036
0 338.384766 363.723358 33.651672 32.401184
0 313.469177 224.402191 69.77771 66.157593
0 606.714233 327.145233 28.095703 25.493042
0 609.930786 14.078909 21.348999 20.113689
0 625.445007 306.112427 23.398804 24.324585
0 502.87027 333.717438 141.833801 133.625305
0 548.704407 568.392456 33.731079 27.394653
0 201.679276 238.443558 19.608459 17.169434
0 474.559448 79.2556 18.434692 17.434509
0 507.253601 215.662491 21.910187 19.440399
0 590.681885 438.8703 26.655762 25.281738
0 626.310059 192.055557 27.379822 32.159454
0 286.074921 153.166595 46.442078 42.164673
0 205.918198 142.772308 21.135559 19.973297
0 419.017548 352.139069 28.369995 27.818298
0 457.671997 586.545593 201.317749 106.908813
0 570.9599 191.571182 22.961304 21.459381
0 609.158081 519.528015 61.155762 76.828644
0 238.185257 147.766647 17.508972 17.371155
0 503.354553 541.60437 37.692139 33.142944
0 544.155273 424.928131 78.30368 71.464539
0 628.409119 316.906708 22.21106 23.631714
0 52.040565 291.72934 32.26915 28.576233
0 264.781738 470.710449 17.356384 16.076538
0 416.570923 209.681839 19.12439 18.220612
0 389.487183 106.655197 57.043579 53.489136
0 13.778376 251.539978 20.240639 18.434509
