0 138.463257 274.311035 182.330261 181.873779
0 266.1427 161.510986 135.281601 132.315979
0 76.744972 625.89917 35.572742 26.432983
0 223.429092 146.994003 30.215118 28.308502
0 628.728149 579.362976 22.54364 26.356201
0 135.485641 603.598938 49.737518 41.106934
0 232.999207 563.134827 31.334106 28.991211
0 76.495895 564.149414 34.486721 28.534302
0 576.733032 220.404678 45.173096 37.220093
0 530.727112 444.016052 32.64856 26.934692
0 531.448975 556.953552 29.0448 24.363037
0 291.33255 51.768921 262.552429 97.526245
0 42.391121 531.532471 25.033241 21.621216
0 521.88501 208.096573 23.100922 20.093506
0 277.733307 417.4646 26.024414 22.642639
0 392.998169 178.904282 23.794434 22.47403
0 426.653046 631.077332 34.465576 16.099243
0 187.551712 625.451721 39.12265 27.894775
0 502.468048 264.293213 25.207825 22.286621
0 170.860352 448.229309 20.257294 17.977661
0 464.437592 627.406067 25.487976 22.573364
0 263.274597 583.053406 27.463425 22.922852
0 600.773315 489.428711 25.889282 21.464905
0 443.338013 9.466288 40.891052 18.719967
0 400.974945 624.727295 29.273132 23.086304
0 172.054062 291.064392 21.477234 19.451355
0 59.200741 168.857346 21.055992 19.312195
0 263.760162 603.519104 25.433655 22.288574
0 256.397095 358.746674 20.045898 18.388733
0 170.483444 613.934204 29.786316 28.519043
0 450.15863 23.275925 24.1922 21.119902
0 423.885498 535.907959 21.762329 20.41333
0 43.173759 450.81897 20.814011 19.053162
0 336.207764 69.940094 33.467285 31.122757
0 325.780823 574.169739 23.446411 20.180298
0 255.980774 208.54361 31.621445 28.269806
0 376.755249 526.743103 21.084229 18.434692
0 381.123352 498.668732 26.082581 19.295532
0 66.874794 539.273438 22.704086 18.362305
0 418.454681 610.295227 21.848206 19.834351
0 48.955276 169.146393 81.946014 76.134003
0 113.46286 582.57489 25.590149 22.829102
0 113.813324 99.127571 185.633667 173.492447
0 51.963436 573.446777 22.782509 21.903442
