0 376.503723 57.067974 64.940857 61.832054
0 127.330513 174.502319 54.643814 49.363251
0 165.119385 44.601707 31.444794 27.669571
0 384.903046 159.569855 79.440552 78.153473
0 282.784882 385.99527 26.977966 25.472839
0 103.570526 135.203201 25.716461 23.474236
0 291.135254 292.716248 30.769104 28.627869
0 49.216606 553.841125 30.802933 29.3927
0 10.989828 154.68071 21.562855 23.130219
0 335.838745 554.372742 24.834473 24.289429
0 304.688843 115.216415 30.47937 26.735565
0 596.053406 375.471161 32.296143 28.546814
0 271.369934 205.145584 21.199951 22.187866
0 39.648617 226.271652 31.577728 28.581482
0 333.275818 32.198479 35.659668 31.495148
0 601.427979 514.603149 74.81958 68.799072
0 100.548515 517.027222 38.438248 35.165894
0 73.880981 632.621887 36.763382 14.755493
0 144.84935 595.494568 29.608276 28.128662
0 257.018646 358.769531 21.073563 19.877808
0 369.930328 355.329834 23.511902 21.933105
0 312.158813 330.905457 25.503662 26.305359
0 9.80302 35.710114 19.606041 27.545134
0 587.408325 404.560333 26.292236 25.949402
0 551.885315 455.300415 45.797729 42.122925
0 520.927612 297.349274 52.212189 46.309021
0 339.028381 98.18042 26.445129 23.266144
0 203.276764 370.472412 29.617889 27.787476
0 435.286041 548.725525 18.494873 17.223389
0 429.426453 275.38446 107.823608 85.891251
0 402.866577 219.752197 19.69519 17.626038
0 10.138554 223.538849 18.903679 21.064087
0 41.551899 522.199036 22.090248 20.522125
0 613.657349 358.548035 30.489014 28.411987
0 341.757874 432.273987 24.251648 22.23877
0 433.023804 401.574738 19.469421 18.893005
0 316.048004 100.515694 22.278381 18.816544
0 239.340164 33.448555 23.2789 20.822945
0 558.136902 46.160332 158.965332 90.216248
0 63.487061 263.781036 21.529114 19.767227
0 11.002979 354.414856 22.005959 22.691895
0 515.965149 429.851532 43.304565 40.916321
0 186.412643 456.467651 24.950745 23.41156
0 305.78772 36.128414 24.788757 22.556976
0 244.431549 455.896515 26.473679 26.38446
0 560.447021 237.492432 77.318359 68.764633
0 95.887268 503.446533 43.970261 37.425262
0 327.688629 494.333038 20.035828 19.34729
0 8.044498 206.901917 15.759541 21.980591
0 91.635818 451.931183 32.578384 28.730896
0 435.057526 24.326416 18.244751 16.843079
0 345.245148 331.10907 35.181213 30.038452
0 316.727325 418.249847 27.52179 24.789673
0 430.500214 378.51416 21.586792 21.670166
0 21.983906 481.307281 18.425686 18.191162
0 229.455963 21.459263 22.637177 19.453262
0 365.907166 17.953503 23.521973 21.487564
0 196.839218 181.777008 26.273163 21.230194
0 38.340065 362.489044 23.779472 21.112671
0 244.339584 467.419495 20.095886 18.38147
0 352.492096 445.945709 18.985474 18.903625
0 188.071625 356.691437 24.366577 23.807983
0 430.753235 10.295593 18.871643 18.891815
0 603.294678 368.014465 40.233154 35.850586
0 605.863342 425.447601 20.266602 18.380249
0 514.662048 420.183289 31.78833 30.097717
0 424.536163 42.375324 34.507568 31.608047
0 142.119049 572.482239 29.1716 27.372681
0 20.025339 340.359497 18.63512 16.658936
0 206.701202 538.191772 17.854034 16.43396
0 181.37233 30.65559 20.155396 18.304235
0 21.750044 444.382843 19.259495 16.54364
0 611.156189 131.693497 30.602173 25.116058
0 309.410431 107.002464 30.543152 29.245483
0 365.649506 459.400421 20.060364 18.437622
0 143.033051 583.72937 27.893433 30.075195
0 327.61557 99.317314 38.200439 23.245468
0 314.35321 338.838104 23.912842 21.134949
