0 248.227478 116.87439 45.947449 42.233429
0 346.536957 548.992798 42.932678 39.297241
0 379.831573 293.692444 32.563782 29.645203
0 273.403564 350.401764 24.73645 24.146118
0 236.260315 171.170456 34.159546 32.066467
0 99.635727 102.429321 199.271454 204.858643
0 347.372894 260.419312 28.465637 26.60675
0 443.858154 263.221863 36.596985 34.552963
0 390.13028 79.003242 30.452637 27.532837
0 452.050629 114.401443 26.914795 26.38913
0 403.917908 26.354012 54.84552 51.851776
0 314.379822 626.997925 37.37677 23.410278
0 225.83934 551.8927 52.750763 44.711792
0 440.61499 324.709778 20.329651 19.880371
0 201.130646 583.812195 42.194763 39.904907
0 69.519943 444.889954 39.754364 36.667786
0 207.727554 342.144257 22.601044 21.605042
0 372.7005 52.211216 26.908936 25.220131
0 318.694641 487.193024 21.454712 20.605835
0 511.878784 333.26236 21.113007 19.569397
0 467.800507 255.746231 36.412292 34.517792
0 472.593597 496.022247 22.999084 21.176453
0 42.683228 591.08374 18.851669 18.118286
0 332.502441 508.79895 39.011536 33.219238
0 242.389969 49.45681 21.705444 19.752556
0 595.481262 619.194397 46.295044 35.141724
0 555.380432 153.272064 22.002686 19.311646
0 52.331135 422.028687 20.883003 20.95282
0 579.960327 576.522461 46.442749 43.505981
0 328.422729 107.260071 122.740417 116.953064
0 382.736298 455.729523 18.314087 17.110474
0 185.010712 351.259583 19.167938 16.542053
0 202.682983 515.239014 82.897064 71.76355
0 632.879761 32.695953 14.240417 22.659401
0 57.125725 623.39978 31.201706 27.418091
0 310.926727 270.809204 36.694519 32.735779
0 60.992767 537.406799 27.122845 23.747559
0 557.75 279.202759 31.901001 28.714233
0 544.810364 632.31012 20.378052 13.899658
0 367.62384 326.637573 16.382812 16.363831
0 76.050507 309.36615 19.993408 19.257324
0 471.445618 341.8591 176.765045 153.54187
0 554.293152 599.363342 20.077393 18.005005
0 219.483185 95.841148 19.768097 19.129395
0 395.842072 442.978088 145.24884 124.940552
0 364.34024 278.232147 20.221008 19.411133
0 255.198822 502.614105 20.544983 18.228638
0 30.445255 484.918152 38.156578 34.296387
0 446.057709 426.268524 47.012756 45.170593
0 467.555725 508.716675 122.700104 107.335968
0 411.556427 39.386467 80.642212 69.395493
0 141.082977 176.128128 64.893555 53.150421
0 124.413239 258.534363 96.926453 100.527893
0 458.347992 588.034302 19.68689 17.079102
