0 199.585144 248.287628 101.611694 96.684998
0 211.482452 441.5672 33.430084 30.555054
0 220.840927 140.270737 35.134552 33.973846
0 72.769119 102.433426 22.982941 22.36908
0 528.27832 617.779968 21.126343 20.024048
0 102.312645 590.87561 22.047043 20.806274
0 559.933777 364.035309 23.940186 22.365845
0 118.321152 130.887558 71.887451 63.217651
0 361.058746 479.346893 27.845459 24.974609
0 222.371078 467.716949 20.696838 19.728088
0 132.875671 246.073242 36.279366 34.968735
0 464.155731 517.589417 18.98938 18.927521
0 19.746792 581.415833 26.659216 25.239258
0 607.942871 387.920959 20.315796 18.012329
0 550.324768 490.202332 19.817383 18.526367
0 581.602173 529.922119 17.971436 16.325806
0 214.631821 604.470825 172.780975 68.171875
0 159.319473 96.611755 20.608612 19.734894
0 216.082214 176.235901 34.141235 33.507385
0 188.195801 148.687729 39.42099 33.534851
0 219.153931 562.792664 19.216553 18.606201
0 361.329803 459.136963 22.774963 21.786865
0 250.44809 494.223938 22.101929 18.11615
0 132.744064 20.756405 111.562378 41.51281
0 29.773289 265.389893 59.546577 57.719482
0 520.132019 308.986938 21.255371 20.953796
0 307.919922 360.007141 18.661255 17.978943
0 280.354645 360.341064 21.605469 20.701599
0 43.03157 467.192841 23.720137 20.394409
0 45.117657 517.061157 39.256157 33.140503
0 519.81897 60.327068 17.762939 15.481819
0 592.091919 629.730774 21.554688 17.810669
