0 490.206451 481.382935 28.645874 27.020569
0 386.635498 538.270081 33.534302 31.269897
0 476.372162 527.980103 27.818481 24.151367
0 282.141663 420.771698 28.417908 26.523987
0 283.770142 35.448063 29.401001 27.938248
0 424.791504 171.834259 31.360596 28.720886
0 533.758118 100.244225 25.803589 25.256226
0 609.2146 124.539749 32.089478 30.770874
0 180.477951 519.335388 23.791351 21.977295
0 434.752472 342.298553 22.580139 20.84552
0 292.721008 186.460938 28.301575 25.814972
0 259.463165 179.091721 23.398193 21.514404
0 595.516785 99.293846 25.884888 25.588425
0 243.058701 38.311287 23.099731 21.300705
0 629.327515 174.973114 21.344971 24.162628
0 261.813507 124.321884 32.265564 31.465706
0 221.865723 65.707687 24.364136 24.661137
0 312.142181 316.304962 20.98407 21.672546
0 630.509766 262.442047 18.980469 22.340698
0 292.476074 37.161396 44.806641 39.688118
0 91.087219 450.263885 21.6539 21.510864
0 178.824341 28.786949 31.238373 30.010994
0 187.006714 157.700378 24.67984 24.601807
0 448.406006 30.279305 23.528503 20.862989
0 499.306152 509.132751 26.414673 24.553375
0 377.337555 59.535515 22.355042 19.951889
0 307.260345 41.786194 49.550537 43.589935
0 627.012817 586.536377 20.01355 18.391113
0 626.641846 159.966125 21.289917 21.977203
0 544.044556 186.728943 22.406128 23.296539
0 252.421417 419.631897 25.061722 23.404114
0 530.5495 260.267792 23.520996 17.801834
0 288.297516 105.945145 36.335876 30.082047
0 355.162079 87.420479 19.785339 20.094467
0 366.65213 103.369339 27.797974 25.711777
0 537.166931 259.63678 36.0354 25.481018
