0 156.189819 217.78685 79.97924 75.725098
0 505.433777 38.809868 85.833771 74.703445
0 550.646118 610.733459 34.945923 28.375122
0 268.838287 354.048737 50.354996 44.384094
0 573.227661 132.599487 58.129761 45.61795
0 570.837158 577.06604 29.145996 24.467285
0 172.278168 423.133209 33.1138 29.549622
0 614.69928 535.717834 27.016602 23.416138
0 366.177185 306.226898 36.747498 34.53717
0 271.802124 50.370438 213.808655 93.354736
0 240.708328 124.090919 61.179108 53.675827
0 163.634537 513.787476 97.488983 79.27121
0 561.799316 28.618698 41.939087 37.529724
0 603.552185 381.9216 40.334106 37.051758
0 282.199738 140.723801 35.966553 34.938881
0 165.411407 394.290009 47.586914 41.913391
0 452.945007 62.290985 27.822754 25.32016
0 484.879211 139.25737 30.473022 27.100403
0 469.83252 19.80131 87.098389 39.602619
0 607.087463 51.285156 55.023315 49.084808
0 601.848022 303.003387 49.872559 46.226196
0 538.897644 111.852173 59.534088 52.935783
0 567.445435 321.489563 34.195557 28.974854
0 181.55687 107.786285 64.379303 57.410034
0 489.458679 106.530876 36.621765 32.122787
0 439.310944 507.566589 30.209778 26.177826
0 465.646332 124.594437 29.080994 25.726196
0 470.296173 611.31488 30.276794 27.713013
0 592.797974 180.466431 22.565674 22.533905
0 621.650635 124.84787 35.519409 42.32077
0 429.49588 130.895981 29.741272 26.681763
0 141.24469 432.016296 23.778931 22.196777
0 629.714233 217.715469 20.571472 26.049622
0 627.094788 8.021514 25.810425 16.043028
0 102.335793 26.933636 25.643036 23.481482
0 206.972137 237.151138 47.512695 44.995941
0 153.880417 15.879162 48.869171 29.226204
0 74.094727 97.188591 28.62207 29.222488
0 27.902214 328.164062 54.858078 60.298157
0 448.823761 38.464149 23.674255 20.749596
0 299.593475 466.110474 68.513428 56.141357
0 401.975403 459.118958 46.471802 39.81134
0 197.036255 180.733292 30.667633 29.517731
0 384.270416 353.387238 21.622192 19.203857
0 561.771851 111.338043 29.241089 25.226822
0 553.272827 10.929506 29.750488 21.859013
0 89.715912 112.95504 19.5746 19.489365
0 111.891449 189.021896 21.894958 19.517487
0 131.472015 306.838104 41.35498 37.465088
0 190.235764 609.787048 44.721008 38.309082
0 616.580017 241.19455 25.407715 22.577179
0 476.811584 133.735382 37.183533 29.503075
0 617.898376 43.577183 36.690918 38.802887
0 248.23381 381.402557 26.576324 23.752625
