0 379.041016 178.355881 66.367371 60.03244
0 313.553192 505.179749 37.302551 37.88623
0 250.237396 312.090668 63.61261 55.863525
0 394.140198 522.201416 78.559204 69.13855
0 104.384094 146.973114 208.768188 244.041016
0 334.118042 144.757736 68.07782 60.613037
0 391.783539 386.951233 41.50354 40.256165
0 470.980804 102.477989 24.772034 24.082336
0 199.077957 542.222046 68.905945 58.716553
0 131.292999 563.511353 84.085999 77.320312
0 360.891113 296.685547 31.062988 28.320129
0 300.128143 406.478119 49.438354 47.656494
0 195.438721 35.726742 40.696136 36.943443
0 601.950195 611.500366 76.09967 56.999207
0 626.469849 131.654175 27.060364 33.247902
0 378.270142 131.474777 24.015686 23.418083
0 59.207939 174.659378 34.300781 32.665436
0 605.635498 538.173401 27.404297 24.849243
0 286.87439 170.618423 48.624695 43.004486
0 373.756775 26.961796 107.55658 53.923592
0 307.973297 270.552307 27.075928 23.060303
0 191.202499 451.963989 37.901886 33.322754
0 174.237823 477.086884 39.044128 35.953613
0 77.345276 481.502197 128.782715 101.555908
0 493.714111 310.473328 19.640137 20.602478
0 210.86853 609.1427 24.72937 21.960449
0 395.982452 94.92057 25.88562 22.966614
0 124.302872 428.045349 63.267914 57.388428
0 608.15155 161.938339 38.271484 35.708069
0 90.415787 61.805729 175.644501 118.681206
0 386.635071 301.482635 25.689636 23.163269
0 83.002014 321.231018 38.138077 37.37085
0 273.785034 57.701633 41.359802 36.934624
0 565.582886 362.498566 28.542603 25.214905
0 579.000183 337.902222 25.184326 22.928223
0 237.464493 623.798035 57.974518 31.919434
0 562.723511 450.031738 17.757568 16.486206
0 98.955902 276.748108 21.266022 20.31781
0 556.904663 398.861145 21.435303 19.663147
0 590.655884 355.176361 21.867188 19.335388
0 14.65056 152.653778 25.183674 21.354645
0 387.480652 65.870171 29.636902 26.266464
0 555.733826 134.792389 19.211914 17.549347
0 19.518719 482.599213 24.771904 21.748901
0 194.516388 503.755554 35.201355 32.076752
0 229.277924 273.843689 21.167114 17.744202
0 161.805023 607.855713 21.902557 21.240112
0 609.667664 572.172546 36.271484 36.016846
0 307.353607 14.748684 31.13739 24.244934
0 630.428833 88.735809 19.142334 47.253616
0 604.647034 372.359314 20.295898 18.463684
0 13.159721 407.844971 26.319443 70.599365
0 570.741455 170.930801 25.771851 24.799744
0 387.746002 233.214981 72.326782 63.499786
0 531.166321 8.774771 21.161011 16.020809
0 377.243256 450.771332 29.34845 27.376709
0 467.609772 178.653442 22.996887 20.510803
0 522.392822 28.543823 45.456299 36.922981
0 109.553131 210.999664 17.252853 16.301147
0 179.047791 13.636889 38.461334 26.939159
0 426.183655 125.211533 83.710388 65.530273
0 475.933472 439.839264 150.210846 132.195129
0 488.710144 37.941921 22.675232 18.242256
0 622.763123 70.566025 20.603882 18.60408
0 162.301056 369.74408 48.513123 43.862183
0 525.990112 477.776215 22.76355 21.179077
