0 514.72052 228.548172 48.218506 42.77597
0 136.828644 151.095322 22.051643 21.84198
0 309.282227 464.540161 26.964661 23.719666
0 463.079834 108.758614 21.607971 19.147064
0 609.854309 161.153961 22.275635 20.37149
0 563.524719 77.599815 19.986694 17.396286
0 394.021545 421.883514 24.518677 23.170959
0 472.420898 629.534668 26.7901 20.930603
0 290.010468 578.218445 25.791077 24.091675
0 90.141106 317.416229 20.167343 18.551514
0 74.146408 332.794556 34.184692 32.421021
0 392.610168 370.090515 23.276245 20.736328
0 595.400146 543.955627 19.983521 18.108765
