0 500.174408 66.058861 42.349182 39.209824
0 468.092407 177.272644 30.936951 28.002594
0 336.948761 369.21051 41.068665 38.512634
0 119.282478 144.033081 52.441025 52.147835
0 174.82489 501.047668 40.426971 37.125854
0 477.501495 30.284002 29.178101 26.809666
0 453.899048 58.994682 27.37915 25.494953
0 70.605209 215.123505 26.826702 25.404541
0 84.053909 159.931671 31.77919 28.930695
0 486.122589 158.489014 22.225037 20.236542
0 457.619263 377.196808 21.488525 19.91156
0 621.568848 619.920654 36.862244 40.158691
0 58.241196 140.291168 24.281025 23.585754
0 341.718414 498.921844 22.286865 20.300293
0 400.874084 527.539734 20.665466 18.869873
0 514.335327 635.024414 21.941162 9.951172
0 5.854476 111.828796 11.708952 23.250656
0 185.224747 323.463989 21.050354 18.038757
0 119.029175 189.884735 20.708496 23.072449
0 399.657013 576.293274 121.949707 100.926758
0 74.451576 188.923447 25.020889 23.85321
