0 433.638214 426.856964 24.400879 22.328613
0 546.106689 365.53479 24.928711 22.777954
0 392.1315 543.121948 47.06842 41.434082
0 514.054565 209.43219 25.141937 23.12146
0 598.876526 170.660599 22.494263 22.874695
0 473.68576 375.907715 23.450256 20.726746
0 459.50946 413.426025 19.742249 17.783813
0 173.172424 547.46521 22.368195 23.658569
0 511.154755 471.953033 23.479309 21.644287
0 343.17099 603.419739 27.256958 25.642212
0 391.794556 525.482544 22.349426 16.627319
0 169.080048 502.649414 20.688538 23.070099
0 483.246674 368.154266 18.862854 17.367798
0 533.968872 334.461426 19.842896 17.782288
