0 127.016632 235.419556 57.345421 51.217361
0 343.243042 296.3703 34.611206 34.237427
0 208.162003 526.633423 24.600586 22.366333
0 238.895203 412.375549 21.819153 22.019104
0 248.954346 115.817345 22.498428 21.808151
0 219.996704 246.519745 47.190918 41.636673
0 37.225895 395.419556 21.508995 19.861511
0 192.181244 181.03978 50.161377 45.293823
0 134.60141 481.570618 19.140251 18.48175
0 264.213776 263.488373 49.09198 43.04747
0 347.771271 121.137863 47.885498 45.38562
0 66.236313 453.891449 28.444763 27.43866
0 221.139313 295.948639 39.934326 41.343567
0 617.400818 451.688721 22.07666 18.587646
0 267.155853 230.208557 41.688782 35.859772
