0 421.67453 444.308411 33.722168 31.438843
0 527.175171 157.015778 29.2052 27.100464
0 549.38739 84.437271 47.714478 42.198959
0 253.284149 320.871338 31.786255 28.954102
0 109.35672 135.316422 38.211426 33.822937
0 233.758621 490.804016 26.756073 26.01947
0 127.330017 176.537323 29.595978 27.204742
0 456.43988 298.836395 23.753906 23.009277
0 619.55365 61.936443 22.128418 20.157707
0 199.096237 99.017639 31.419739 27.753922
0 475.798035 403.83139 23.859497 21.691589
0 434.352966 138.963333 27.43927 23.888214
0 486.403381 608.687439 133.168793 61.930664
0 348.341064 273.529236 29.077393 27.611389
0 405.072662 610.865601 25.840088 22.998413
0 205.286789 167.209442 25.120056 23.512787
0 103.560127 381.245026 17.59169 16.61554
0 342.00293 292.481598 31.954712 27.367676
0 174.147095 190.130615 22.336792 20.996002
0 514.565552 379.63855 76.12561 73.81958
0 565.055786 468.681732 122.040649 130.850891
0 439.036346 371.561279 22.786621 23.048218
0 566.369995 529.03772 60.296875 64.973267
0 194.614395 78.82885 19.295807 17.6642
0 463.897522 342.075195 19.943054 19.104248
0 322.475739 511.040405 22.167114 21.397369
0 212.579666 394.570831 19.153351 16.728271
0 327.562714 65.432083 173.601028 116.174438
0 534.146118 269.852234 19.443481 19.538879
0 411.67804 188.259064 21.62915 18.470154
0 587.442749 14.495409 25.162842 25.381088
0 581.347595 52.69944 31.867676 28.091934
0 472.400238 135.24382 24.367493 21.580284
