0 393.517059 467.395142 137.328369 126.711029
0 56.369904 282.854034 47.6996 42.263184
0 121.118103 159.812592 165.766418 154.750946
0 36.496067 61.772781 40.326523 39.405228
0 316.604584 597.700562 70.018555 61.701782
0 132.153427 284.814087 105.686371 99.084534
0 372.115265 108.382492 28.646118 26.172394
0 99.414726 425.381592 34.694168 31.366577
0 497.123871 310.80069 31.418152 29.560852
0 292.933136 234.669479 33.046082 28.676849
0 19.148535 612.152527 38.29707 49.036011
0 402.477325 62.772003 35.05304 34.781429
0 390.037689 305.354523 34.108521 32.588867
0 36.24321 104.824844 33.01326 30.022156
0 509.766113 517.24469 28.605682 26.150879
0 463.156921 253.465424 23.656738 23.104141
0 117.156723 74.317535 21.96891 19.646301
0 362.30719 623.88324 73.772949 30.994995
0 142.716278 406.702209 27.626587 25.394104
0 151.682022 40.013771 22.826935 20.693802
0 249.260727 577.971313 32.686859 32.184082
0 392.24942 612.850891 29.691895 26.686157
0 528.558655 8.837641 20.332031 17.660233
0 508.123352 162.123047 114.237671 101.972542
0 632.18927 149.802338 15.62146 25.375458
0 11.278843 209.825485 20.960342 20.380707
0 172.45752 394.61145 35.172394 32.297852
0 18.927307 268.538574 20.147747 16.605286
0 526.313171 62.270309 21.701538 20.07983
0 443.86438 624.192566 36.134521 28.713745
0 7.225301 289.931427 14.355227 24.160217
0 249.369995 93.821022 21.848755 20.347824
0 482.064941 512.229431 28.194824 25.70871
0 614.665161 369.574158 50.669678 53.735474
0 257.314209 482.781342 20.151993 17.444641
0 321.267334 39.114269 25.055481 24.505716
0 454.484711 426.806671 26.386353 24.076599
0 632.598877 324.838745 14.802307 24.097046
0 269.51059 113.517738 19.256348 18.650589
0 224.638474 535.92572 20.599701 17.912109
0 72.426544 533.283569 19.653275 18.297974
0 413.384308 165.168304 20.724365 19.217834
0 443.179749 101.78476 87.480835 76.479401
0 340.424164 190.506561 22.241638 17.996918
0 633.539551 220.804962 12.920959 16.443665
0 620.265625 217.514099 19.625122 16.974243
0 149.302475 422.529694 24.802002 20.67981
0 275.018433 623.928833 114.064621 32.142395
0 509.941345 255.004425 30.078217 27.079483
0 229.151886 330.181976 19.169891 16.601074
0 587.477905 538.289124 105.044128 188.618073
0 217.51796 16.150953 90.445099 32.301907
0 305.311981 389.115326 23.609253 20.370972
0 325.032074 30.878941 20.575562 17.670341
0 15.347054 509.085938 30.694107 33.151855
0 91.997551 618.852539 53.24118 39.397339
