0 522.093872 122.571991 43.184906 37.288795
0 306.869293 320.966949 34.845154 29.628113
0 578.413635 176.285126 28.460449 25.834595
0 486.5578 88.220627 224.233551 171.697479
0 261.701416 519.212891 53.220871 48.529541
0 18.427811 599.463623 23.174225 21.425171
0 188.008545 605.404419 88.782867 69.191162
0 425.65802 629.576721 44.661072 20.774902
0 626.544556 516.05365 25.607666 24.426361
0 400.258881 550.307983 25.273376 23.627808
0 388.714813 563.75061 26.739868 22.435425
0 441.902618 616.294373 55.528564 44.750366
0 452.975098 579.330627 24.48053 22.650757
0 402.466675 344.165283 22.73999 22.66803
0 492.163696 374.164612 18.003967 17.131653
0 285.478149 605.940796 32.337708 31.615967
0 607.12323 34.381237 65.75354 62.463081
0 530.299194 194.265961 20.298462 19.0578
0 503.672729 622.071716 77.456268 35.422974
0 282.051788 413.836548 28.660339 26.44281
0 536.344238 338.016937 34.120483 36.902527
0 329.510712 629.070068 48.318604 20.390137
0 226.176361 482.229431 65.570633 59.994476
0 603.393616 254.508347 25.880859 22.576996
