0 340.547485 365.993408 149.148254 125.753296
0 169.587158 423.612152 108.076538 90.991943
0 576.211792 333.304688 79.171631 71.153931
0 449.736176 143.65065 100.178284 95.284821
0 177.835022 320.391388 177.668945 160.53894
0 294.944824 140.07901 29.765381 27.195374
0 153.697128 146.786179 69.742554 60.259155
0 67.816666 280.960449 108.592178 98.699341
0 180.383377 606.976196 148.27951 66.047607
0 229.250549 94.650421 33.698181 30.041855
0 533.958679 111.756393 46.973541 44.577911
0 478.438202 574.341064 138.743347 128.734863
0 612.949402 372.913849 41.751465 36.079895
0 228.463242 507.604279 50.078613 50.104797
0 580.509888 79.065315 118.980164 126.896133
0 82.74379 82.548264 54.402802 45.659
0 360.888214 199.647324 35.357117 31.852692
0 19.551102 235.925278 39.102203 42.396454
0 59.435089 363.852814 54.911087 49.709351
0 360.892883 550.754517 25.910156 22.632446
0 319.299347 623.001221 121.47937 32.817261
0 18.171806 343.401703 36.343613 63.533813
0 261.302032 567.397827 65.030228 54.227295
0 96.959007 535.763184 154.547409 149.004791
0 157.059372 75.826355 18.816254 17.595413
0 491.595947 110.437012 64.993286 62.654968
0 393.046265 529.914734 55.044434 49.731476
0 263.494904 35.263325 37.28717 33.007072
0 9.471945 498.479492 17.928497 32.367218
0 297.683777 116.803116 24.027283 22.583443
0 122.584335 583.734497 47.698006 45.165039
0 444.251831 74.317215 54.215088 44.76392
0 284.200439 95.2677 22.755249 20.248199
0 137.999954 43.439163 216.812042 82.230667
0 570.736511 507.979187 129.310425 155.778778
0 414.363983 94.523483 26.648621 24.440857
0 29.385418 436.944122 58.770836 94.352844
0 455.721527 7.350813 20.493408 14.701626
0 117.820137 18.023499 15.883301 14.753495
0 417.237244 623.296753 88.588135 31.91748
0 507.291565 491.258728 20.220001 17.069763
0 226.088013 71.785698 16.144165 14.658356
0 16.663359 517.568787 23.852707 21.611115
0 471.169495 241.985229 20.625732 18.748383
0 508.695892 277.549683 121.707947 109.696228
0 105.199997 469.605957 80.567039 71.222656
0 323.923706 26.67424 132.16449 53.34848
0 625.603516 293.638092 21.278076 18.969788
0 85.785995 165.220062 38.062286 32.695007
0 275.104004 242.731033 21.258667 19.802734
0 10.462831 18.103134 20.925661 31.243912
0 378.464905 301.077637 18.669678 16.922363
0 107.524658 587.663208 81.65284 61.744019
0 538.915955 104.663124 69.511841 68.078903
0 547.017944 508.125092 62.505127 55.95636
0 20.928865 631.639465 39.301418 15.321533
0 198.454163 531.222412 29.6203 27.731567
0 259.981903 357.649719 20.512405 17.546875
0 24.463007 566.232178 31.638424 27.196289
