0 233.164474 312.781372 52.054413 48.625793
0 100.860565 348.16095 60.816254 54.337524
0 341.709839 531.354309 53.235596 50.009247
0 150.953247 80.87999 220.168457 161.759979
0 517.930603 541.542847 181.716827 165.710571
0 538.71814 310.630005 74.612183 69.413635
0 159.816696 357.592529 31.191437 30.099915
0 53.2859 379.546417 54.61068 49.247925
0 600.831482 493.142822 26.406006 25.874329
0 385.945007 535.588013 45.706177 43.516602
0 606.697998 295.605774 26.403687 24.090881
0 420.570892 622.242554 25.799805 23.880493
0 244.391235 389.247284 43.696335 42.72168
0 65.496964 510.704712 21.92038 21.443604
0 347.7789 483.212891 35.198303 33.698547
0 23.373146 594.605347 46.746292 42.681274
0 411.774017 408.78598 86.996033 77.950989
0 198.066711 510.774597 22.595215 21.147552
0 513.172974 421.333099 36.830688 35.318909
0 320.656128 435.955902 32.961304 30.595154
0 550.213196 85.825813 17.952393 17.701614
0 328.156555 307.780457 37.097656 35.502502
0 591.858276 279.616882 19.317017 18.837097
0 360.511383 582.295898 66.686951 57.044678
0 394.808075 73.823341 115.380371 116.107132
0 299.456238 263.160675 62.07428 56.20166
0 455.391815 166.0215 18.330505 17.461578
0 524.076355 630.657288 27.99707 17.855835
0 182.665421 221.154648 52.826935 51.447113
0 52.461529 608.339722 35.642311 34.376221
0 42.514393 607.890625 56.58033 50.053223
0 240.349396 617.911987 43.569321 40.822754
0 383.087524 364.714996 45.818359 41.379395
0 112.703026 616.121948 76.160965 47.756165
0 65.30687 631.092834 48.086227 15.166748
0 590.009827 17.909649 16.479004 16.023483
0 217.623306 478.57605 18.987305 17.244873
0 19.288746 482.090363 38.577492 49.876831
0 366.398132 596.361206 49.983215 41.073853
0 49.567299 553.689514 37.376846 35.209106
0 553.421021 441.626221 56.808228 48.729187
0 74.859985 291.166504 84.156586 78.283142
0 594.566223 286.258362 24.476685 24.702454
0 623.85144 548.963379 31.533203 38.34375
0 124.34433 464.823151 47.601204 43.079224
0 73.804169 229.034912 144.391907 142.475449
0 17.780107 627.538818 35.560215 24.922363
0 469.451263 487.206421 43.848572 36.576111
0 591.2995 86.889107 21.724854 18.48822
0 60.868034 303.558807 44.256397 41.702454
0 104.0298 527.056458 107.585716 115.444214
0 612.778564 52.316067 54.442871 81.467934
