0 75.197189 53.648956 118.511497 102.449631
0 335.948029 434.757416 29.721863 27.789001
0 158.656708 168.932434 89.333649 84.807678
0 617.758789 98.745522 27.646851 26.212509
0 44.601601 212.134308 26.035828 26.279022
0 523.043152 434.856445 23.459351 21.346741
0 292.042542 498.816895 37.094666 32.525848
0 408.978912 348.580078 17.930603 17.419434
0 481.973663 475.939728 29.534851 27.148071
0 562.793884 151.303436 23.574463 24.037567
0 10.835348 476.690125 20.528133 47.167358
0 315.929016 48.306122 20.960815 20.106392
0 175.260849 153.52179 54.523712 51.234314
0 351.976501 377.086853 18.134644 17.882141
0 623.25238 5.087795 18.448975 10.175591
0 230.865814 175.069031 64.190125 60.739563
0 463.984985 219.173294 30.184326 31.475159
0 540.829224 356.363434 19.405273 18.762451
0 283.117462 581.261108 80.550476 72.519531
0 588.700867 150.130661 38.429321 33.701447
0 633.149719 75.227997 13.700562 21.202087
