0 162.795471 573.399597 41.282623 35.68103
0 448.085754 190.509003 44.780701 38.456665
0 585.833313 351.398651 31.997559 29.123047
0 179.504837 538.473267 30.767242 28.085205
0 403.900543 279.1539 34.143127 29.098206
0 467.889038 428.353302 27.190308 22.873535
0 463.48291 78.66188 24.123047 22.121262
0 417.955658 410.756073 24.153564 22.543396
0 460.970612 463.006134 26.104797 23.872009
0 355.994873 121.048569 55.14563 48.234222
0 463.993988 299.597046 25.776611 23.201782
0 353.422485 332.255096 32.209473 28.288879
0 406.343018 317.498932 25.787598 21.404175
0 630.496643 285.285675 16.015503 18.667969
0 120.569321 533.575989 21.087189 20.692627
0 231.293518 52.006821 69.70549 59.276123
0 524.395508 94.496338 62.769501 58.695023
0 308.812836 457.134338 36.682739 35.368164
0 595.890747 304.028961 19.535278 16.86792
