0 491.65686 259.155884 161.368683 147.098755
0 424.717896 495.882751 114.530884 111.820221
0 230.900208 196.858841 90.003967 82.111664
0 47.234039 441.604004 28.730621 26.763306
0 230.989563 74.376945 29.049072 27.667973
0 288.987244 237.222473 29.494812 26.6474
0 588.060608 626.204407 30.597412 26.170044
0 518.754761 550.681946 28.100952 25.81543
0 18.375299 623.0625 21.649944 21.133301
0 29.919857 163.081207 59.839714 106.159515
0 356.587708 592.467957 156.717651 95.064087
0 32.290325 294.36319 22.565117 22.450562
0 485.575104 229.42662 37.409424 33.240997
0 445.529297 585.744385 42.723328 37.081055
0 95.279633 249.745453 18.913193 21.037216
0 500.873077 401.458008 162.298157 134.679382
0 90.697777 497.636047 22.781387 20.9198
0 104.325615 315.360931 208.65123 247.193542
0 359.566559 230.414856 26.943237 24.477783
0 489.188141 233.560974 59.720154 46.633652
0 225.297241 248.159714 21.14798 20.066986
0 296.342651 542.853943 60.085876 53.244995
0 302.758942 92.718651 20.549194 18.854858
0 571.836975 607.813416 21.753906 20.655151
0 329.082336 309.558716 25.027222 23.981201
0 71.654198 283.24292 21.193878 21.291382
0 489.458984 233.244125 104.81076 100.311859
0 320.141479 438.873962 36.86908 35.600464
0 330.616669 275.435425 74.722229 64.80751
0 324.286743 28.768639 83.908386 57.537277
0 260.405609 613.110229 82.279358 53.779602
0 306.867676 399.261078 28.215393 24.84021
0 539.576904 563.053345 24.700928 20.570557
0 164.308228 168.045837 21.471985 19.894928
0 304.519928 209.998581 21.944031 21.050568
0 148.52066 481.327057 80.035767 72.576843
0 113.823708 274.359619 18.951248 17.194702
0 56.772034 382.60379 105.897583 92.218567
0 570.131714 634.44751 21.393555 11.105042
0 268.313599 584.683167 79.506958 73.626831
0 154.067535 304.889526 25.521057 22.953064
0 79.48085 590.83844 152.537994 98.32312
0 237.857056 246.382965 128.994019 115.538635
