0 436.801178 334.424255 60.231262 49.74585
0 603.765015 135.988205 43.096069 39.105629
0 54.433678 319.348907 44.963512 38.627991
0 159.178497 157.038284 46.393707 36.636658
0 325.995514 15.507164 33.774902 28.806679
0 381.354797 38.73851 36.99939 30.139956
0 208.806396 233.189636 119.450317 101.984818
0 162.310684 64.105919 126.319885 108.608109
0 548.528137 620.511353 83.779907 38.977234
0 512.225098 166.830124 54.219513 45.590393
0 570.373352 157.288834 37.567627 32.482422
0 382.18689 364.919006 29.42041 24.709045
0 369.755615 209.000412 51.999634 45.693085
0 470.926788 35.402714 32.250793 28.455938
0 51.773113 450.369934 103.546227 165.941254
0 411.138123 25.207161 38.265625 34.806435
0 579.770508 233.225113 65.605225 59.468903
0 565.361389 80.495087 68.150146 58.483124
0 339.931824 448.256104 40.751587 39.962891
0 192.84903 450.407532 20.334137 20.566162
0 617.138 113.760872 25.751343 23.977402
0 200.453613 331.269653 61.311523 51.504333
0 576.267578 38.416191 24.2052 23.434898
0 266.907257 444.982727 31.726807 26.744263
0 392.669708 582.29541 23.371948 21.963501
0 611.150757 175.067123 55.075317 50.923126
0 613.415527 26.142548 40.964844 38.528854
0 138.027435 627.249817 39.085945 23.453369
0 337.762878 275.658264 26.806335 25.894409
0 423.12204 416.793579 34.612244 30.152588
0 296.822266 545.638916 25.527405 23.552246
0 288.157593 300.996521 34.287659 33.523071
0 565.212341 178.950836 34.100952 29.126495
0 11.227571 270.724701 22.455143 23.135437
0 239.022278 624.253662 73.922836 30.894897
0 25.463837 111.869385 50.150452 46.899689
0 428.103668 206.169067 58.391235 49.609772
0 457.18689 96.348145 156.391602 124.69931
0 79.522644 278.826111 24.066696 21.365234
0 544.027832 294.978638 22.243896 19.955383
0 165.538284 479.276062 22.965607 20.689575
0 59.814102 39.803764 113.076477 79.397842
0 485.542297 225.024307 56.41214 49.855621
0 121.255569 256.283905 71.802711 58.952347
0 439.388306 248.688232 59.196838 49.380493
0 13.409196 69.338837 26.818392 43.197495
0 106.344772 96.564789 55.091583 48.009216
0 499.617371 392.879791 46.671844 43.019226
0 442.697998 544.989258 20.963989 17.869019
0 108.849129 552.355591 45.048721 38.398438
0 31.121231 528.324951 61.817322 76.301483
0 380.46698 628.815796 18.338562 17.307373
0 504.976044 44.063076 35.391663 30.282837
0 565.166382 272.411591 23.723999 20.160461
0 32.35923 391.042908 64.71846 92.421936
0 579.58551 566.725525 34.586304 33.248657
0 517.05603 480.50592 35.284424 33.543823
0 225.402222 535.299072 22.056274 19.613281
0 125.640137 483.243622 38.596802 34.437073
0 117.729797 436.568115 19.29068 17.164795
