0 480.23111 250.222031 55.374023 49.968536
0 154.692535 406.584656 82.42807 72.845276
0 187.955002 299.292603 81.796783 79.16272
0 80.072311 322.435242 85.722382 82.186096
0 290.016541 113.196747 35.982422 35.673347
0 485.89093 41.428303 30.736389 26.111511
0 524.645569 146.168274 23.041504 22.537231
0 195.910416 554.306824 33.74762 32.705322
0 616.807983 291.394531 46.384094 48.273438
0 110.979889 153.980682 21.251205 20.755768
0 542.006653 395.309174 24.683472 23.535217
0 314.183136 52.51202 53.848022 44.61692
0 181.318817 216.737579 41.812317 37.76236
0 127.000725 261.043518 44.668625 40.533569
0 617.105652 322.358246 33.494141 31.598267
0 165.351669 481.100006 23.308136 21.820557
0 218.325684 340.398163 75.294952 66.493591
0 160.890549 241.525208 45.218292 42.045425
0 407.558044 241.120407 21.01355 18.882812
0 43.723904 83.73185 27.453796 26.042801
0 220.552444 89.793243 24.576996 24.108826
0 613.981689 12.437878 52.036621 24.875755
0 600.698059 356.393433 22.102295 22.032288
0 155.699417 450.050507 27.974915 25.242004
0 148.386887 153.710693 21.625885 20.173889
0 608.231201 55.750687 63.537537 105.122589
0 275.191986 579.959717 18.94519 17.534668
0 295.440186 353.052704 19.368225 18.244995
0 604.924377 110.936996 22.376465 21.517303
0 583.454712 202.773895 52.669678 44.984253
0 15.21295 486.960907 19.04776 19.284668
0 61.212074 263.77951 37.024982 30.702332
0 525.614746 332.315338 44.398285 40.04364
0 419.599152 190.711975 29.49939 25.516083
0 525.308594 439.117279 23.017334 23.438599
0 211.398315 195.75856 19.565704 17.859467
0 280.717987 594.301758 119.317078 91.396545
0 570.735413 310.42807 58.075195 58.998596
0 131.616577 445.555542 21.864624 21.735352
0 81.043121 485.046967 88.669388 76.349915
0 233.629959 11.481047 24.031433 22.336521
0 30.963047 511.253357 43.893578 39.546539
0 187.25267 635.381775 20.625336 9.23645
0 609.479919 186.101105 33.765137 29.939331
0 613.065674 500.96698 53.868713 71.101166
0 363.877533 307.439484 207.275757 173.111145
0 599.006348 396.055603 40.791382 32.287659
0 505.99707 589.124451 112.649658 92.007935
0 38.916435 282.083557 31.99127 27.813965
0 631.19812 422.432922 17.60376 55.501282
0 157.207733 572.926025 58.531799 54.952881
0 283.48996 5.045889 18.132446 9.568085
0 197.947937 462.283051 59.93335 54.54834
0 220.823441 71.279503 21.082794 19.793579
0 172.748779 226.797836 51.30896 46.009064
0 579.37738 90.315887 29.445312 27.480255
0 595.166748 297.546936 86.822388 62.725952
0 505.082245 211.271744 47.272156 42.256195
0 268.045532 363.230652 59.142593 62.233093
