0 33.63858 609.225281 45.104797 40.645874
0 572.085632 55.080475 36.119629 34.455231
0 339.970032 418.427307 35.09906 33.553345
0 84.502693 305.594452 36.435257 35.401611
0 296.367401 463.866455 23.669617 23.041931
0 305.707886 397.730377 34.181946 31.821472
0 527.813354 297.87796 24.207275 24.545898
0 82.651459 349.071716 21.268402 21.03064
0 85.72541 208.74559 23.480194 22.846039
0 483.444641 98.546326 21.51593 18.841415
0 61.808434 129.196884 20.163269 19.72699
0 420.843872 630.554382 45.082397 18.582031
0 532.381409 376.482056 18.62207 17.523865
0 98.315735 585.107178 85.164543 83.110718
0 49.82235 631.665222 22.003044 15.565552
0 291.489471 285.032684 46.449524 42.190613
0 469.832031 200.265793 19.620605 19.400421
0 159.096832 635.248108 16.648163 9.503784
