0 76.556808 508.735168 59.301785 58.825439
0 587.686646 266.224701 35.566284 32.953491
0 551.95105 103.171982 62.547974 65.987221
0 507.752533 62.074348 59.022034 59.121445
0 14.513382 472.644928 29.026764 36.741516
0 402.900513 608.216919 127.847168 63.566101
0 611.591858 175.703964 56.816284 58.503021
0 495.263367 214.870804 28.5896 25.028625
0 110.424309 403.392487 30.306808 27.837219
0 160.910583 117.465561 247.765854 216.190521
0 38.556664 616.867554 25.824287 22.822144
0 582.300537 150.764618 24.85437 22.021271
0 630.332642 209.768173 19.334778 23.221375
0 234.838501 607.762939 133.621094 64.474182
0 471.532257 273.141815 42.479675 37.847061
0 259.490662 30.269907 22.278381 20.475307
0 203.098663 283.567963 341.305481 240.028076
0 445.507568 393.844666 20.439148 16.981079
0 49.675789 43.114147 65.693497 61.486931
0 445.267334 545.956726 54.983826 50.065308
0 584.570984 470.403015 110.011719 173.838715
0 317.342834 159.845367 21.03833 20.941772
0 307.493896 448.757538 33.061096 30.294678
0 174.675339 550.86853 21.96936 20.470337
0 42.925072 25.04607 51.997406 43.522163
0 284.668579 316.766418 18.868469 18.103638
0 246.59967 473.739685 21.035263 17.840088
0 459.848877 299.694122 21.391174 18.34552
0 375.516357 574.820251 24.696411 22.370605
0 505.534027 497.421875 21.658386 19.298462
0 122.598541 591.390747 22.367104 19.950317
0 613.801697 229.958572 24.458374 21.063934
0 405.497223 242.36116 21.1427 18.71579
0 122.209229 87.954727 20.175591 19.65712
0 455.167542 57.679649 206.740021 115.359299
0 465.143372 508.146362 29.923157 27.751587
0 45.186317 467.217499 44.549786 41.959351
0 185.758423 453.70575 137.292969 124.65976
0 531.190857 583.945374 163.399323 108.109131
0 363.432434 46.220642 21.563965 21.695763
0 548.769531 185.318588 22.127808 19.22522
