0 475.631317 240.080429 65.638367 59.848358
0 155.918411 438.394012 129.455902 113.281799
0 230.518951 163.836884 31.640594 29.36676
0 78.94651 500.524841 33.622818 30.760864
0 564.531433 477.034058 36.310669 32.211914
0 413.750977 180.813919 60.368164 55.286713
0 577.829651 531.588501 34.135742 32.408813
0 103.537186 332.689392 26.516632 25.014954
0 254.926224 450.888062 52.706635 46.676819
0 400.872711 434.560974 23.910095 22.914246
0 13.265896 50.747543 26.531792 27.420258
0 77.237556 458.463043 25.750061 23.870178
0 152.286484 585.323242 76.384491 68.414307
0 373.308075 457.25885 22.256226 22.715454
0 58.431526 613.500549 23.53455 20.820923
0 54.59127 462.058411 31.649429 29.911926
0 562.870667 29.428734 70.690063 58.857468
0 369.501404 197.232742 39.161926 33.699524
0 243.585541 548.911865 40.660645 38.270874
0 153.678818 499.594055 27.259888 23.405579
0 80.100998 175.567169 21.976456 21.344727
0 175.70343 39.221916 168.935486 73.775711
0 264.121033 488.346375 23.665787 20.780029
0 51.041336 111.015228 98.2995 118.030708
0 371.603149 150.705109 30.031006 25.993713
0 505.423981 385.061035 110.359802 103.185181
0 433.164124 419.554138 318.986816 339.14151
0 596.855347 165.66217 65.896118 53.332947
0 488.780884 619.674622 41.050415 34.899902
0 525.356506 516.82074 24.017822 22.208862
0 590.663147 359.454987 98.673706 196.153564
0 35.408203 414.016846 24.6812 23.472656
0 126.966118 531.656616 19.150955 18.273438
0 203.749954 547.306274 34.359589 32.587646
0 437.122131 299.636719 212.793121 152.771118
