0 150.342316 69.753616 66.162102 55.679962
0 574.706604 546.662109 31.556396 29.006226
0 95.11747 134.419907 29.361465 26.944145
0 65.987869 178.706924 43.134243 38.05368
0 221.398621 523.889404 46.723389 42.332397
0 244.828949 373.36377 36.413559 33.314148
0 458.735474 16.593105 25.992065 24.208702
0 466.227142 338.867157 34.342896 28.816101
0 400.180847 373.128937 25.488159 24.656311
0 504.100952 542.923706 25.177856 22.380737
0 385.457153 422.52951 23.945129 22.199158
0 405.427979 319.940491 26.746582 24.157166
0 604.370544 157.106033 25.147827 24.659363
0 386.032379 154.700394 20.216736 18.738098
0 274.855652 588.653748 97.57428 86.894531
0 562.567505 199.1436 28.58606 25.160248
0 425.482025 339.675507 22.602112 21.253174
0 234.658676 418.625702 43.964691 38.391418
0 33.215553 463.668915 23.653168 22.623352
0 389.413025 305.745758 21.521301 19.442383
0 210.454849 350.73587 23.903625 22.153992
0 407.70929 399.842316 22.126343 21.102905
0 383.08783 338.717896 20.419373 19.445862
0 53.493248 11.128197 24.286362 19.852478
0 276.42865 114.734077 21.364258 19.403336
0 631.25592 331.838043 16.481201 19.112793
0 613.145142 341.653503 53.709717 80.626709
0 43.333694 361.721771 31.512207 27.748352
0 313.62616 457.466766 21.07196 17.891663
0 289.225372 205.372406 22.696777 19.132172
0 334.314758 428.131256 22.001648 19.125549
0 489.828247 319.311523 41.77301 36.269409
0 281.69809 553.065002 21.970581 20.337158
0 448.990417 567.399841 19.989319 18.529663
0 19.689289 37.664421 21.137562 17.643883
0 295.341675 458.80307 51.421631 46.129456
0 356.316223 426.330139 22.682922 18.754089
0 100.347412 8.471208 21.616211 16.942415
0 274.776459 485.171875 21.488892 22.016235
0 33.907799 590.590698 20.544075 19.019653
0 586.759399 358.651855 24.425415 21.802795
0 616.326904 402.391083 47.346191 55.126587
0 193.469193 467.330444 212.715912 217.700409
0 280.854523 528.998047 22.299316 19.802368
0 40.352135 56.457455 29.601362 27.753899
0 257.900208 314.271912 20.759903 21.390015
0 36.95076 371.791443 33.618698 28.958618
0 552.545471 263.138519 174.909027 129.681763
