0 144.134857 491.268158 35.141731 34.49408
0 348.718964 224.680908 30.776489 28.371033
0 629.589294 583.90918 20.821411 22.164917
0 617.47168 454.815369 25.959473 24.419678
0 552.331482 414.755066 21.62915 21.650085
0 139.661789 552.773804 52.423248 54.452026
0 55.042778 163.428375 21.55653 23.558807
0 427.026245 4.542785 28.380554 9.085569
0 64.368843 302.64444 31.628307 32.050537
0 624.058533 510.614502 18.284912 19.071014
0 163.95726 211.017853 36.118286 34.795959
0 116.460052 273.141205 29.002556 27.088684
0 479.472504 280.234802 20.199829 18.470581
0 588.299438 144.103271 36.248169 33.930023
0 362.266876 561.306885 91.305237 81.416016
0 43.85799 542.398376 23.235146 23.427246
0 296.782928 587.688232 46.526978 41.571289
0 226.153137 60.717819 20.537872 19.355606
0 205.266296 115.704819 58.944031 53.169136
0 180.335449 238.370422 30.569183 27.358459
0 556.882629 551.081665 21.521851 20.415527
0 41.176086 268.674744 51.9655 48.223083
0 123.268852 624.808228 38.815598 30.158691
0 217.071823 349.677979 38.936279 35.985474
0 162.13327 612.910522 51.843567 46.365845
0 306.25174 543.116516 38.362488 36.289795
0 218.069275 422.533508 41.238708 39.907288
0 169.991455 159.541519 35.534668 29.411469
0 565.109802 123.584648 21.440674 19.707687
0 539.386658 343.132751 18.20105 16.877075
0 551.716125 458.185242 22.060303 22.847168
0 185.750763 468.726929 60.526337 57.132324
0 257.501099 627.608459 30.03334 23.460449
0 550.683044 277.165375 20.457764 21.222961
0 153.701462 182.103668 44.747131 34.732178
0 627.400879 309.648895 25.198181 28.766541
0 176.549637 507.650574 33.43634 31.289154
