0 139.191666 590.175842 47.902824 43.406982
0 387.012543 553.865601 33.132568 31.706787
0 491.885345 405.069336 38.076172 37.592529
0 370.547302 98.671593 60.523193 54.568985
0 330.672028 294.062469 40.888672 38.448425
0 191.421997 374.225616 36.08728 35.53717
0 20.041893 8.972221 39.635086 17.933144
0 321.496521 606.63739 30.791321 27.697876
0 81.163101 524.971436 59.510651 51.363525
0 504.500702 442.940552 26.139954 25.301453
0 245.946991 496.029144 29.64299 27.220581
0 619.108215 306.246277 34.714478 33.332764
0 351.418274 338.427185 31.030212 28.754578
0 612.23584 369.28891 55.528381 68.38501
0 281.456696 332.501221 36.657227 31.651123
0 12.47773 37.601456 24.95546 25.908463
0 484.55365 373.841888 35.87085 31.721375
0 436.276978 459.146057 33.476318 28.221558
0 31.914455 75.160461 27.789452 26.693745
0 293.375275 285.423431 65.0448 63.447037
0 415.567078 157.86676 33.147644 29.148285
0 506.616272 535.778564 46.846222 40.574341
0 367.902191 29.944298 38.00354 34.444489
0 386.730438 511.494141 27.664307 24.610443
0 389.367767 374.46579 32.66687 29.510376
0 217.001648 527.918579 53.524841 46.271118
0 193.514587 624.446167 51.66626 30.889648
0 364.810242 355.273102 27.948914 25.747925
0 354.497253 599.704773 24.468689 22.786133
0 402.250275 276.894775 21.717102 19.956543
0 432.127869 477.370056 37.226318 33.352173
0 399.468994 338.374451 36.012512 35.865051
0 594.038025 521.912903 26.171387 23.200928
0 600.878052 221.511337 29.344482 26.817444
0 265.143066 474.898163 26.710449 25.56488
0 28.266857 125.969551 32.652939 29.370163
0 280.820648 431.729279 33.38501 31.493591
0 302.229431 74.403557 45.518494 40.320801
0 99.853127 175.943985 33.546951 28.004974
0 605.073853 146.977219 33.95459 31.093903
0 150.650604 628.010986 45.448059 23.977966
0 130.381927 405.835114 23.535614 21.254761
0 630.204224 501.203003 19.591614 27.152557
0 517.307007 470.794922 27.977753 26.8396
0 210.026443 581.467346 25.648285 23.697876
0 251.871643 67.21981 64.864182 56.178669
0 509.895233 577.596924 23.271667 21.247681
0 392.530792 132.077866 24.999146 23.027901
0 115.540421 6.264136 30.924255 12.412231
0 70.097282 578.327393 29.120899 26.247192
0 320.029297 328.833832 34.378784 30.866638
0 467.091339 294.701691 39.029114 37.554932
0 534.913818 516.818665 26.000488 25.174713
0 417.215149 217.728485 32.09729 30.43158
0 508.892395 512.434753 24.459717 22.303101
0 375.126709 174.706055 22.842529 21.759796
0 565.154114 414.768982 25.33374 22.674316
0 562.29248 542.059387 21.96936 20.001709
0 83.943619 150.030624 33.401886 30.166656
0 440.548492 562.04895 31.143372 27.313354
0 567.799011 566.844177 27.385864 24.259888
0 101.813469 282.493561 34.031967 32.73938
0 629.395386 588.985718 19.306396 22.390625
0 608.443237 271.145996 29.642212 26.051697
0 613.887695 162.365433 23.079102 20.491638
0 241.329529 20.462734 21.675049 19.584663
0 478.299133 121.513321 27.034668 25.386566
0 551.148987 301.020813 161.804779 153.844666
0 618.062622 463.807281 35.991577 34.4729
0 528.480469 392.804016 62.641968 62.271179
0 519.777222 348.63031 22.320831 19.778076
0 543.53479 341.82428 26.251587 27.906982
0 236.020096 631.592651 22.999939 15.538086
0 581.029968 597.074158 43.703857 35.833008
0 378.503113 10.405193 29.936279 20.781998
0 533.576538 631.309143 47.715118 16.357178
0 207.318359 474.726868 25.113953 24.419556
0 18.754646 54.582783 20.898087 20.228218
0 182.737595 587.791565 28.837189 27.014893
0 130.199554 563.28302 26.688751 22.680542
0 282.777649 199.787231 21.015015 18.995331
0 372.19635 302.08493 32.203064 28.260254
0 342.373962 464.408447 30.443176 29.393372
0 194.529068 72.276184 38.100616 34.3582
0 501.452698 115.674133 23.277618 21.621735
0 352.979736 151.474899 20.644958 18.707733
0 123.166183 474.465973 33.832741 30.880859
0 323.845459 568.258545 54.286621 48.426758
0 167.56369 510.591797 26.717987 25.624634
0 64.721382 242.351318 123.355515 161.364929
0 151.822708 428.742126 55.667694 47.227478
0 157.917953 56.944023 117.95929 99.080521
0 510.751617 173.658524 36.826965 31.722046
0 413.260529 119.738495 21.266968 20.473633
0 431.232178 71.02166 23.443237 19.689514
0 394.888458 535.767822 29.770752 23.87146
0 402.799103 325.314728 22.935852 21.327698
0 85.842361 141.735733 48.13327 43.903046
0 65.748444 421.132477 40.212494 36.032227
0 361.56308 257.330017 29.255127 26.409927
0 572.028992 354.116058 26.062256 24.507263
0 566.590332 483.201935 26.933716 26.862915
0 631.117065 244.292877 17.765869 22.835114
0 434.920593 289.621674 24.243896 20.734497
0 336.190247 248.186813 23.102661 23.64859
0 441.841095 630.557739 38.139221 18.88446
0 197.455124 520.320435 34.545227 30.083405
0 18.189747 399.29245 33.906364 53.772522
0 508.01239 72.04306 34.380035 30.743488
0 605.113464 373.400146 26.350586 20.03595
0 594.913696 193.879608 27.054199 25.863495
0 506.226074 12.866186 69.60022 25.732372
