0 49.733826 267.230682 29.972034 28.618042
0 561.915222 204.883667 26.224243 25.408752
0 512.456848 449.705048 23.782959 22.833191
0 323.434814 614.891052 25.335388 23.55127
0 81.800858 279.770599 35.046432 34.421204
0 240.124146 94.278656 18.728577 17.659302
0 46.074837 145.94426 41.057327 38.576874
0 203.403656 456.381561 20.50531 18.516052
0 524.911316 124.138809 37.598785 39.195778
0 332.902374 553.084045 46.313721 44.754028
0 342.40509 449.137695 41.521301 39.354736
0 346.570953 59.631348 99.865662 83.016083
0 128.220993 515.308899 55.003639 48.15332
0 395.600769 86.285896 26.833008 23.511734
0 231.233459 452.341034 29.970764 28.215149
