0 46.541203 606.226379 46.173775 39.759399
0 92.306015 26.90086 30.403992 28.47979
0 218.83197 287.237213 27.611633 24.987854
0 602.478271 287.487488 41.598145 37.886597
0 338.805634 628.967651 31.669739 22.064758
0 10.258774 328.033783 20.233749 23.004395
0 388.820862 630.05835 68.11731 19.264771
0 619.956604 379.557251 20.631958 19.442688
0 70.897102 323.863586 21.25351 20.735413
0 429.101807 104.089066 32.294434 30.997284
0 530.816528 68.343285 42.00589 42.258118
0 173.808075 383.864441 19.621277 19.631409
0 303.999756 443.887238 34.111389 32.935242
0 502.891876 140.988663 79.965027 72.414062
0 224.095306 320.632233 29.50174 27.198853
0 223.710831 454.033844 113.478485 96.030579
0 558.108398 534.825256 17.718994 17.134277
