0 201.338654 225.165985 46.509399 41.983887
0 415.244629 353.77652 27.450195 25.860229
0 575.429993 448.842194 34.348145 32.523132
0 27.713142 507.593964 34.455902 32.607239
0 600.528687 219.189331 78.942627 126.958328
0 267.950867 456.802551 68.673508 60.960327
0 356.86084 551.787292 22.299805 21.546143
0 508.511108 467.392578 90.18576 77.560303
0 125.456924 535.276489 37.859222 34.532471
0 402.43457 199.743332 71.937317 61.093384
0 179.101212 493.024139 20.84964 17.021301
0 220.582153 610.473083 56.79718 53.754517
0 50.412521 295.312134 27.848495 27.24115
0 62.209976 567.061523 110.187042 102.952271
0 177.620163 627.117371 47.816284 22.161255
0 488.944824 12.553448 34.310547 25.106895
0 472.217621 179.69104 60.687012 56.157715
0 126.201324 275.288239 75.274605 73.27063
0 391.958801 106.66993 45.291504 42.797928
0 140.450943 570.821655 54.775215 48.223999
0 547.009216 264.253906 67.721191 61.723389
0 500.725098 217.918182 40.739166 40.031403
0 566.34729 82.040695 147.305359 164.08139
