0 558.305176 405.192322 22.347412 21.138
0 594.109619 117.383011 25.921753 24.709778
0 463.148254 281.418488 20.490479 20.059448
0 110.460365 163.047638 32.226898 31.0896
0 605.818665 333.171814 21.940186 21.855408
0 290.557312 335.266296 18.947693 17.93335
0 52.232849 103.433502 38.670227 32.872116
0 633.00647 434.322998 13.987122 20.642944
0 582.064819 453.968842 19.862915 19.358887
0 178.109329 89.220695 45.865753 42.354019
0 7.086905 6.28758 14.173809 12.161228
0 562.735229 277.539551 18.838135 18.119995
0 100.18483 181.265518 22.41095 18.970428
0 52.342926 606.856812 16.813583 17.129517
0 429.471649 628.987366 25.200256 21.884766
0 438.03656 598.109131 28.945984 26.042358
0 592.407227 580.231995 18.928711 18.116577
0 618.481445 176.783142 31.668213 32.097473
0 128.845428 97.351822 33.799286 33.315186
0 88.090584 114.618942 35.079453 33.848549
0 433.098816 338.730133 16.51123 16.896912
0 626.408691 312.095123 22.643066 21.649597
