0 514.635559 282.379456 52.390381 50.059265
0 348.256134 180.794846 69.339905 62.088593
0 169.681686 363.059357 41.830109 39.973328
0 306.866241 134.112732 61.893188 59.609833
0 444.777679 332.62677 28.508179 25.277771
0 442.012848 605.418762 37.099426 34.122314
0 246.221527 581.034302 28.507141 25.327515
0 115.571304 350.055176 39.419945 35.095215
0 145.92746 574.883728 158.983215 121.335449
0 350.666656 48.59589 53.692993 50.798302
0 517.268616 150.811707 68.230591 58.383949
0 511.016602 573.092346 52.44693 47.783325
0 609.564209 488.309418 36.194336 33.448425
0 47.602489 529.710999 22.934654 21.843994
0 162.580368 286.832397 24.199951 22.01886
0 260.940765 412.883423 35.460861 32.559265
0 502.285339 437.59082 24.565277 23.429688
0 280.667847 191.140549 27.688416 24.16568
0 164.120544 249.323074 26.59436 24.013092
0 232.488647 483.430054 21.928558 22.249817
0 488.861847 332.403809 27.01593 25.854309
0 537.008667 516.806152 43.472168 38.748169
0 351.903809 595.152466 28.864258 27.733154
0 633.030273 301.27655 13.939514 20.494751
0 563.077698 576.145874 30.445068 27.792725
0 45.09272 111.442238 39.137756 30.643143
0 512.139038 477.63739 40.074951 35.188049
0 449.826233 449.749969 53.036133 46.598694
0 303.18042 472.793304 24.734558 23.082275
0 449.306244 578.894165 21.623657 22.541748
0 317.121155 34.881428 33.931885 33.324547
0 545.920532 293.014526 21.493774 22.250549
0 135.456924 264.839752 21.09613 19.964218
0 281.94458 396.299591 30.031311 28.722046
0 455.500366 502.331665 28.452393 26.463287
0 391.00882 386.096039 19.374084 18.281616
0 230.775452 397.414978 21.198669 20.403259
0 633.246216 614.193909 13.507629 25.619507
0 537.20636 622.315247 22.345337 20.4104
0 97.849411 326.690674 19.93631 20.040588
0 569.737915 281.114258 27.039795 23.273254
0 150.728058 80.166245 22.321533 20.627914
0 181.411285 335.921326 22.441772 21.783081
0 441.715454 301.400238 35.050415 30.491882
0 414.677094 279.646454 34.646179 32.533264
0 523.357483 494.980469 38.748566 36.555634
0 472.922913 148.943497 24.195129 21.856049
0 202.34285 296.20224 23.960327 21.303711
0 249.848877 364.392853 25.475418 23.102356
0 551.184082 549.170959 46.045776 40.167236
0 122.268639 378.894928 24.771072 22.172424
0 67.284393 536.670105 23.510784 21.665771
0 19.035156 343.386719 38.070312 44.397583
0 273.546387 330.274689 73.363663 68.126526
0 358.47525 429.441681 49.209961 43.197266
0 142.888641 556.228577 26.673676 24.706299
0 355.847443 621.654114 61.149109 36.691772
0 205.382233 395.655548 19.446838 20.074402
0 239.914673 181.634964 22.04068 22.974579
0 331.55484 603.518677 19.176453 18.188843
0 338.052032 78.932404 29.049683 24.070557
0 476.85257 435.139252 23.508301 20.907104
0 316.09967 527.34436 22.42804 18.708496
0 172.148438 467.319916 21.569336 20.219666
0 378.268677 630.43219 24.723572 19.13562
0 163.731232 156.328537 21.950562 18.86911
0 507.266541 18.176992 26.500946 26.87254
0 298.522949 420.770081 36.573364 31.725037
0 555.96106 605.460938 22.890137 22.470337
0 149.656128 230.517517 20.124939 18.995911
0 189.252106 316.304474 24.123444 21.890442
0 285.763245 454.445831 23.872192 22.194336
0 294.35376 87.282669 24.512085 21.608383
0 378.994232 133.588791 87.080872 72.982178
0 560.316101 542.56781 28.642578 25.360718
0 151.253281 210.221069 20.464996 18.613007
0 168.956192 179.041611 18.010101 17.481384
0 308.648438 387.162994 57.259521 51.589233
0 538.99115 438.714203 23.245728 19.465942
0 484.1203 516.569153 49.151978 45.23349
0 628.581482 357.958435 17.722168 16.629089
0 328.318726 157.941391 37.606506 35.753052
0 268.95871 443.114899 22.238647 21.238464
0 531.918396 413.565399 20.529541 17.606384
0 154.543884 89.830307 20.61438 18.267075
0 505.692139 191.155731 35.512604 32.262756
0 609.701965 163.920532 59.173828 68.425781
0 46.137222 349.595276 22.873596 20.623901
0 376.105621 220.351379 23.969116 22.169342
0 329.051941 34.047367 66.016724 49.228218
