0 241.384155 585.068542 126.322342 107.570435
0 241.673157 501.789185 30.347488 28.195831
0 217.732269 528.015076 45.609833 40.089111
0 160.164474 218.930725 28.521973 26.037994
0 467.574524 48.057049 33.517212 27.937775
0 214.600159 19.44257 128.46167 38.885139
0 412.639893 25.893814 27.072571 23.56624
0 325.884216 617.243652 28.134888 25.332153
0 592.022766 193.850983 26.512329 24.439056
0 616.514648 617.636841 46.970764 43.754395
0 450.675476 143.294861 32.996765 28.1745
0 53.565643 27.676922 23.590794 19.90267
0 504.747009 560.59729 96.542206 82.333984
0 531.390198 310.568909 24.401489 21.711609
0 69.760025 610.790039 115.05603 58.419861
0 177.458984 543.140686 45.853088 44.378784
0 123.594322 556.736755 111.93187 102.305542
0 468.183044 343.787811 332.143799 328.051819
0 150.318237 626.585876 27.209351 23.298218
0 607.334106 563.817627 57.592041 56.997681
0 309.490814 167.995255 23.810425 21.400604
0 569.784729 306.414368 19.448608 18.059021
0 424.194489 295.271484 19.327454 18.680115
0 586.172119 112.46048 32.26709 27.512924
0 625.339294 102.635338 24.223755 20.633591
0 16.787777 239.968887 32.85347 77.239899
0 105.622078 413.74884 17.655701 16.37384
0 194.562103 344.478241 19.514465 17.008789
0 582.291443 91.653885 21.130005 17.511871
0 430.851257 428.650543 20.066284 19.056946
0 435.264526 499.808411 47.430603 41.109344
