0 184.227448 229.758484 36.776031 34.920929
0 108.982307 100.881393 35.001572 33.896088
0 553.482239 358.738678 25.199951 25.865662
0 626.627441 583.372803 26.745178 34.030273
0 131.578995 599.594238 24.604919 22.881958
0 123.502953 424.727692 20.5327 20.639893
0 406.041077 574.668701 21.211426 20.75708
0 364.90094 12.490767 22.785767 22.086834
0 7.653328 445.789825 15.306657 21.274902
0 307.556274 88.322311 25.269165 23.057327
0 545.561646 52.402149 22.670044 22.99453
0 146.283279 415.61377 19.978851 18.874207
0 282.188904 356.008331 19.560181 19.188293
0 33.709507 239.058365 21.300756 20.963013
0 602.861877 5.291142 20.626099 9.231842
0 454.30069 560.923828 31.322266 26.919189
0 494.166046 415.961945 30.414246 29.20575
