0 447.313446 588.294312 87.03949 72.686401
0 305.143127 442.288971 107.577515 85.059387
0 371.440826 363.405457 37.667114 34.279297
0 389.254242 236.908249 35.130676 31.68631
0 464.97821 314.967468 54.606689 54.943237
0 33.848358 519.454041 49.694168 39.600861
0 330.657379 106.256699 30.111877 27.646835
0 357.075378 294.855652 28.855469 23.763611
0 472.717682 65.595245 35.01123 30.725754
0 268.475403 127.699921 26.426071 24.445679
0 495.822906 522.945374 28.295593 25.621735
0 436.658691 220.340759 46.662415 41.001129
0 577.913208 495.589935 23.424316 22.07489
0 296.298157 232.481476 49.00415 43.746552
0 505.144043 230.666 47.47644 41.595703
0 246.238968 567.978333 47.820221 40.625488
0 423.136566 314.470184 40.294922 36.984558
0 222.430466 281.843292 35.28363 32.799072
0 511.873016 25.629221 27.804749 24.537403
0 36.761288 220.567963 43.468407 39.22934
0 460.021271 511.531799 76.675598 73.032501
0 87.365509 492.635925 28.098114 24.382874
0 273.507904 547.484497 23.876648 21.618896
0 292.16507 282.505554 26.683655 23.364197
0 525.343445 120.342117 51.684448 42.115448
0 617.746643 445.239227 44.147705 43.505859
0 317.430389 367.560455 92.743958 82.319031
0 153.959137 227.130432 24.57901 23.192139
0 241.862 383.197479 61.770569 54.41748
0 595.477478 355.345917 86.648071 99.930054
0 134.063553 299.761017 103.703308 90.980286
0 626.568665 336.789154 17.937744 18.148804
0 127.515366 436.114075 28.423889 23.256226
0 370.53006 101.940193 23.238708 21.348648
0 372.103821 519.601501 32.376526 30.06076
0 406.479156 394.123505 132.819275 131.618103
0 85.847679 220.925812 41.040573 35.502502
0 171.088303 634.109192 27.146118 11.781616
0 176.361664 238.772812 22.054199 21.228546
0 583.1698 430.731354 28.00647 24.816101
0 384.80484 484.44519 107.949158 84.039276
0 66.819275 465.200378 51.94696 39.763916
0 112.222931 487.677765 23.833328 19.826172
0 602.761719 634.248169 24.388306 11.503723
0 432.312714 398.435425 21.31897 19.838196
0 88.655212 464.403076 31.174698 29.603271
0 140.143707 480.142548 26.953064 24.746277
0 40.403816 141.126831 23.320656 21.249237
0 239.162933 606.912842 23.540588 21.399414
0 199.190933 339.078491 93.495911 82.350708
0 245.096451 268.834106 22.180389 20.993713
0 196.231323 363.9245 136.412781 117.545105
0 539.547058 384.154968 45.843384 38.104553
0 221.501587 268.921692 23.565582 18.86438
0 310.377441 160.338348 24.269043 21.808289
0 435.619751 466.831848 22.166992 20.768677
