0 306.101288 88.034012 51.061218 43.75264
0 576.894775 54.463009 53.441162 48.588051
0 228.257874 12.744142 33.808533 25.488283
0 32.052032 112.005859 47.126625 43.358856
0 191.336594 115.082222 25.414948 24.81929
0 160.852325 59.981232 21.818298 22.013325
0 125.045937 20.373865 36.868454 34.119282
0 228.379105 129.718475 21.771149 20.075836
0 192.821274 401.406982 19.257111 19.957336
0 513.693054 216.937698 24.030548 21.701355
0 323.704742 8.345909 34.646973 16.156403
0 536.508057 47.73555 21.653687 20.169334
0 190.796494 219.991241 22.289459 21.993378
0 537.359497 630.886292 28.196411 18.227417
0 293.717346 27.754938 62.917358 49.18877
0 14.934294 134.891449 29.602188 29.286407
0 259.360138 514.664795 19.069016 17.740753
0 495.269653 375.689575 68.10965 68.537659
0 6.320976 206.059204 12.641953 25.307556
0 45.698814 38.590641 55.469223 50.223007
0 61.786865 140.022888 45.064468 40.944832
0 162.744568 272.983948 69.002869 73.804077
