0 308.430542 357.772217 104.680603 95.275879
0 566.084595 580.586609 139.483246 118.034424
0 230.037292 231.503952 81.839127 77.538116
0 436.92627 134.78479 200.858032 210.82312
0 620.899597 166.225723 23.820679 20.68222
0 627.681641 69.224556 24.636719 35.56543
0 163.323883 322.633148 21.1008 19.529114
0 192.630569 22.126076 77.434479 44.252151
0 11.529325 120.639313 23.058651 25.882111
0 559.231079 21.502769 95.097626 43.005539
0 620.660522 24.771679 38.678955 48.875725
0 377.260254 8.618795 55.152893 16.653858
0 608.994385 487.785095 61.569702 69.430023
0 379.604584 276.520905 103.03241 87.067017
0 27.024342 47.093201 46.098656 46.345608
0 594.846497 20.562168 90.307007 41.124336
0 13.358139 9.587267 26.601524 18.633022
0 403.655029 549.634399 19.924011 17.125854
0 236.443237 482.456512 17.610077 16.009521
