0 526.535278 100.76049 47.605621 43.24794
0 402.226868 488.264465 21.659546 20.047241
0 547.705383 302.228516 37.090942 34.270081
0 506.986877 133.826904 28.577393 26.731781
0 610.044495 632.653564 27.279419 14.692871
0 259.119629 631.927124 27.273132 16.145813
0 447.862122 88.602592 25.929626 23.434372
0 601.370972 113.331894 38.903076 37.910187
0 634.459106 68.428429 10.880493 22.976227
0 525.978455 320.791779 20.727295 19.117493
0 617.070801 165.324219 36.001221 33.84314
0 148.102783 457.20639 19.942444 19.782593
