0 135.440063 220.267014 123.659615 109.469818
0 212.880234 367.171906 116.97879 121.674377
0 73.071518 308.813202 119.931335 125.30571
0 86.291855 618.875305 37.162506 33.370117
0 475.432312 159.915161 257.297363 235.615295
0 472.818695 13.891451 32.832886 27.782902
0 368.208008 478.616425 26.790894 23.737732
0 285.437927 135.553558 97.105042 84.384735
0 257.527222 67.939865 68.717468 59.653061
0 529.903564 314.497925 21.101685 20.431091
0 236.885712 21.531654 83.807938 43.063309
0 331.875183 32.225601 117.067932 64.451202
0 143.353683 219.848587 26.850433 28.744965
0 550.741943 466.77179 49.794067 45.732544
0 32.862389 60.655533 63.348404 121.311066
0 584.215088 70.106888 47.625244 44.784851
0 40.795277 380.41095 48.856026 49.296143
0 399.5737 571.969727 306.783386 130.429565
0 425.395233 402.310974 22.470398 19.22644
0 75.947983 633.375122 25.684296 13.249817
0 190.847443 56.349854 59.553894 53.251862
0 358.281128 21.581261 63.017822 42.29245
0 384.401184 51.599701 36.945374 30.711727
0 368.419647 314.713867 17.421936 16.477844
0 127.16188 25.324009 151.456268 50.505959
0 427.502655 484.663635 31.320557 27.983154
0 453.002045 498.309692 28.135681 26.852295
0 440.045654 634.588013 20.583618 10.824036
0 167.8423 116.031296 20.103668 18.34433
0 592.501221 583.656738 94.997559 112.686584
0 615.748108 253.204834 24.453003 22.971191
0 607.927979 92.636993 20.096191 17.246735
0 45.983833 100.431633 33.6119 30.424835
0 379.851471 633.394287 22.091675 13.211487
0 595.833557 610.226807 18.008667 15.245605
