0 376.520996 100.692062 146.109863 116.04776
0 185.405762 245.670593 86.553345 82.435242
0 563.904358 206.662857 97.901367 82.993896
0 181.820343 348.572327 99.462219 82.960205
0 115.698364 27.375607 78.221497 54.362534
0 455.434875 300.573578 218.424286 175.458923
0 258.412567 106.928345 42.79805 39.072754
0 193.594635 187.398926 49.018982 41.900391
0 406.458679 387.571503 38.405029 30.983154
0 618.895935 401.728241 36.042114 34.383606
0 298.426819 144.527283 48.414917 43.507172
0 442.411621 444.205597 78.401672 68.892578
0 77.14624 625.093384 37.908981 26.148193
0 505.056641 505.955383 26.798798 23.247955
0 305.932007 326.566833 36.51062 33.066711
0 466.411316 221.975739 59.026672 51.67868
0 40.938942 577.204468 31.249071 25.846436
0 72.221298 400.547943 134.841705 105.737183
0 230.870148 150.387344 103.814758 80.973816
0 455.377869 151.990723 27.567749 21.964081
0 282.497253 195.361649 26.1427 23.810059
0 54.99025 527.995544 49.070511 39.249725
0 344.020233 291.069885 22.079285 21.474548
0 83.505432 260.693237 26.54097 22.801163
0 168.060532 113.684326 26.926727 24.425949
0 415.391357 223.222275 27.96814 22.980438
0 56.852791 190.249176 72.218918 72.220581
0 317.667938 236.15451 56.691345 48.347107
0 32.757885 475.163849 49.347351 45.955872
0 349.918243 81.971375 19.366516 18.424316
0 581.739258 154.342575 65.216797 51.58606
0 12.779866 285.37854 23.808195 22.007141
0 290.498596 101.970116 32.181885 34.569962
0 319.79715 204.060394 25.917847 24.931824
0 297.414948 251.344345 31.304871 27.502777
0 372.591644 52.511059 25.122559 21.409737
0 262.339569 341.931366 61.597977 47.843445
0 98.628365 305.761353 48.911392 44.850098
0 350.045471 264.649597 43.020203 35.939194
0 244.394806 188.282257 46.310684 36.283295
0 20.9095 617.904236 41.819 36.671387
0 583.982788 171.754196 48.982422 39.241333
0 344.330994 27.106796 71.955872 53.72757
0 286.211792 276.104584 22.21228 19.985046
0 137.341629 291.129517 51.098572 46.511169
0 13.178352 446.867981 26.197098 34.000732
0 71.004646 108.731056 31.976593 30.107834
0 430.489746 109.718948 28.256226 24.518005
0 569.099365 546.908081 19.294922 17.556396
0 74.124649 571.917358 28.698994 25.315674
0 128.467148 101.642212 44.009407 41.5233
0 608.992615 501.283539 35.639282 37.691589
0 164.445312 9.878052 42.044373 18.767059
0 73.876671 509.549377 28.564056 25.541595
0 501.291901 190.366898 29.150085 24.375397
0 10.408763 266.067841 20.817526 28.455688
0 43.564774 267.52536 53.786209 49.339432
0 308.7836 182.95665 31.10553 28.273132
0 508.223267 418.443359 90.028229 80.458435
0 382.7099 634.374512 23.217712 11.251038
