0 309.189178 218.256256 138.886429 130.056091
0 21.055117 416.340179 42.110233 41.643433
0 268.276276 398.306305 46.409225 45.262634
0 436.838379 618.351562 64.376465 43.296875
0 526.772766 274.082581 118.560303 105.842285
0 60.865952 374.104858 34.756992 32.020142
0 371.472931 614.367249 58.068054 51.265503
0 60.88414 617.719055 47.654694 41.906372
0 97.152313 345.270752 32.433777 30.147888
0 605.937256 30.443413 62.791992 56.291725
0 97.972298 68.78363 64.112686 57.040066
0 162.476959 513.481262 260.92865 239.384399
0 509.485168 33.877987 42.971344 38.25853
0 423.468811 422.675842 24.91803 22.335449
0 392.185822 368.188477 205.43103 159.727478
0 32.223557 206.44838 64.447113 124.809906
0 135.810928 20.01252 65.93219 40.02504
0 537.508301 393.190338 119.091553 105.61908
0 410.352814 272.639587 122.641907 102.650879
0 317.028137 497.916168 24.703125 21.774353
0 596.400879 213.770782 87.198303 118.781128
0 314.828064 515.724915 21.455811 18.879028
0 91.496284 373.519012 28.579987 26.232117
0 514.224487 511.060211 24.371735 22.026428
0 24.93745 36.75753 49.448997 50.291611
0 192.740051 207.070618 129.633163 127.195114
0 632.206177 564.337097 15.587708 52.236328
0 73.321297 327.119446 22.204285 20.786072
0 568.705505 9.220371 39.348511 18.440742
0 608.240723 415.398041 32.279175 29.383423
0 593.704102 531.390625 92.591797 113.599823
0 419.101471 64.546974 19.081299 18.31311
0 139.112061 75.841522 22.310829 19.771347
0 26.27203 617.097961 17.563559 18.401978
0 63.44545 49.773808 40.075409 40.961861
0 381.47171 522.252014 204.224182 181.633881
0 85.544067 175.731964 22.828064 19.886719
0 253.916992 599.590637 50.887833 44.757935
0 211.916138 276.64798 21.676605 19.354736
0 452.282043 153.447525 42.673096 38.221497
