0 173.506943 395.06781 33.194489 30.208679
0 86.349747 420.044861 29.333023 28.180298
0 241.822235 148.442474 61.135117 56.525146
0 374.254547 141.978302 30.475525 26.544373
0 458.599213 564.142944 38.712708 39.585083
0 255.99234 275.896973 211.35553 227.210144
0 552.827759 263.438721 44.610474 43.568741
0 525.539795 379.346985 37.745728 34.719543
0 165.843964 103.464264 26.564331 25.05957
0 283.217072 79.769867 34.403931 32.994198
0 442.966003 13.962488 25.24884 23.111877
0 64.149406 69.862091 24.101551 23.075409
0 220.252289 14.588221 76.735596 27.633198
0 122.520576 74.468582 22.558945 21.941742
0 97.778992 309.966766 20.012238 19.180542
0 429.44281 270.883545 20.78125 19.84021
0 53.002922 314.815094 24.57901 21.424194
0 125.741882 253.272949 21.656776 21.894455
0 17.82827 322.885284 20.076675 19.674194
0 524.253601 587.161255 20.080933 19.021362
0 30.929333 30.605297 20.977829 20.930719
0 158.499786 423.987946 19.774628 18.46051
0 546.88446 36.92709 19.015015 17.156937
0 117.030914 148.523956 17.855331 16.066467
0 505.498749 46.02964 17.589539 15.834038
0 453.524902 96.546654 20.418274 18.227066
0 630.294861 396.011108 17.72876 17.180603
0 619.694397 632.866028 16.811279 12.84668
0 413.210815 264.042908 22.112 19.826721
0 516.793152 310.246979 20.869781 17.094604
0 187.224762 157.326584 26.424561 22.383789
0 470.287659 110.774704 18.537048 18.222076
0 537.51123 309.880676 20.10437 17.377625
0 599.935852 200.499329 20.655273 17.611755
0 154.791138 89.026939 19.127136 15.772995
0 102.928879 275.193665 19.603729 18.27832
0 523.406006 108.99054 19.35437 17.373489
0 506.946289 260.560455 22.310181 20.999084
0 388.182739 625.479004 16.70929 15.673462
0 551.676758 5.194098 22.384766 10.388195
0 78.474243 57.080765 23.898224 19.966305
