0 165.453476 316.332642 33.247192 30.482971
0 48.133667 131.947021 35.146816 33.589569
0 24.008602 461.159271 34.603363 34.234558
0 115.881454 334.82428 25.521599 24.053833
0 610.168945 341.404114 25.407837 24.961121
0 283.830688 618.337158 22.434631 21.554321
0 62.508553 620.498901 24.713333 24.759644
0 466.53537 539.346863 25.599548 25.324097
0 14.178572 526.223999 25.742352 25.000122
0 161.618195 49.866585 212.834717 95.021408
0 27.320875 346.001099 22.4828 20.815369
0 529.862183 225.24675 21.675171 21.547852
0 579.642883 205.596466 94.662842 100.16156
0 547.975708 9.685188 21.682861 18.199333
0 619.234314 543.628235 19.759644 18.751465
0 498.541016 315.554779 149.212799 154.211624
0 432.718048 279.533478 23.897644 25.350769
0 307.485901 381.990631 26.079773 23.078003
0 324.632263 147.278809 289.315552 281.590698
0 442.71817 627.532288 33.12915 22.435059
0 441.9487 70.055817 98.731323 78.84407
0 6.449788 568.767578 12.899576 17.110962
0 133.711319 310.060608 20.194824 18.887512
0 434.268402 7.356826 24.681396 14.713652
0 53.248096 617.907776 24.542046 19.452026
0 306.415588 348.023407 27.779602 24.785095
0 5.79989 609.164795 11.599779 19.843384
0 48.448219 400.730316 20.429947 17.675842
0 430.738098 437.56012 17.345764 17.237671
0 395.339935 572.311096 22.12616 18.19812
0 65.669548 111.65976 20.322311 19.503159
0 438.338806 95.11779 23.237671 17.927139
0 634.136108 396.597076 11.727783 17.690186
