0 101.594757 355.884735 75.346741 62.179443
0 43.321686 155.602127 34.826645 33.925629
0 69.015656 47.103638 28.5448 25.202271
0 305.000061 378.523834 120.419556 132.588135
0 171.577316 135.638458 38.877167 39.295044
0 59.007126 90.339928 23.804764 22.60318
0 313.983917 116.903 35.187805 33.325989
0 257.515686 144.348373 27.557556 25.940063
0 186.061783 626.390747 35.37207 27.218506
0 525.19751 492.635925 222.729004 278.499878
0 621.484131 534.73999 37.031738 73.144043
0 200.380447 579.789978 26.698517 23.579102
0 337.825897 520.947205 24.672363 22.895416
0 87.350243 225.858643 59.362503 53.677643
0 172.555893 394.229492 161.393768 150.053772
0 310.56311 271.174622 48.983948 43.693924
0 187.332169 597.902405 23.729736 23.028564
0 454.764282 369.590149 31.004028 28.514343
0 353.616333 497.246552 23.99231 21.973267
0 549.635803 242.324051 178.570526 183.512115
0 28.675501 220.246918 19.402805 17.461731
0 233.383698 482.132019 106.471664 94.322113
0 548.48291 156.096085 24.642822 21.460846
0 168.549377 400.930786 22.474915 17.060181
0 190.259888 614.978088 31.346252 23.440918
0 591.231934 510.179657 29.779297 28.982971
0 557.942871 126.230194 41.461914 37.797661
0 70.887993 71.886124 22.466095 21.308193
0 193.856613 93.991211 22.543427 18.88208
0 219.041183 129.456665 18.667877 17.052338
0 264.1138 616.242798 63.100967 46.356812
0 138.710632 190.659775 19.540314 17.700317
0 370.743469 244.358246 93.234253 84.753342
0 399.084534 170.684341 102.391235 83.703522
0 148.088989 73.745705 37.563446 35.537933
