0 103.922569 178.507645 34.994858 33.649567
0 37.935349 464.739014 45.001343 41.564941
0 21.087742 423.594482 30.130167 27.794617
0 106.030258 150.731049 26.336166 24.168427
0 11.398104 396.580719 22.796207 29.592346
0 422.523865 336.150146 27.635071 26.333374
0 507.435913 23.076401 30.828278 28.753145
0 10.439988 213.777863 20.879976 21.781708
0 165.45546 265.953979 28.300842 26.191162
0 94.4198 279.413696 60.919235 60.74176
0 279.885101 504.621704 24.116882 17.641479
0 502.107422 505.68634 21.65686 16.105804
0 288.895477 265.441101 25.34436 23.773926
0 73.103638 501.591003 37.323765 25.624023
0 607.157471 192.173721 20.102417 19.55777
0 155.700287 60.154697 19.251129 18.884972
0 171.564651 373.192963 57.457703 50.567749
0 468.956787 248.214905 29.932373 25.31987
0 409.528595 119.287575 32.822815 25.408951
0 41.3307 252.361557 47.06768 40.419647
0 406.99585 138.066071 46.469055 40.224541
0 389.437683 459.420166 20.123413 17.622925
0 14.635418 278.85965 29.114021 36.420105
0 339.526825 141.272293 28.240417 25.032623
0 398.721863 391.89682 21.592163 19.666504
0 6.854176 439.856781 13.660027 20.012756
0 567.057129 117.489372 24.32312 21.721939
0 630.573547 100.367203 15.233521 16.009171
