0 116.309753 282.296814 63.107666 57.81279
0 216.203201 511.789093 113.787567 99.4422
0 294.663422 466.207703 79.901169 70.408752
0 398.214264 590.861816 82.075256 77.19043
0 218.055847 600.908081 88.829239 78.183777
0 564.781189 436.48233 39.614746 34.801147
0 141.524323 467.006226 45.086494 41.337769
0 447.040924 488.943268 29.442444 26.911743
0 353.053009 373.059937 24.500061 23.418762
0 319.655487 588.569275 59.954468 51.874512
0 125.329636 629.614746 31.595306 20.770447
0 178.12645 414.047333 29.994232 25.861572
0 368.659698 141.525116 27.705383 24.814514
0 40.401695 151.600891 25.64113 23.200378
0 14.884085 146.425049 29.768169 34.367188
0 343.492065 619.266602 101.303711 41.466736
0 196.24379 182.266724 56.826874 44.074249
0 413.338562 90.997879 28.577759 26.762924
0 124.091583 162.865906 25.17881 22.458008
0 259.694397 568.859192 35.371277 34.320557
0 108.646194 58.882801 23.918579 20.896736
0 292.27652 511.025604 28.67218 24.279236
0 126.313683 75.794518 24.392471 22.834396
0 185.223038 337.818756 61.372406 49.009338
0 11.775456 177.380875 23.550913 27.536255
0 439.357452 516.796753 47.962158 43.268311
0 121.153275 183.302155 23.905373 20.746735
0 62.90992 238.515686 21.91391 20.552795
0 605.653748 388.494629 24.138672 22.245422
0 407.357422 517.444641 26.376099 22.595337
0 570.863525 173.560059 135.447845 167.281601
0 588.741028 142.640732 35.927124 43.144928
0 4.79613 367.961884 9.59226 26.26239
0 343.377014 510.234283 69.710205 54.965393
0 181.79863 457.199646 38.13562 37.798401
0 71.414078 55.506138 22.639679 21.681328
0 124.302376 385.770813 42.489731 36.773865
0 178.185852 13.02626 39.883667 26.052521
0 303.087891 381.162109 34.520874 31.024902
0 104.675629 503.12616 28.118149 24.610718
0 490.556488 401.825287 40.005798 36.065125
0 550.996155 124.679901 178.00769 249.359802
0 344.545868 532.935425 21.534912 19.217529
0 545.644592 512.65741 20.021851 17.085236
0 323.766388 431.680542 40.748718 36.108704
0 460.254364 230.239624 45.243591 38.228607
0 215.312103 453.549347 54.049469 47.898315
0 520.024902 300.546997 20.700562 20.483826
0 166.456543 322.402863 24.011353 21.160217
0 77.460411 200.171295 21.413986 18.241425
0 44.825928 395.881134 27.821739 22.062378
0 251.320602 209.982849 41.947052 37.415466
0 331.405365 572.512024 82.747253 77.126709
0 157.649139 564.876831 65.401031 55.268555
0 111.002579 517.409058 61.163544 59.078766
0 343.0672 553.414795 71.518677 54.649048
