0 135.675476 508.749939 58.505249 54.086212
0 251.875488 458.69043 52.047104 46.340698
0 261.222992 375.867828 50.014038 43.38385
0 554.299072 264.930298 165.925659 214.321518
0 262.659821 418.514343 60.603943 50.168701
0 366.275238 296.804077 43.469299 39.076721
0 219.578278 284.481293 33.851868 29.793335
0 437.186462 165.428818 117.087219 92.875832
0 571.851379 384.99469 42.039551 37.137512
0 97.03624 607.202332 70.51194 63.029785
0 172.786789 11.953421 27.897003 23.906841
0 64.111565 87.442825 41.316875 38.446014
0 89.970886 380.803741 27.28273 25.560303
0 19.268568 108.512711 38.537136 45.932556
0 76.622513 407.948517 47.166351 41.614746
0 205.953979 115.838249 46.200256 43.852188
0 465.733032 630.986938 55.143982 18.000244
0 184.71051 365.781891 67.795471 61.251526
0 69.592262 131.058884 38.612854 33.794708
0 454.815918 447.533722 28.46875 26.366638
0 254.58992 591.480591 41.839813 36.594482
0 227.783371 577.856873 30.961456 28.437134
0 361.677979 388.251251 24.422668 24.037292
0 461.340637 588.469727 55.759827 56.020142
0 375.453979 415.432465 22.975891 21.48175
0 219.987396 330.568848 29.694061 24.950317
0 577.334473 146.609055 25.173706 24.318878
0 421.236542 426.892273 54.175598 51.261414
0 273.476379 314.622284 21.041809 18.848511
0 51.958904 513.244507 79.47747 71.227295
0 221.087585 177.984726 75.597534 63.209503
0 42.568501 52.991524 38.444801 35.848419
0 482.270264 485.047211 32.505188 30.545532
0 236.90239 584.681213 38.41037 32.3302
0 230.0755 356.214508 44.310303 38.538147
0 150.790268 223.200363 135.510315 101.520721
0 13.776022 203.383804 27.552044 49.987366
0 183.66217 210.507233 45.609985 35.838837
0 300.560486 538.392761 36.357239 32.865479
0 437.358887 349.049194 41.908752 34.20166
0 504.880341 589.77063 24.333435 21.568604
0 133.685455 56.983826 60.539909 58.17099
0 213.068893 30.906261 23.564789 20.974335
0 365.964722 183.490646 21.083679 19.332672
0 294.021118 11.884747 55.800659 22.58847
0 272.002441 23.178566 40.852463 33.07373
0 423.876862 391.067627 21.117981 19.114685
0 36.170395 593.756958 72.34079 87.222778
0 449.238129 493.018036 21.777222 18.92688
0 146.295944 187.161331 50.931183 45.954987
0 195.157227 443.144226 18.83847 16.325256
0 540.122192 440.501221 83.839447 72.50415
0 343.367462 576.238892 104.60498 94.654907
0 35.167343 487.349976 70.334686 85.850555
0 524.644409 479.332703 39.4086 34.234253
0 88.115784 548.617981 70.311127 62.695557
0 27.10232 375.053528 51.488995 74.142334
