0 247.408112 285.721619 68.169022 54.329712
0 162.832977 148.23967 33.243713 31.44693
0 102.130936 353.37561 29.371933 26.622864
0 176.997314 342.865234 24.230164 21.191223
0 219.834076 49.087749 24.83252 22.392036
0 100.255165 397.100189 28.192032 23.235107
0 616.613708 61.180115 28.866699 26.36166
0 371.981201 610.585815 144.847534 58.383667
0 357.133789 9.002413 27.756104 18.004826
0 590.980347 597.432983 98.039368 85.133972
0 113.99968 594.272034 21.677399 18.798462
0 72.38443 36.639496 40.557255 37.292664
0 384.700012 181.877579 20.924377 21.179535
0 486.946381 455.822968 24.763306 22.825684
0 256.26181 510.831604 20.512146 20.056915
0 32.833813 75.13755 65.667625 76.840714
0 157.701401 529.051453 21.682983 19.373047
0 235.272552 143.137115 111.237427 93.516174
0 264.104614 364.94101 21.589478 18.815796
