0 71.613869 119.776855 34.423843 32.104439
0 116.569748 75.566948 24.666176 22.361557
0 411.823578 266.455841 29.600891 26.549744
0 226.218719 160.899445 32.273682 30.745392
0 550.795349 590.714172 24.907593 22.395996
0 279.143433 301.982819 33.610046 29.468323
0 227.177887 304.403778 33.224731 31.788574
0 502.050385 624.897278 39.403503 29.023438
0 161.228973 395.715607 38.367371 37.078796
0 536.911377 507.829041 22.09436 21.390869
0 177.405731 462.197449 26.412689 24.682312
0 391.04245 251.928772 25.296875 23.079483
0 200.241425 167.572952 26.428436 25.403381
0 162.94989 38.686329 24.849457 24.928764
0 420.685944 161.04895 22.2854 23.020264
0 458.848389 339.462433 27.778137 25.826599
0 192.694397 19.716496 32.945801 29.967499
0 430.35083 373.291168 22.391846 22.048584
0 268.016907 486.510956 20.10968 19.087036
0 409.263245 138.27092 25.843384 25.093689
0 572.546143 89.839363 20.969482 17.601517
0 411.105469 237.926743 21.230591 19.536224
0 635.197632 611.246155 8.673218 25.673706
0 37.263802 142.812683 25.51712 22.905182
0 501.652893 409.154938 19.813843 19.992249
0 264.225159 262.131012 28.836365 27.328674
0 455.75116 322.806396 24.238586 20.743713
0 11.296072 223.686157 22.592144 30.82608
0 430.997833 388.497406 22.422546 22.898254
0 479.582642 298.127563 19.886108 20.282593
0 64.643852 97.46833 22.923328 20.929733
0 394.017731 292.688568 20.063599 18.960632
0 255.447754 314.522705 28.444473 28.960266
0 55.637299 270.025452 27.323929 22.478455
