0 544.830444 101.803375 102.583527 92.739449
0 178.11496 386.600281 173.35553 168.675293
0 315.830261 292.605011 31.465637 29.159424
0 336.605103 469.807831 35.874207 34.398315
0 247.2379 625.374084 37.881927 28.112305
0 268.404449 253.049942 28.220581 24.553864
0 456.536377 324.139252 20.277039 20.074341
0 217.908096 60.538544 20.899445 19.431515
0 567.871826 501.428497 21.894775 21.007874
0 615.66803 25.222763 40.262329 38.553009
0 259.543945 124.796585 23.737122 21.529549
0 379.798279 462.152588 20.664246 19.278687
0 320.47171 139.215332 18.842529 16.646088
0 246.945892 546.183594 28.054932 27.355591
0 627.33197 177.93634 19.37085 16.520905
0 560.128235 541.073242 32.519653 29.018311
0 588.342773 439.217987 23.358154 21.886658
0 218.005173 571.087463 18.652771 17.679565
0 630.984619 93.812157 18.030823 49.063339
0 447.846222 597.097168 77.156921 65.437866
0 628.627625 152.43718 21.665771 26.468933
0 163.7742 106.325813 19.356262 15.704956
0 445.624298 613.71167 51.819031 41.696045
0 90.614456 34.879074 18.987335 15.484077
0 586.837585 11.801239 25.557495 22.771221
0 372.429565 567.513062 17.386536 16.114502
