0 72.942703 294.011749 80.229828 67.917969
0 476.651733 538.795105 47.559509 39.114136
0 165.759094 394.260956 88.325012 83.271362
0 42.688141 174.866425 59.667679 55.300201
0 335.942444 334.956177 58.935608 51.241028
0 245.557739 225.987991 33.05748 29.25296
0 268.626007 471.799347 60.814209 53.623901
0 280.637878 359.035675 41.402344 38.556702
0 414.453217 261.273651 29.988403 25.193909
0 152.051819 490.363922 29.741791 28.299561
0 85.957756 503.079742 28.779541 24.700867
0 525.065674 338.470825 26.11792 24.615479
0 107.991592 226.103241 94.931824 85.837662
0 105.024216 556.894775 35.926834 26.417603
0 11.947887 428.957764 23.845634 31.091919
0 95.649208 374.544922 83.078629 78.137451
0 228.131378 584.15979 234.746216 111.68042
0 501.580383 570.687866 22.612823 18.992188
0 597.005371 148.681641 79.793823 75.012154
0 598.918701 618.766296 47.524048 34.863647
0 234.449158 391.626038 67.638809 71.322632
0 232.223312 515.172729 38.190887 32.723267
0 254.190369 426.786133 58.830185 56.461853
0 413.884583 130.347015 20.127441 18.472755
0 100.706337 617.276123 83.18013 43.299438
0 89.292076 472.470276 43.81604 37.408997
0 11.404346 90.514801 22.808693 31.173904
0 634.696777 388.771606 10.606506 33.713013
0 533.087769 254.829926 65.624298 58.064499
0 498.910278 597.102783 178.463837 85.794495
0 224.170563 23.135523 129.664429 46.271046
