0 481.733368 453.038788 31.89801 28.644287
0 397.259705 401.555481 28.788635 25.518616
0 186.792175 233.972107 33.839294 30.146301
0 290.110748 601.948364 32.117188 28.107056
0 489.800842 605.726379 27.600525 21.991455
0 143.554001 358.859833 32.141571 29.391052
0 15.012428 350.312164 30.024857 29.779846
0 501.132172 210.157669 27.084778 24.721283
0 435.54248 56.195053 43.779114 43.243107
0 517.714905 25.475004 93.809235 50.950008
0 453.592377 634.55304 21.047241 10.818726
0 468.532562 193.88559 33.288696 34.061646
0 152.341064 332.666321 27.601898 23.648132
0 622.746338 230.590363 32.550415 45.175812
0 577.624878 93.791298 21.208618 18.599976
0 600.937134 74.814423 29.186401 28.561203
0 202.042038 317.273895 87.82663 72.953064
