0 57.936749 427.34903 56.091011 51.203064
0 177.700394 368.147614 39.568359 40.359741
0 453.042572 300.897705 31.16748 27.569824
0 272.731171 35.755371 65.714355 59.036636
0 462.153961 363.798553 68.132141 60.509766
0 418.747528 196.299316 29.90625 28.600952
0 589.754517 234.649979 30.940674 28.287964
0 519.210144 95.375793 52.081268 49.200287
0 421.587006 605.07135 121.43811 69.8573
0 187.481461 452.079742 28.061829 25.429199
0 480.804932 187.048111 31.393433 28.395477
0 526.204773 224.774017 40.581207 36.619385
0 585.823486 533.431091 28.050293 26.913696
0 550.787109 368.934021 70.589844 62.490112
0 583.948608 289.991028 112.102722 134.395126
0 131.636902 418.52887 27.074829 24.957581
0 491.680298 11.206219 24.273132 21.645596
0 424.276184 8.91608 49.68573 17.832161
0 314.862366 609.494873 77.479919 61.010193
0 256.726807 549.707214 36.619568 32.735352
0 603.238525 458.18335 22.838989 20.500061
0 605.332886 74.748169 24.603271 22.084152
0 223.57695 430.344208 22.268127 21.400635
0 145.728027 453.095398 37.491173 33.630859
0 513.29541 458.735504 68.299805 64.049805
0 421.054779 630.895325 32.474854 17.474976
0 367.496979 514.494202 19.461426 18.186157
0 189.050201 496.934998 23.024689 20.986328
0 483.511322 164.614334 25.886597 25.094177
0 519.83783 182.544189 23.46286 22.226318
0 187.293121 518.141052 23.725952 20.067261
0 385.385101 270.862305 29.900391 26.389648
0 73.79216 331.282532 22.266354 20.305054
0 526.133484 198.975723 23.675293 22.40332
0 136.791626 304.368042 21.011238 19.414551
0 424.495941 272.71991 130.527771 121.067444
0 170.762329 299.940918 20.592163 17.74707
0 461.646027 266.847687 45.987549 38.587463
0 611.808228 175.149002 56.065063 73.65329
0 25.031094 561.906555 22.527094 20.245483
0 455.395996 419.47525 58.744324 57.840271
0 581.187805 158.478134 20.314941 17.976776
0 153.794174 513.473206 19.15213 16.383179
0 352.414673 216.532227 47.943787 42.159851
0 150.417572 346.335419 21.118256 22.433105
0 400.481628 560.197571 21.431274 20.464722
0 70.3629 478.473877 28.447094 25.311462
0 624.550781 330.446228 19.688599 18.904053
0 262.222809 393.625122 31.395691 25.414368
0 598.515747 616.204163 82.968506 47.542969
0 52.566826 238.706833 15.223969 14.721069
0 567.047852 497.772766 70.717773 65.970459
0 6.555068 624.083862 12.387312 31.832214
0 558.605347 132.750443 90.597778 72.841286
0 346.632568 13.550096 23.20105 21.979376
0 305.274597 574.18512 21.379517 20.14856
0 626.526428 135.92897 17.5271 16.253273
0 242.590622 534.820312 20.600464 18.90979
0 294.410309 327.03894 37.981384 34.636414
0 429.42865 284.264984 192.810638 186.688354
0 6.376106 538.741577 12.752213 24.77478
0 619.316284 303.384399 19.084961 17.479553
0 171.309937 631.518372 26.749146 16.207153
0 35.810356 309.897369 17.221169 16.491455
0 196.628281 470.403412 23.600739 20.420227
0 333.963562 116.958588 359.043823 233.917175
0 73.389786 75.321289 146.779572 150.642578
