0 64.910172 155.19371 129.820343 141.044098
0 546.213379 251.843491 187.573242 183.590179
0 451.228058 74.066315 92.178162 83.390579
0 251.619507 512.639648 62.567184 55.223419
0 491.861786 516.667725 31.673462 29.4552
0 300.869995 163.767899 85.513428 73.796936
0 170.173355 358.617249 39.114227 37.174377
0 426.010193 24.189209 26.390076 25.501671
0 189.286453 561.576599 43.42511 41.67041
0 306.246796 370.774567 108.058777 90.877747
0 367.877441 606.242065 37.022034 33.704224
0 165.340424 327.343018 27.189117 24.636169
0 399.439819 484.896637 36.653076 33.570557
0 185.956161 433.755768 37.427582 35.802612
0 156.728165 421.990845 33.395416 32.818054
0 378.60553 502.35733 25.992249 24.354431
0 604.849365 629.526001 31.213989 20.947937
0 410.388153 572.942444 19.489685 18.536255
0 444.025421 600.880554 32.663635 27.950317
0 238.086304 79.367691 47.751022 42.584202
0 209.328278 397.123657 24.326447 22.932678
0 289.049469 476.056702 59.090637 53.4422
0 613.415894 473.205627 42.078003 37.632446
0 241.928253 191.667023 43.407043 38.426392
0 114.069214 231.689102 40.50103 36.492798
0 356.036438 57.428108 44.6297 38.769745
0 39.72052 282.797211 71.75824 61.689331
0 446.459473 447.787872 53.093506 51.194031
0 103.725693 581.015259 46.501984 40.777954
0 91.288086 251.96582 34.01384 32.422318
0 432.737915 623.945068 41.860901 32.109863
0 271.508301 631.467346 44.550781 15.599487
0 38.994415 464.080139 21.718962 20.123718
0 618.926575 503.688904 41.018066 43.163818
0 258.997437 9.270344 52.81752 17.378464
0 374.382355 89.54023 44.236694 40.877014
0 242.027771 297.046204 140.128769 113.946167
0 86.674179 319.679443 63.968964 56.187805
0 218.942184 421.922302 29.233093 27.040649
0 115.505096 470.598755 36.167946 33.765076
0 548.983215 133.958694 172.995941 151.562775
0 54.23122 370.804688 44.986259 38.837402
0 84.54052 490.287048 37.128006 31.345703
0 213.662109 586.431641 39.372009 34.976807
0 196.622681 58.852486 55.250977 49.829361
0 26.590786 318.806305 51.496025 45.88324
0 202.810577 148.624084 43.336639 39.750854
0 571.668518 623.199158 50.724609 30.65564
0 90.754967 364.837982 29.324921 28.408875
0 143.854187 445.660187 19.743896 18.949829
0 211.719116 366.14032 42.592163 39.235657
0 194.559647 114.16954 37.689117 35.251343
0 204.266571 170.246948 43.813293 40.856354
0 234.652924 242.491577 36.891357 36.791626
0 468.713013 492.548187 28.063171 25.821838
0 448.520416 422.151154 32.052246 24.750183
0 328.372986 121.430023 35.981995 31.233589
0 64.20208 328.140778 28.520786 25.773499
0 367.148468 200.871262 37.542419 33.955902
0 9.689638 219.647415 19.275806 41.699036
0 607.901001 588.82843 64.197998 85.837891
0 235.295593 446.454865 40.281006 36.412659
0 306.760803 250.869659 18.391846 17.572189
0 12.958314 79.604836 25.916628 28.883926
0 400.756104 619.842041 35.000549 33.331299
0 578.829346 482.180756 30.872437 28.445496
0 587.514832 394.098145 26.530273 22.36792
0 15.926031 565.420654 31.852062 40.770264
0 529.409302 573.857422 22.049683 19.475586
0 304.449005 107.684547 21.884705 21.695908
0 240.715393 166.957611 29.507629 26.538757
0 164.627151 499.738861 98.858826 97.698425
0 77.764214 422.257446 36.821915 35.020874
0 529.203003 612.219238 147.881561 50.837036
0 404.236084 598.739319 27.674011 24.555176
