0 267.59967 135.248642 30.731735 25.340637
0 379.495026 371.312317 178.4776 146.498657
0 43.875443 134.494034 36.650406 29.934174
0 131.717987 260.540527 25.116821 23.545883
0 365.155579 531.323792 143.828369 119.688232
0 580.775391 325.730499 118.449158 148.029541
0 469.970947 186.475983 30.943237 27.3685
0 369.392151 595.555908 33.95282 32.109131
0 452.846344 244.252823 26.28656 23.226288
0 509.223389 392.185974 100.825104 94.907959
0 247.389938 552.36676 75.727142 63.892944
0 245.226654 372.110718 76.743088 65.605835
0 83.19651 506.985474 23.781021 20.551147
0 124.411636 215.360947 22.829285 20.30188
0 594.933533 79.392059 19.170776 18.683884
0 622.984009 214.70163 33.331665 73.639984
0 585.493896 407.802368 60.153809 51.752808
0 504.351074 530.739075 25.093353 23.313843
0 281.514709 424.881866 57.633972 46.807678
0 480.200287 248.602478 25.079468 26.664291
0 100.175743 229.636627 21.194351 18.643341
0 415.500732 137.939392 92.766357 82.560699
0 12.933344 260.831116 20.37949 17.629333
0 293.466522 504.858582 47.105652 37.605835
0 195.816345 475.81958 162.595825 128.114624
0 568.370544 292.496552 28.02124 26.490417
0 398.07547 460.680695 64.188782 50.723267
0 125.064774 585.929382 48.603172 45.025757
0 353.666138 55.32016 92.37854 74.912201
0 546.062073 635.692444 22.090576 8.615112
0 130.80275 34.04911 18.194389 16.848633
0 634.109253 542.905701 11.781494 24.646118
