0 208.341736 88.876663 94.481079 84.709442
0 366.937775 461.653168 211.310669 187.581116
0 600.093567 175.128372 79.812866 97.727806
0 530.967407 266.889252 75.689331 67.887497
0 554.371704 357.358612 171.256653 183.312683
0 232.418884 34.561817 60.01561 54.785706
0 603.689209 113.251183 70.128906 59.605576
0 342.93103 75.271912 178.878174 128.298737
0 587.821045 451.681213 49.923462 46.126709
0 398.998169 375.229736 127.888489 111.997681
0 388.936584 255.272644 63.624817 57.067444
0 456.525208 598.500793 48.847473 44.237305
0 625.748901 261.462494 24.386841 23.556229
0 595.728455 269.713837 43.140869 40.347473
0 255.039658 556.292175 21.959747 19.724487
0 458.811462 251.221985 72.32428 57.103165
0 621.407104 524.678406 37.185791 39.066559
0 611.136719 579.3302 53.430908 47.348267
0 276.297516 13.06361 67.367981 25.832031
0 109.574532 364.332031 39.452744 33.852112
0 126.913589 171.488144 116.622032 97.908722
0 625.655029 450.009247 23.62915 24.368347
0 489.965179 185.724594 61.177185 55.055206
0 508.227722 616.375427 65.848724 47.249146
0 364.288055 13.111877 45.347717 26.223755
0 333.664276 202.419708 107.709351 94.05835
0 189.502975 562.563782 66.161072 58.457397
0 522.259827 607.986755 47.703888 42.880371
0 517.567017 103.13813 76.527344 67.789688
0 431.651215 289.831055 45.427307 44.488403
0 635.955811 8.284883 8.088379 16.008621
0 460.605682 119.06752 46.560181 39.281708
0 23.343178 521.794434 46.686356 59.86203
0 94.18074 331.316895 37.526932 37.299683
0 269.432251 602.093384 106.411682 75.813232
0 585.679504 603.588928 40.135376 36.42749
0 426.603577 63.631836 46.621765 48.024567
0 620.747803 619.681213 37.419067 40.637573
0 438.122009 616.239197 57.608521 45.922363
0 454.31427 213.419525 62.7052 49.356842
0 567.227844 620.546997 58.362305 38.906006
0 372.747955 573.136597 32.952087 30.049072
0 13.715429 596.337769 27.430859 31.152344
0 42.510086 617.431519 49.3517 39.408813
0 11.628745 418.324921 23.25749 76.061646
0 386.145782 74.122314 114.899353 100.400269
0 472.739441 255.013214 41.507629 42.412781
0 276.95871 229.612167 22.170227 19.456818
0 579.115295 78.416214 33.029175 30.915741
0 556.284363 629.360474 52.5177 21.278992
0 422.834595 573.427063 43.696228 40.775024
0 317.685059 371.063721 36.764465 31.909668
