0 254.601151 603.777832 31.613495 30.372925
0 418.375061 235.317429 28.97821 28.083527
0 135.248413 285.015656 23.14328 24.311218
0 307.991699 111.087257 25.17157 24.004303
0 612.559387 329.906555 52.963501 115.650024
0 560.591309 455.700165 21.930908 20.047668
0 490.615204 422.320404 22.326172 21.285339
0 83.588951 551.212097 23.116714 20.639893
0 274.310486 46.373817 22.272949 20.631744
0 546.838379 519.953552 19.875122 19.163788
0 539.071289 608.121582 73.487213 63.756775
0 164.921738 271.851654 23.750549 22.045044
0 384.442169 9.386519 39.537659 18.773039
0 72.087227 63.287575 28.626774 26.613754
0 447.678223 90.063843 37.770142 37.033615
0 450.920532 625.872253 45.548096 24.016113
0 358.048401 613.469849 23.24408 22.60083
0 545.361633 565.215332 53.140503 42.051147
0 395.646759 555.212402 18.932617 16.964478
0 83.105537 129.691864 25.496353 24.506844
0 513.94873 582.075439 18.342773 16.666138
0 500.183167 634.24585 24.263336 11.50824
0 373.113525 521.869202 22.097107 18.227173
0 229.711014 524.697327 17.665314 18.317749
0 424.305603 188.789978 21.68689 19.128998
0 417.306335 490.878662 21.475891 19.699585
0 281.894104 134.811722 20.782898 19.53363
0 309.945282 571.566345 33.351868 29.471191
0 564.987427 262.605652 47.137573 42.562943
0 555.211365 227.948715 50.638428 43.874603
