0 405.356506 35.152943 29.837891 25.780464
0 462.766602 313.129181 33.440247 29.094971
0 595.508606 553.095093 33.417603 29.113281
0 564.989868 533.71051 38.779053 35.821045
0 515.487244 276.677277 21.817871 20.649475
0 83.979362 246.79599 26.840485 22.300034
0 249.192017 417.503052 71.955078 66.093689
0 161.26239 47.618977 32.750244 26.716728
0 68.079269 630.725525 43.923676 17.536133
0 147.947144 339.771423 28.049835 26.659668
0 236.5168 122.988586 28.090698 26.55426
0 31.569803 238.531143 23.37949 20.337555
0 133.697739 619.552673 35.456512 28.640259
0 29.210365 615.520996 58.172485 46.532959
0 25.915192 327.028412 38.344658 31.050171
0 330.570862 156.085175 30.293518 27.085327
0 615.704468 579.430908 33.509644 28.639526
0 274.196198 580.413513 34.001526 31.320923
0 313.478668 496.10437 25.704895 23.471497
0 249.615631 453.786377 87.015427 76.69574
0 299.51181 266.478363 33.463013 31.467148
0 267.320679 214.41861 30.178848 25.713593
0 98.714554 34.220451 21.580292 18.767143
0 135.656036 410.622284 59.185539 55.640259
0 393.344635 454.694061 21.66272 20.619751
0 185.317978 99.849861 22.730682 20.305008
0 177.320038 406.942963 25.414978 22.562317
0 389.456543 630.350525 25.524719 19.015015
0 179.484467 298.886902 31.955933 29.721191
0 525.257324 258.370728 24.976196 21.015121
0 319.144348 20.051743 32.82373 32.640282
0 16.626076 136.622955 19.716553 16.895569
0 277.47345 350.287384 53.3974 48.984863
0 622.635315 359.959442 23.794189 20.636536
0 111.347725 343.723602 38.671768 35.441345
0 342.176392 179.41246 42.099792 37.445282
0 94.144379 437.604919 20.408051 19.305908
0 200.68927 532.419128 22.827087 21.516724
0 211.188934 484.441223 38.082825 34.984131
0 161.312805 368.230225 54.088684 46.276733
0 18.679131 340.696411 34.818398 30.655762
0 18.636391 195.289383 36.042717 34.084686
0 446.238464 381.863037 20.849182 17.91571
0 15.61068 465.291473 23.769184 22.451416
0 309.292847 213.286316 60.42926 50.628784
0 213.944397 337.650146 28.120911 24.390625
