0 210.659058 501.573212 28.218658 25.649597
0 70.392548 485.751801 26.696503 23.517944
0 67.187111 279.342682 25.756153 23.352417
0 145.892471 374.455048 20.75412 19.012573
0 535.293579 200.375931 20.838135 20.75235
0 9.420851 543.902527 18.841702 24.613525
0 51.776321 420.339935 22.868851 17.532532
0 299.594391 630.113525 49.151672 19.772888
0 581.792969 440.551117 25.481689 21.196899
0 19.586071 611.125 39.172142 53.027466
0 473.016296 395.660706 22.172607 18.421143
0 20.007824 533.138916 20.110901 16.002686
