0 291.781006 95.069077 116.689209 103.776527
0 244.61795 554.56781 64.323303 56.838745
0 146.438232 73.047546 45.316475 42.137894
0 627.898071 607.836975 24.203857 38.770996
0 251.09137 587.103577 41.584885 33.311035
0 603.100708 148.448257 56.106812 51.003571
0 126.323929 114.260262 44.857208 38.218765
0 266.202118 246.044052 29.001282 25.349396
0 417.560028 526.823547 30.676392 26.932373
0 405.230408 7.026895 32.946838 14.053789
0 506.897125 404.174622 34.341492 30.601501
0 332.094757 335.928894 29.59552 26.119507
0 365.106689 297.14798 39.976013 35.113403
0 236.959351 401.46225 25.752899 22.992615
0 217.147751 630.420898 36.416626 18.722656
0 92.240288 165.562653 25.384155 24.619446
0 615.813538 482.084961 47.226807 69.42749
0 213.934341 86.161819 30.776581 28.510086
0 450.59613 619.964478 25.143188 19.756836
0 364.387085 223.953918 84.709717 81.030014
0 183.892899 186.989441 34.450806 30.436066
0 318.71106 152.665649 29.949585 26.004822
0 336.049744 171.352936 33.143921 30.181427
0 64.996201 598.882019 22.213684 20.39917
0 384.338104 269.079865 43.081299 38.09111
0 173.058563 588.924011 34.25946 31.695557
0 390.905182 628.098755 29.826782 22.264404
0 487.341492 520.438049 22.475769 22.253693
0 379.429688 88.91066 21.750854 20.108643
0 497.316956 292.685089 37.015259 35.480103
0 542.405884 334.654236 70.201294 69.095642
0 390.662354 217.286331 31.076782 28.072113
0 527.550659 15.436192 66.163818 30.323441
0 441.521545 290.221558 29.367432 25.165833
0 361.57254 133.110977 57.309143 52.298981
0 362.736694 114.785606 24.909424 20.342896
0 187.140015 76.277115 34.764954 35.186344
0 634.517334 444.543274 9.443115 23.445068
0 74.774384 355.193024 28.396347 25.128784
0 205.510986 156.579742 54.63269 47.860138
0 219.852722 326.518433 49.6492 41.498047
0 193.989685 331.974915 86.693085 60.332764
0 620.138672 110.956451 39.069214 41.774689
0 159.172256 539.571838 44.751526 39.657349
0 467.167816 259.579926 41.674133 37.612839
0 444.225861 269.331543 29.327881 27.644043
0 228.329895 127.647202 47.227905 40.76886
0 565.862671 54.692566 68.028076 56.684952
0 49.589615 575.581055 25.770264 24.9198
0 410.455994 579.695068 22.343933 19.617676
0 96.277168 630.313354 36.598557 16.957397
0 453.162964 526.616272 32.216309 29.823334
0 384.36084 218.060013 56.732605 50.173218
0 187.294556 135.101089 34.187439 31.554054
0 269.964233 309.260956 18.174683 17.966248
0 330.476685 159.129166 33.267456 28.667816
