0 466.7164 470.208008 149.451355 130.053986
0 384.09079 311.912323 113.732666 103.72168
0 186.135941 272.95874 129.621643 122.739563
0 330.610046 254.190521 95.98761 85.105164
0 276.013031 611.921692 56.246078 51.823486
0 365.32724 609.660706 72.609253 60.258423
0 506.258606 69.527603 41.68042 38.748623
0 175.98671 469.236908 106.916931 98.429016
0 99.879318 298.36969 57.828896 56.934814
0 148.880035 117.864273 63.638329 56.736572
0 100.507599 53.566757 55.576782 48.772068
0 199.130371 556.139282 30.138672 26.873169
0 379.453796 433.140167 31.786438 27.190735
0 404.082489 574.522522 47.566345 44.718018
0 353.251465 38.853027 33.802979 31.667189
0 568.775085 131.172668 33.556396 30.919243
0 358.34198 110.721085 27.506531 25.157791
0 316.299591 452.929321 28.322327 25.377014
0 566.941284 88.14238 35.162231 32.551788
0 125.762222 78.615448 49.400787 43.285538
0 536.375854 370.009216 39.175659 36.371521
0 513.906372 534.330383 37.420807 35.425049
0 581.947632 602.335999 28.196289 25.259399
0 491.511841 185.931564 32.198669 28.693604
0 11.367277 353.078644 22.084835 23.202515
0 269.051147 419.123077 31.1465 27.514038
0 33.012589 15.275743 35.274597 30.193188
0 186.994431 608.522766 20.889801 20.18457
0 585.570435 56.118778 22.822144 22.261482
0 429.938232 399.420837 25.52179 22.810669
0 128.670059 151.976501 42.58252 40.210663
0 91.469055 370.803162 30.780869 28.131836
0 277.641998 440.733063 24.819763 22.815186
0 175.875717 574.131409 24.359985 22.505493
0 594.682861 78.860001 35.125 32.390182
0 574.003418 204.221832 35.545898 29.432983
0 115.819107 359.776611 20.662735 19.467712
0 452.630493 227.459259 112.592346 98.298523
0 131.993286 520.048096 20.973167 20.417694
0 394.809326 119.575073 32.411865 29.764351
0 350.767944 356.735413 27.590454 25.021179
0 193.174957 423.486237 27.830414 27.224426
0 152.671722 9.44737 41.232635 18.894739
0 203.999283 160.314682 29.063934 26.060364
0 192.846802 526.814514 24.473206 21.28064
0 57.076878 88.925995 23.6567 23.898041
0 34.820068 251.188843 60.089462 53.255753
0 129.448059 622.853455 117.309204 34.293091
0 619.4328 350.863007 38.575806 37.133789
0 346.776581 493.673279 21.339539 20.969666
0 591.884827 409.127716 26.747681 23.839966
0 66.41861 29.715652 35.979172 33.952713
0 544.647461 464.927948 21.721802 21.010437
0 159.902252 43.22224 23.912598 23.714073
0 447.102173 320.81604 27.928162 28.37677
0 237.172363 349.311432 39.376953 35.4505
0 529.878296 565.132324 22.210449 20.383179
0 610.126099 220.495224 19.831787 19.019409
0 472.803101 204.965012 21.248657 21.158081
0 597.521912 144.038269 30.810547 28.402832
0 272.566833 60.642624 22.589111 21.8927
0 125.01342 406.035309 55.123215 53.80304
0 564.254272 582.392578 19.954956 18.464111
0 532.368042 589.142639 35.831665 31.449951
0 67.491119 364.043396 23.017365 21.382629
0 631.170166 531.34259 17.659668 29.032593
0 69.583931 457.932983 56.912659 52.369385
0 510.856628 339.800171 24.176971 22.128235
0 386.277344 526.952698 20.133484 18.838867
0 31.87608 238.002167 41.487694 36.007874
0 618.013 557.705627 29.505859 26.46582
0 546.429443 164.14801 87.869965 79.27536
0 490.409332 357.806976 20.691162 19.715271
0 32.044659 426.411072 26.389503 23.638428
0 57.050049 561.691833 70.188492 62.318115
0 414.01239 20.734577 20.567078 20.092514
0 370.237091 483.523254 29.616516 25.818481
0 100.050667 162.141495 28.138107 26.221588
0 171.517807 155.628967 30.389832 28.696289
0 343.809357 217.545197 26.364746 21.591766
0 243.252869 316.45343 39.035095 34.819763
0 592.083557 614.129211 95.148315 50.941895
0 424.325653 381.604523 34.868225 32.038696
0 34.615826 579.504089 21.928261 21.155762
0 286.519379 30.437777 20.668213 19.433086
0 79.063118 539.311829 22.508011 19.903564
0 101.570572 110.392754 30.655273 27.40686
0 67.337845 6.874316 26.871181 13.748632
0 471.083008 291.125885 54.771057 48.846558
0 562.990051 559.460999 20.660278 18.759033
0 135.984909 39.136547 30.679573 28.09185
0 574.572266 290.979736 116.810669 113.6651
0 180.262329 43.679081 20.498291 17.118874
0 627.450195 278.412537 18.602783 17.251465
0 623.984436 98.987427 29.501221 27.760788
0 263.57074 274.388458 38.802612 35.795654
0 481.968079 109.936172 19.110413 18.135025
0 488.913055 226.753159 41.034851 42.06369
0 605.07428 497.478882 30.559937 27.460266
0 71.305222 268.206604 37.09288 33.709229
0 494.692627 529.801453 19.615967 20.074463
0 100.42804 218.601288 105.609589 92.955856
0 534.349915 393.507233 34.86731 29.618347
0 511.490234 94.715065 23.079803 23.424911
0 495.49176 587.524902 128.001221 104.950256
0 18.731483 482.1091 37.462967 56.11969
0 56.144836 393.907593 47.230255 41.905762
0 29.330124 123.962646 52.644821 56.483772
0 72.278603 393.563965 29.435406 27.673035
0 392.421417 195.755844 26.410156 25.122864
0 84.051254 138.966675 19.053391 17.762421
0 115.860168 493.240479 22.933395 19.031982
0 303.612244 7.202082 19.577637 14.404164
0 563.70752 190.786865 54.045044 54.301331
0 193.517654 415.119934 21.020721 18.428467
0 298.119476 334.402557 59.577698 51.914307
0 191.661362 197.882324 44.114441 35.091644
0 368.492157 160.566132 47.705139 42.285461
0 572.04126 352.586517 36.814819 34.403931
0 12.189585 581.152832 21.339222 21.51001
