0 309.285583 500.904114 138.045761 116.007477
0 206.104172 605.285522 30.086823 26.734863
0 134.468552 55.739014 38.647919 36.782043
0 390.112 177.917068 28.824646 26.193939
0 358.185303 618.501465 33.19458 32.053955
0 14.785143 314.435944 29.533962 34.476501
0 103.182266 531.968262 21.565353 21.214966
0 528.598511 334.588989 44.525269 38.956177
0 515.005127 308.247833 39.341431 35.172424
0 332.317566 203.156525 19.804993 18.329834
0 169.618195 486.126434 19.720795 19.079895
0 175.558136 570.072998 224.943848 139.854065
0 19.449162 259.556488 38.898323 53.796875
