0 259.010712 104.944244 66.972412 61.781219
0 564.994507 137.289642 75.502563 66.386116
0 350.183838 133.344666 65.424927 61.170898
0 168.928925 105.346603 70.273743 63.434486
0 444.795013 277.223999 84.631653 77.274094
0 421.165344 58.65456 32.880432 30.808022
0 606.33844 278.398285 30.31543 27.675598
0 480.489929 238.524307 75.300873 70.37735
0 279.021362 264.710144 36.861816 33.884094
0 313.595093 336.424866 137.824585 117.963135
0 540.826172 426.856567 33.578735 30.047791
0 454.723511 27.560875 43.968872 40.27626
0 423.882904 21.365366 28.44043 26.078403
0 351.526581 282.147522 44.506226 40.206238
0 499.6091 274.115723 40.696106 39.210556
0 615.180481 313.153503 49.639038 61.600403
0 165.453796 252.077713 197.996887 172.299225
0 369.979034 458.877258 170.495239 149.127777
0 66.500496 89.288483 46.92448 40.987366
0 615.948425 566.784241 21.31189 20.749268
0 33.352745 104.846619 31.175529 29.05188
0 563.375366 244.321838 100.009888 88.964966
0 299.702057 12.509665 54.538147 23.872288
0 131.502716 414.616821 21.807037 19.762756
0 509.96698 99.777077 26.775238 23.382004
0 587.245544 383.801544 100.661011 98.888977
0 451.092255 160.787628 39.257751 36.813934
0 537.048401 5.261308 22.473145 10.522615
0 524.150696 289.198547 21.894653 21.156189
0 165.442001 234.726013 23.460022 20.405609
0 489.411316 13.060911 66.816925 24.911934
0 441.883362 98.969444 33.433167 32.104996
0 474.035004 551.138733 21.129883 19.771729
0 433.072357 633.727539 24.122803 11.928223
0 567.578552 549.515381 19.847778 19.014526
0 492.79303 81.159012 22.540833 21.559448
0 192.665314 73.964119 23.654877 20.953075
0 207.579605 26.771442 72.975342 52.385323
0 308.123779 80.281036 24.532043 22.4767
0 65.382019 205.315506 103.479935 82.206177
0 391.073608 69.736946 36.92627 37.614441
0 203.184265 319.490143 43.982605 38.07312
0 320.04068 414.619843 29.21228 27.859985
0 309.290833 209.09491 116.027039 97.739853
0 434.913757 496.061493 299.271362 204.138245
0 625.628784 469.71994 23.00647 22.591553
