0 233.68219 515.823792 27.925415 27.018677
0 162.673294 461.038116 34.720306 32.781555
0 194.02803 75.301125 26.857666 24.647121
0 243.087784 13.244213 34.080292 26.488426
0 80.08149 257.004242 27.995316 26.311844
0 346.761444 229.605423 25.487122 22.526886
0 535.464905 565.766174 29.800049 24.63147
0 124.378891 500.704529 24.7099 23.25354
0 599.426147 512.22052 40.077271 36.354126
0 540.548035 417.298157 28.056396 23.681396
0 489.362183 591.976624 25.115051 23.886597
0 15.974031 307.628998 26.218601 24.609314
0 513.604065 537.965332 25.121674 22.304321
0 562.034485 295.509491 23.60791 21.641724
0 376.93045 222.182205 36.496582 34.088013
0 420.713867 568.075256 25.044556 21.047119
0 292.211945 19.65675 43.519104 35.606689
0 135.014755 226.633453 34.661903 32.748474
0 41.998886 250.709152 26.312212 24.830292
0 364.162384 201.057449 30.948303 28.157684
0 536.573853 120.983185 93.467529 81.286194
0 20.74052 467.592072 35.500244 35.983948
0 88.518799 438.814148 20.541 21.609192
0 613.616821 617.028015 49.506836 45.94397
0 65.627701 470.269562 36.764622 35.525757
0 253.976761 359.943451 65.601227 58.983582
0 171.212769 545.195923 28.361511 26.645996
0 229.909698 596.360535 24.475403 24.329346
0 248.463135 564.759033 53.796204 46.052979
0 600.439575 323.502411 22.02478 20.116211
0 33.211548 226.778122 26.915329 27.534393
0 572.678284 230.306152 20.581787 19.561646
0 96.974442 145.224243 18.178314 18.040771
0 628.968201 129.873825 22.063599 52.752846
0 53.966068 39.638775 27.554756 24.547928
0 403.435822 257.394379 52.838989 48.773727
0 539.645935 265.420563 40.196045 41.763504
0 480.402313 634.543396 19.323425 10.913208
