0 76.704895 200.728439 146.359436 142.457733
0 500.047577 20.407696 42.369934 40.815392
0 318.152069 549.129761 42.762512 39.029297
0 120.990982 616.751526 40.689842 40.249756
0 370.465881 133.139847 37.058716 33.097473
0 57.375069 292.691833 26.409988 25.214355
0 34.108555 525.33844 32.836861 33.034912
0 248.500198 604.734802 27.744293 26.298828
0 284.998901 425.29541 33.019897 30.779114
0 469.748566 60.563919 39.53241 38.692631
0 107.477432 561.107117 28.743988 26.750854
0 616.848206 348.949707 26.261475 25.914734
0 256.197113 470.810028 23.25856 21.90332
0 377.211273 41.954941 30.417297 28.418045
0 256.924042 581.748596 24.089722 23.344116
0 98.090591 590.201721 37.867035 33.970459
0 256.349152 154.339844 21.63916 19.968109
0 417.634796 83.198715 26.219971 23.346512
0 563.479126 138.806305 26.07019 22.936432
0 239.19841 24.754715 155.564423 49.376877
0 10.415561 359.784973 20.831121 38.093018
0 445.404663 21.679226 111.384094 43.358452
0 125.357491 119.401909 23.828171 21.288193
0 293.267181 329.577789 20.256409 19.857605
0 221.121246 125.442474 22.073456 21.592903
0 588.864197 74.697327 36.989502 33.138973
0 515.147827 40.43972 31.260376 28.737175
0 60.432949 557.618103 45.731377 41.522583
0 589.425293 49.955032 40.265259 33.025879
0 386.556213 210.35791 25.704041 22.282043
0 360.641724 19.426655 36.644958 31.113495
0 25.157909 129.699341 48.986702 114.855042
0 59.040955 429.762756 81.365311 80.496155
0 9.092014 584.782471 16.545952 24.384155
0 463.529083 169.070587 19.958191 18.334137
0 270.941833 628.082397 35.288025 23.835266
0 242.561172 374.684845 18.190613 17.30896
0 407.555847 233.356964 25.371643 23.378021
0 33.519135 371.792206 32.364632 29.771179
0 399.795868 354.552521 22.814392 21.70282
0 588.029419 418.083038 100.079834 104.41864
0 377.301727 227.494354 21.717896 20.487335
0 241.786072 298.508362 91.818466 79.136108
0 486.228027 409.302612 17.125427 16.734314
0 568.198975 336.434448 23.994263 23.340149
0 610.316711 255.624542 17.80896 16.800903
0 631.612488 362.649292 16.775024 43.820435
0 267.663116 49.101036 17.680542 16.765678
0 491.61261 154.727371 20.169067 17.556824
0 479.203156 135.579529 22.059021 19.81292
0 240.784897 446.261017 19.920532 17.591431
0 556.824219 59.30645 31.382446 27.058273
0 102.5634 577.3927 36.603668 37.967041
0 362.578278 13.948399 23.049072 23.475769
0 499.168732 140.690201 19.513062 16.601044
0 425.066071 201.359512 37.709045 36.774353
0 246.037628 569.112976 21.688889 19.548218
0 298.487946 631.197327 23.834167 17.535522
0 360.792725 206.502914 20.028992 17.970276
0 381.917175 218.21701 27.713867 28.144745
0 598.355835 243.948029 23.399048 20.734436
0 393.318787 100.60862 19.69397 17.965256
0 390.591827 84.106377 18.13092 16.274277
0 370.25705 29.108189 35.343323 35.263924
0 591.234924 630.497498 67.012573 18.887207
0 7.433192 527.415344 14.866385 24.517822
0 326.125519 121.305275 30.56189 24.89061
0 427.043915 50.859192 20.623901 18.20475
