0 512.145691 258.427582 50.733154 44.696609
0 458.303223 350.434662 25.890686 24.034729
0 496.022461 409.353333 32.826172 30.130005
0 620.978271 613.457031 33.032837 32.521973
0 171.52684 486.200684 106.592224 109.699585
0 376.144531 331.290375 32.285278 28.275757
0 73.064972 266.713806 28.563931 25.780807
0 66.088402 128.569229 36.446552 35.310883
0 213.636078 280.43158 25.342896 22.841003
0 436.788086 604.32135 76.477539 66.053467
0 103.774475 402.553253 23.703278 22.686157
0 623.564453 267.671783 32.871094 46.62677
0 71.342781 524.239746 22.253407 21.580811
0 91.872681 72.405998 122.452087 103.083527
0 396.961151 428.476257 24.238281 22.184204
0 586.173462 603.352722 44.478149 37.119263
0 225.332214 83.586571 26.507904 24.90657
0 570.332886 161.64209 128.609253 134.941681
0 342.517426 183.368744 24.014038 22.993988
0 217.289886 309.514435 22.480042 21.286133
0 233.098526 44.775589 217.333344 89.257568
0 500.597168 507.143829 82.93869 68.374939
0 167.2995 146.978683 51.467468 46.544762
0 178.278015 228.575851 50.801819 47.681885
0 614.401611 54.782318 43.835815 37.936188
0 487.365906 61.615097 125.560303 96.892883
0 631.50293 115.917664 16.994141 27.598106
0 559.450256 617.490234 101.446381 44.363281
0 391.639984 67.688118 82.221558 67.765762
0 114.272232 378.226868 21.480942 18.52655
0 87.402779 417.202698 21.702881 20.927795
0 262.392822 446.957764 20.710281 18.618225
0 12.905544 105.156036 25.634827 28.756134
0 410.779175 610.903503 34.380859 32.430908
0 569.58728 517.557495 100.724731 96.498657
0 612.438416 28.397511 49.043457 45.154663
0 174.484329 633.852905 17.517609 12.294189
0 295.58255 373.102631 20.016602 19.298035
0 508.356506 477.632019 19.497345 16.713013
