0 243.623627 402.665833 33.128784 30.780029
0 83.045082 516.448242 34.445953 31.713989
0 129.099472 8.595873 47.748779 17.191746
0 581.911255 306.088654 38.163696 33.990112
0 226.221039 31.340387 44.225952 37.848179
0 598.939514 545.440796 61.748169 50.339355
0 490.566589 298.692169 48.586151 42.989319
0 40.977219 14.656996 60.581711 27.46703
0 571.769836 259.47934 22.471191 18.783768
0 562.797791 197.281952 22.411377 20.159698
0 356.782166 242.998367 28.581848 25.508759
0 200.589722 129.495163 26.675201 22.727081
0 572.380859 353.650848 29.802002 25.727722
0 594.856323 464.423187 37.919312 37.114807
0 22.484135 475.082062 27.230057 24.98877
0 561.158569 326.863586 23.911865 23.020447
0 342.149445 332.587585 20.706177 18.491699
0 441.244873 201.366119 22.354431 19.142181
0 609.624939 315.420349 24.029297 23.731018
0 543.356689 581.47229 33.489014 29.145386
0 67.104416 525.008423 57.295151 48.738647
0 33.349953 625.404785 22.636948 20.931763
0 381.519958 483.095184 29.275635 24.490051
0 85.142357 387.800629 27.070419 23.296936
0 533.774048 228.193466 42.635376 40.09082
0 622.997742 543.619995 32.131104 33.915161
0 159.814423 120.270706 22.393799 20.198296
0 472.824921 491.64566 23.030212 21.633362
0 533.549927 4.646771 20.459839 9.273106
0 415.038849 402.780975 21.504578 21.743469
0 411.383881 148.50589 22.198853 19.38266
0 490.480133 619.057373 24.698059 21.335205
0 614.486267 51.378948 49.012451 43.447182
0 562.821838 463.495331 36.953003 35.802795
0 65.634506 536.814941 40.07103 32.640137
0 5.339767 178.218872 10.679535 25.269592
0 318.205536 293.423096 22.826538 23.216492
0 24.208286 466.721893 24.779047 24.473816
0 361.440277 370.346222 33.072754 30.94458
0 585.811646 260.370392 108.37677 133.681808
0 428.984955 426.696106 25.029846 22.765564
0 25.097664 461.471497 16.560646 16.554016
0 36.116619 348.77475 39.997826 37.817932
0 633.737671 75.135536 12.524719 31.830276
