0 165.747391 157.557587 122.293854 95.262146
0 471.345215 64.078758 75.441528 67.447678
0 620.765503 314.94696 33.513428 29.855408
0 322.370972 379.550598 27.840332 24.205627
0 376.165314 176.456726 46.193237 37.291718
0 380.396149 33.630363 26.437012 23.293856
0 43.39933 90.078979 21.664513 19.125854
0 210.792847 25.506369 125.290039 51.012737
0 402.565613 67.991005 70.532898 59.821064
0 592.396484 389.574615 22.222412 20.374268
0 498.854462 24.481953 232.640808 45.915199
0 5.851481 395.502502 10.781002 27.207214
0 241.772766 350.606842 23.248993 20.058716
0 18.44149 310.846405 26.476089 21.162537
0 633.826843 506.317566 12.346313 32.26889
0 617.589233 133.474121 25.37146 21.38163
0 80.862747 148.955475 52.124332 49.051971
0 446.023438 617.989746 82.588684 42.978027
