0 117.729355 137.382095 66.026306 57.015266
0 494.266479 196.750504 29.63208 26.634735
0 597.755859 569.643127 71.134277 63.852051
0 250.151947 227.68898 29.642685 27.61795
0 263.099731 175.300217 48.488724 41.35498
0 145.904724 70.996292 31.532776 29.158051
0 348.030212 248.608109 32.978271 28.2211
0 346.552826 482.163727 29.776794 26.115906
0 483.151947 50.565079 25.905823 23.272446
0 375.461731 238.030029 25.346375 22.000671
0 334.003937 396.770416 25.871826 23.757385
0 17.608929 173.777527 25.118248 22.307007
0 276.844177 592.050598 106.78302 90.074707
0 406.65274 4.736891 24.390198 9.473783
0 323.837006 329.222107 59.289978 56.888306
0 74.114975 468.97821 20.099167 18.493835
0 321.45459 376.804016 38.171387 34.290283
0 417.457123 196.341705 20.802307 18.24054
0 349.875153 211.338364 38.462952 34.661926
0 143.910141 219.280228 33.259308 33.651855
0 230.166031 122.462143 20.928558 20.218895
