0 201.2995 386.684753 62.312164 56.883728
0 226.098785 63.929344 75.911499 68.939636
0 330.497314 31.237463 31.27301 27.721584
0 558.551575 329.460083 33.327759 30.781372
0 178.383331 369.616089 28.256622 25.482117
0 549.847961 452.707489 26.380005 24.122803
0 75.980453 586.419678 151.960907 107.160706
0 418.087097 190.995895 18.973022 19.829132
0 349.481415 257.096802 24.410339 23.825577
0 433.79892 497.741516 23.909302 22.501526
0 630.417969 467.871216 19.164124 22.424683
0 485.418335 173.271515 230.500824 209.99646
0 537.205139 18.845951 19.133911 18.618538
0 402.641724 81.186005 24.307434 21.770599
0 311.887787 372.649048 23.663879 21.910583
0 382.678802 628.507507 27.308289 22.984985
0 324.923492 360.415253 23.60907 20.99939
0 261.3638 7.935832 27.561279 15.871664
0 170.371429 472.47171 24.503815 21.346497
0 574.168701 354.996704 20.277466 19.06781
0 488.552185 162.169159 26.765808 24.863159
0 273.086456 425.157928 20.431885 18.769165
0 28.989399 209.676605 19.118002 17.525238
0 244.575699 19.901779 26.322113 25.009148
0 345.620575 452.892548 20.336914 17.792786
0 171.667374 456.370087 19.714569 18.266296
0 262.217957 471.549255 21.211411 20.421387
0 453.658844 624.430298 46.4328 28.635986
0 571.914612 549.471924 93.341187 88.053101
0 491.199646 605.399536 39.533203 37.263306
0 574.724976 583.048279 19.774902 19.039307
0 633.187256 7.317312 13.187988 12.633484
0 627.431213 589.743835 17.093994 19.012451
0 355.947479 331.516479 20.717957 16.550537
0 275.097198 185.482422 25.592712 26.499603
0 480.489166 588.477234 17.427124 16.921143
