0 25.575356 579.974121 47.761787 44.032959
0 586.81958 296.847351 30.724243 30.431641
0 269.229553 478.825684 84.722519 78.96109
0 356.210968 15.439604 18.892212 18.034389
0 305.831665 192.027832 19.23291 18.808472
0 154.959564 414.505981 20.454529 17.476685
0 191.905838 200.090286 58.600159 56.503632
0 12.408481 536.474304 24.816961 33.765625
0 180.248169 473.865509 49.275665 47.080994
0 529.35968 19.767862 26.108154 25.100536
0 129.868896 219.752457 60.802185 51.528046
0 592.930908 145.374817 17.180176 14.401184
0 371.823517 506.06131 21.662415 19.693909
0 534.552124 372.280182 105.572021 96.003601
0 195.39061 107.290993 16.88324 16.184814
0 151.414474 319.438721 33.608337 31.956726
