0 193.752777 368.708588 108.967255 100.519409
0 343.759979 506.337036 52.985168 49.489716
0 520.000793 408.611877 65.756927 60.345398
0 284.532532 42.757298 45.938171 39.680092
0 220.87619 51.374115 33.340851 32.1991
0 411.092407 177.012772 130.761169 117.047943
0 459.954407 449.041626 23.745178 22.486389
0 328.516663 628.479065 42.819946 21.522461
0 583.221069 85.689842 38.338745 34.204208
0 509.635803 90.275917 41.70047 36.189499
0 300.635986 609.681274 31.951416 29.014893
0 500.721008 43.78928 37.131958 33.470589
0 540.339111 68.580025 37.058472 31.707474
0 314.700806 13.028963 34.297852 23.89436
0 457.495605 477.625824 20.56842 19.942932
0 347.142426 237.636307 34.679993 33.549347
0 12.374565 521.462097 24.74913 32.518311
0 581.761475 177.321701 96.13916 80.759338
0 461.826172 82.180565 51.223633 44.268921
0 260.081482 579.828552 71.796066 65.12854
0 133.041534 465.948334 22.583374 22.438904
0 619.689697 619.972473 31.614502 31.279053
0 130.926895 16.016129 28.880829 26.494339
0 97.578392 40.109764 22.08963 20.256882
0 445.198975 233.848038 20.047058 18.746918
0 632.339355 295.946289 15.32135 22.662964
0 463.768188 107.741455 38.449341 33.086365
0 371.399841 39.93959 61.254517 51.513607
0 538.06488 240.005798 164.342896 136.080215
0 307.871033 338.687347 109.965576 106.086792
0 389.076782 419.29071 116.226257 110.151428
0 22.035439 205.84845 21.43589 17.76767
0 486.113831 457.909821 18.285767 17.170227
0 562.362122 330.685944 39.836792 40.200256
0 302.134064 247.518082 62.881409 60.652679
0 32.34626 25.411125 21.160271 18.595909
0 497.314026 8.778481 47.679657 17.459248
