0 318.000092 211.298782 32.62616 31.689941
0 196.821533 154.739807 28.114838 26.595886
0 181.239853 323.267761 30.70816 27.262573
0 283.998749 627.153198 24.354675 21.440186
0 307.760437 242.134735 25.584839 22.898743
0 223.784836 271.326721 30.738373 27.87207
0 271.441437 137.446091 18.517456 16.547211
0 180.510559 597.843628 79.120728 69.976318
0 92.238342 132.0578 42.220963 39.640709
0 341.177124 54.268661 31.078735 26.561413
0 18.162281 226.073639 35.39695 38.597656
0 123.344589 621.62207 46.046967 36.755859
0 170.685898 57.625214 69.557526 65.28511
0 23.913326 165.697372 18.995956 18.401398
0 98.598541 623.331055 20.18718 19.466553
