0 464.748047 509.24765 44.47229 35.033142
0 77.586945 551.018982 81.718491 74.626099
0 378.588715 23.672657 94.470581 42.997368
0 153.775696 71.659721 25.351074 22.988358
0 447.657288 305.124268 31.373291 26.84021
0 356.554199 177.597839 28.309326 24.307281
0 205.70369 421.339478 23.20105 23.6073
0 175.348038 410.054596 44.378052 41.595764
0 403.058289 450.403534 27.641113 25.128845
0 146.591019 415.893768 99.930725 73.167419
0 125.916275 421.272034 48.30851 47.844788
0 232.029099 80.027725 131.641144 108.759247
0 410.967834 355.843628 30.522461 29.006287
0 526.918335 585.483337 44.42749 39.781738
0 25.338097 630.403198 42.847229 18.090088
0 42.161835 337.963745 77.879257 85.955566
0 488.473145 471.4505 72.588989 63.935547
0 583.493958 371.341797 60.779053 53.213257
0 146.131607 553.304626 70.44693 64.688232
0 331.181458 426.281006 170.947083 157.03064
