0 532.536743 442.99231 29.305298 27.173523
0 329.441986 374.272675 39.151489 36.504456
0 55.761574 18.098637 63.91621 33.874229
0 627.950073 531.495117 24.099792 41.187164
0 502.214233 185.573914 275.571533 318.363281
0 329.622009 553.254272 22.876038 21.343384
0 73.692291 257.719757 20.843597 19.408936
0 5.705168 219.986832 11.410336 27.562073
0 352.929047 359.971161 21.136536 19.234741
0 223.854004 436.499542 20.542877 19.698242
0 473.414307 432.490143 25.660339 24.74292
0 497.961945 318.240845 19.198059 17.78125
