0 277.147125 13.632152 31.40564 27.264303
0 599.466675 275.687958 81.066711 71.904465
0 476.711945 298.515198 63.135437 57.372192
0 230.187408 226.923538 37.547882 34.033417
0 307.438507 256.143158 30.304443 27.134781
0 312.279877 122.962723 62.309875 55.119049
0 120.935791 396.762909 26.505493 25.389587
0 125.658157 126.03772 24.105072 21.551109
0 504.358215 495.53418 22.288849 19.668091
0 74.818283 221.365753 23.845276 21.147339
0 90.341553 559.473389 76.867195 72.017334
0 570.300049 90.534912 20.811646 18.917328
0 57.735672 119.751442 26.907089 24.23671
0 516.355164 11.473652 43.627716 22.947304
0 130.149979 290.85791 23.494759 20.831238
0 170.487946 129.365143 27.651306 23.815559
0 290.475067 34.963413 20.336365 18.552994
0 73.156952 245.814545 20.631729 19.047302
0 159.910324 597.887817 30.156464 26.65979
0 591.875305 70.824554 46.990601 40.28157
0 83.498001 511.079376 21.415649 18.736633
0 93.56781 451.867035 34.804245 30.330139
0 313.25647 596.364563 22.660156 19.699097
0 390.975067 156.756149 29.615662 27.846863
0 330.622711 403.095673 27.604614 23.122498
0 511.0271 259.170471 20.42453 18.029053
0 284.17804 241.56958 23.573547 21.458801
0 66.616135 623.921448 40.355717 32.157104
0 39.594223 109.408951 21.829803 21.182526
0 184.968597 199.855804 20.095123 19.521881
0 626.717529 391.230316 26.564941 33.32666
0 373.605927 186.673676 112.130066 101.589508
0 368.918854 131.115097 45.600281 40.028046
0 545.690613 21.835487 36.214966 32.005936
0 74.424904 585.785156 72.052078 61.644653
0 292.57254 197.876358 51.786438 48.041077
0 27.037109 359.228638 53.13726 59.543274
0 163.690475 123.84761 36.681488 29.396606
0 576.559143 621.08136 19.522095 17.565552
0 236.256897 205.032425 21.468689 17.491669
0 578.421631 84.398376 123.156677 130.487793
0 493.657867 75.40361 39.995911 36.819607
0 579.388916 76.076736 91.421509 83.973541
0 616.640869 203.035782 45.946045 79.768646
0 528.703979 266.065674 21.723999 17.616333
