0 13.618044 581.058594 26.46455 27.339111
0 86.333847 398.103302 86.846954 79.791504
0 341.106323 629.654419 28.846252 20.691162
0 505.428284 82.366768 38.918579 36.835098
0 462.991821 49.171486 39.773682 37.045441
0 170.864441 371.175873 90.277824 78.902405
0 295.827087 445.199982 24.001587 23.644104
0 307.270844 64.739716 32.257568 30.469406
0 195.095474 255.455566 84.887939 78.434753
0 30.7705 415.463867 21.346748 20.548279
0 257.242859 188.784836 20.583862 20.323395
0 329.357666 193.087189 56.454102 53.219055
0 271.945679 283.046478 22.257446 20.549866
0 187.390991 607.91333 22.749329 22.482178
0 90.931458 468.410583 38.291595 34.845947
0 425.741333 507.295227 84.322205 74.396973
0 437.602722 200.668243 26.700439 25.648407
0 105.599579 569.709778 19.429733 18.277832
