0 427.951385 323.97113 28.727234 27.500854
0 470.382477 477.820312 30.442139 26.713013
0 104.973541 470.489868 35.154327 30.048889
0 74.714096 233.339127 21.568756 18.829529
0 570.595276 632.43512 30.745605 14.791748
0 488.618744 217.158112 20.280701 18.768402
0 482.505585 60.147232 19.153442 17.912052
0 502.513611 117.916084 21.13028 19.960236
0 203.125778 99.960518 21.513428 17.110565
0 624.560974 213.217117 27.46936 26.5578
0 47.637566 130.075562 18.620827 16.456146
0 226.986343 169.29686 54.009033 51.521149
