0 439.158386 357.84964 32.280884 28.270325
0 45.151901 421.121094 49.333359 41.115173
0 274.448273 98.899719 28.58667 26.791321
0 517.068542 336.355286 28.255249 25.161621
0 294.942261 331.825592 42.729858 32.275818
0 263.566742 75.134254 32.024734 29.007568
0 293.846436 167.392365 22.988586 24.313446
0 296.955597 49.012802 27.480835 25.592697
0 453.707458 94.807343 23.891541 19.768219
0 173.169815 325.832733 24.363312 24.063538
0 220.893311 18.798073 76.879639 37.015762
0 263.068939 51.557194 35.319397 30.999718
0 294.972687 20.505436 26.896851 25.582916
0 267.125763 35.141083 39.830856 32.706688
0 573.486694 332.844727 24.886353 20.215942
0 557.17865 519.684692 24.118164 20.679565
0 105.923149 276.163361 32.847656 28.863892
0 331.671722 15.315393 29.202942 26.956631
0 628.836121 593.347351 21.827393 23.150513
0 450.533142 527.69519 24.682739 23.672485
0 324.089722 274.825592 17.462036 16.28595
0 594.312683 120.961166 31.487305 29.637001
0 550.907898 310.91275 23.191772 20.055054
0 7.137386 500.148682 13.698263 24.940033
