0 499.543274 301.35141 58.931519 59.281738
0 69.160629 399.42572 62.472626 61.074097
0 142.17543 390.46759 26.776398 24.565735
0 366.269928 298.344574 28.608521 26.925598
0 475.713074 461.39032 24.347717 23.129211
0 273.241302 246.213608 20.377075 19.338837
0 263.999847 613.25116 30.945435 29.481445
0 436.716522 434.226868 24.361572 21.667725
0 361.810181 515.269531 25.079834 22.436768
0 244.744293 633.059082 29.671494 13.881897
0 353.139099 623.09552 19.786621 19.165771
0 625.746338 481.12558 24.009888 21.892273
0 247.299728 547.278503 20.275726 21.105713
0 200.05014 203.935226 34.351257 31.155884
0 23.981117 297.220062 19.047319 18.444092
0 334.644257 550.362976 20.625 20.17688
0 635.263733 551.791382 8.595459 26.061768
0 573.268921 177.334778 19.92981 18.948547
0 398.130127 72.142891 21.164612 20.087631
0 255.19101 48.905975 24.132126 24.344322
0 4.251331 198.323669 8.502663 25.593872
0 476.691772 114.425751 20.890991 19.652817
0 473.101868 411.5867 26.241211 23.906311
0 282.950806 561.566711 19.332031 17.875
0 522.005249 139.865326 27.756104 25.006836
0 127.586823 544.665649 17.6493 18.992554
0 502.133087 617.505981 17.405701 17.370483
0 211.394104 317.494141 17.20578 15.704346
0 129.137955 603.808411 25.526619 28.727295
