0 329.067535 184.179871 38.172485 34.249603
0 318.584778 503.070374 29.488892 26.724945
0 170.337311 31.775311 41.181183 36.668739
0 422.877075 383.588959 35.607727 31.642029
0 623.942749 21.947472 32.114502 34.138031
0 538.532715 135.887039 29.43042 26.926361
0 288.930817 101.963554 29.675842 28.841644
0 229.621765 583.071289 29.917999 27.739258
0 421.017426 411.285065 26.60968 25.482483
0 327.174835 154.158051 35.94519 31.147156
0 103.691444 234.528305 24.291138 21.773956
0 601.956055 632.671021 36.601074 14.657959
0 37.391846 106.894363 23.087358 20.366211
0 148.445206 8.651348 32.955414 16.653194
0 288.76944 73.728226 153.846558 120.119873
0 322.560974 536.635315 23.946655 21.17395
0 45.655228 9.759844 37.541428 19.519688
0 157.35936 451.680328 40.149597 36.970093
0 438.782745 633.893799 24.773132 12.212463
0 285.781097 89.802673 108.609482 72.759216
0 22.263815 394.590515 44.52763 64.430176
0 309.355255 572.387817 19.160889 18.392456
0 635.75647 45.295361 7.449341 23.130615
