0 473.996643 240.374374 120.558258 102.580841
0 569.70459 587.732117 136.731323 104.231812
0 604.028503 481.340759 32.285645 27.14624
0 218.65506 415.831299 75.977554 69.890564
0 331.330261 153.194794 36.980225 31.135162
0 416.9505 323.173279 32.644043 29.534119
0 396.745056 389.372955 32.563477 28.407227
0 214.425644 133.005188 32.197479 29.707306
0 612.006897 118.029312 31.449463 25.642853
0 482.388336 313.547852 30.028259 25.896851
0 469.216064 214.931961 23.717285 21.620087
0 263.047516 207.830292 79.375732 71.483307
0 613.884766 564.917236 30.963867 26.164673
0 622.293762 359.115662 35.30188 64.886108
0 164.855942 241.898148 27.284058 24.431793
0 298.486725 266.382812 33.639221 28.129578
0 601.274048 174.819656 25.621216 22.232819
0 462.647522 377.086426 28.34906 23.724365
0 266.593658 491.433258 56.8134 50.740051
0 323.173157 297.93515 44.73053 40.955872
0 483.086945 481.742554 52.855164 49.953613
0 353.943634 22.746559 93.99231 44.268631
0 12.171114 480.040497 23.467354 80.062195
0 237.816452 354.404144 26.837494 24.766846
0 537.452393 85.775711 75.29007 67.907303
0 253.168243 98.984024 26.836319 22.632217
0 91.685349 414.795258 34.130035 31.65155
0 546.230957 234.712021 23.365845 21.08609
0 556.654724 103.513237 45.131592 38.988907
0 631.99939 125.241203 16.00116 19.436966
0 384.337158 452.237335 25.538574 23.966614
0 209.267685 169.941589 23.505463 19.874725
0 522.78363 151.405441 45.920624 40.018585
0 354.014587 443.742859 17.554993 18.636963
0 72.477814 604.016357 144.955627 71.967285
0 455.812622 314.019714 23.365906 20.671143
0 346.398621 452.703369 231.334534 187.486115
0 279.765259 288.975281 42.042297 34.344543
0 112.710526 12.544653 72.996948 23.007812
0 630.038147 479.038544 16.462402 20.240356
0 64.889954 523.331055 110.913147 97.102264
0 635.248352 626.612976 9.503296 22.889893
0 363.396149 634.655884 20.277893 10.33313
0 50.009041 426.88504 31.885998 27.264893
0 631.107971 456.538116 17.672729 30.21637
0 608.179382 71.141777 20.304321 18.770283
0 594.585999 43.461586 21.598145 18.58036
0 177.870804 58.695297 21.72168 19.143467
0 326.875153 335.286804 20.96814 19.319336
0 509.941528 318.353516 21.22995 19.14447
0 342.250671 520.290955 43.757751 38.678436
0 486.051178 49.419987 50.249146 44.694069
0 535.747986 453.038025 21.373779 19.406189
