0 127.25351 179.180389 41.869743 36.717163
0 284.663422 520.175232 50.902649 47.89209
0 182.475067 188.43306 26.952637 25.892242
0 294.567078 254.684692 25.657715 24.00563
0 386.074646 456.963959 24.522766 22.312805
0 491.590149 247.475342 23.820557 22.758591
0 535.235535 273.474243 23.899292 21.053162
0 58.63311 197.963104 26.299946 24.800049
0 145.457352 308.967194 20.287872 18.922241
0 265.774933 442.535309 65.35347 61.0177
0 168.287338 527.428833 21.134186 19.608643
0 293.538788 372.22229 48.469299 44.633789
