0 96.701675 116.307037 29.894608 27.160271
0 57.273563 203.761139 60.814949 59.308319
0 414.710266 34.344246 49.41687 44.043304
0 329.312286 81.114952 48.870911 47.460739
0 183.613708 19.686398 39.940887 33.823341
0 365.257111 612.866455 33.006958 28.448486
0 153.544266 243.566101 29.177429 28.070389
0 288.047302 152.935532 54.206482 47.819214
0 203.956573 219.272644 33.573395 29.984436
0 547.355164 376.173584 46.721924 39.999207
0 245.88446 14.614983 48.385086 29.229965
0 252.526993 237.697128 30.602631 26.440155
0 375.259064 376.216949 48.208252 42.63208
0 198.126648 618.011719 25.79422 23.873291
0 468.188293 479.725525 50.144897 45.56543
0 269.044312 35.217834 27.995255 26.001009
0 508.970093 415.808563 36.229492 34.146545
0 199.587646 554.376709 21.611908 20.906494
0 289.8237 14.836298 43.432129 29.672596
0 166.841827 583.679932 26.209686 24.454956
0 452.182312 127.556625 20.562744 19.507256
0 396.595856 144.086288 24.257507 22.785065
0 470.03125 581.136108 38.485718 32.580566
0 316.556519 202.94632 31.068909 27.745422
0 620.888306 338.671082 38.223389 36.410461
0 143.535553 228.550491 52.347633 48.785004
0 211.369568 142.427872 43.113922 38.063934
0 504.476349 467.302673 38.464539 37.841858
0 91.663383 29.33783 22.781479 22.428368
0 139.305206 176.151642 23.388008 21.214722
0 575.648499 346.896515 23.369751 21.923462
0 548.709656 339.296875 22.71582 20.55658
0 609.705994 498.338867 59.472778 69.633942
0 296.422791 224.01622 33.019287 31.161591
0 12.095072 294.820526 22.797695 22.796753
0 569.68689 623.749084 35.893066 28.478638
0 322.802216 287.892487 28.086792 25.115234
0 473.771118 433.913422 39.900635 38.97583
0 568.103516 144.348953 21.608032 18.70343
0 363.2034 144.592285 39.160828 36.817505
0 484.250732 631.884705 31.8974 16.230591
0 293.488159 502.854797 18.710938 17.272644
0 312.033936 42.607292 54.910767 47.080444
0 474.961578 319.233612 26.035889 22.27063
0 114.94516 472.780792 23.347839 21.550964
0 33.639565 461.102631 20.175674 19.987122
0 630.862915 130.812393 18.27417 21.498016
0 320.912598 250.635406 54.780273 46.750198
0 507.049072 529.023926 34.413239 30.258789
0 223.662201 56.30426 74.119019 66.697418
0 463.149384 601.160645 23.89856 21.224243
0 543.602234 234.040298 26.213623 26.042206
0 237.749771 193.839218 27.668854 25.509064
0 20.880947 117.332825 22.340628 21.498772
0 527.534424 615.782104 20.895386 18.716431
0 170.474167 46.587101 23.862335 22.717537
0 494.437378 609.749695 36.437286 33.854126
0 248.552948 598.441345 18.727844 17.581177
0 49.701183 7.586007 29.531578 15.059977
0 565.047241 510.67453 37.189697 31.180115
0 164.825226 436.954254 24.061707 22.600403
0 36.092316 478.84729 17.997713 17.347778
0 148.065323 440.661469 20.67392 18.661316
0 308.181183 112.257774 24.557312 21.240707
0 117.313965 596.438354 17.57196 17.489014
0 501.11145 564.464966 19.777039 18.000732
0 86.705536 282.239899 19.632126 17.758972
0 613.555481 179.249542 27.458496 22.952271
0 625.297241 234.87529 29.405518 40.002411
0 337.916626 386.163971 32.493958 28.047607
0 336.641235 527.614441 37.825073 31.913666
0 98.275482 459.819489 20.783218 18.169128
0 332.013733 140.5961 22.960327 22.961914
0 396.69342 70.712234 17.833252 16.786819
0 209.583572 163.706467 31.697327 25.928619
0 582.214172 257.349457 44.673462 42.39856
0 38.337227 231.397354 24.768135 21.397736
0 104.752853 344.266296 34.923279 31.382324
0 482.760345 352.579559 19.262512 17.268555
0 59.712151 591.471069 117.239868 93.92334
0 428.920105 281.768982 34.269409 29.083801
0 102.339104 173.8246 42.783737 39.527496
0 567.891479 532.139648 27.060547 24.584961
