0 454.928619 285.919434 26.874207 25.423035
0 73.220131 146.832901 37.50444 34.527252
0 105.354141 335.013092 47.663544 42.748657
0 105.723564 578.803101 26.080551 24.89624
0 336.503998 313.989838 25.003235 22.716797
0 318.760895 375.861389 51.327515 42.37738
0 131.147247 71.994675 70.941475 67.446747
0 486.808289 607.541016 24.135132 22.453613
0 153.743118 346.451599 24.750427 22.716736
0 110.934692 168.203537 55.03064 48.981598
0 422.323639 526.7948 21.140869 19.288818
0 377.966583 92.796677 22.581482 20.793076
0 465.68454 333.458923 20.265564 19.621338
0 109.612534 117.993393 29.43425 27.05587
0 16.503033 295.575897 22.793419 19.061279
0 597.195496 312.182465 21.419067 19.44812
0 354.577637 19.861998 23.830627 18.595997
0 567.440125 425.304718 20.000366 19.933105
0 401.044189 632.049377 20.367615 13.966919
0 342.579102 357.701691 27.08136 23.005432
0 366.067444 602.08429 20.442017 17.97522
0 377.889893 351.230316 44.833069 40.024536
0 107.524384 80.180908 29.956818 27.279007
