0 20.22308 572.530457 40.446159 40.234375
0 602.152222 558.416138 72.206543 119.268433
0 344.086914 379.944702 29.544495 25.972473
0 387.619568 620.727051 23.447388 22.026611
0 314.812683 114.269478 21.123901 21.016296
0 173.531891 159.295212 21.709473 20.599854
0 530.251099 26.414267 26.780029 24.230839
0 170.46698 136.747772 20.194122 20.811432
0 597.877014 122.54628 24.588867 23.084923
0 218.20285 58.157272 17.945831 16.169407
0 240.99704 129.315872 20.788055 18.858803
0 301.465607 279.798615 51.578186 50.585144
0 36.688354 220.502594 19.614134 18.322083
0 216.572601 585.174927 23.440338 21.844116
0 352.400909 61.237144 19.932434 18.498016
0 530.958313 71.335938 66.667114 63.648682
0 233.214386 486.213104 19.492432 18.61853
0 174.314804 77.839767 22.13327 20.802719
0 134.373703 614.441162 97.15316 51.117676
0 370.918915 105.468277 22.726807 21.449432
0 358.033478 534.15686 192.798645 185.696136
0 393.206268 370.842072 119.463562 115.789368
0 474.970367 442.409515 48.085815 42.402283
0 48.178802 22.183964 96.357605 44.367928
