0 47.123959 532.878723 94.247917 118.841675
0 317.69278 514.330688 75.660706 67.360474
0 156.945724 167.548538 46.427765 38.671204
0 484.445251 617.676331 54.824341 44.647339
0 253.607956 608.776428 83.524811 62.447144
0 432.118378 473.720215 124.752197 99.846039
0 452.50946 420.876678 31.330872 28.226746
0 452.076263 268.77887 70.502991 65.740891
0 564.255737 559.770813 42.680786 36.75061
0 114.602249 596.39502 104.723877 86.759277
0 506.64447 354.056519 36.695465 29.147827
0 171.674362 574.771484 29.545685 24.80957
0 577.575317 615.906799 64.85022 45.221313
0 427.833374 599.575134 26.767212 23.055664
0 254.148392 512.049316 40.010345 33.820282
0 155.409546 394.8284 19.165131 17.594177
0 485.588684 67.814308 23.437378 20.128613
0 380.818481 631.68689 30.514404 14.715088
0 152.783783 502.191589 142.355835 129.677979
0 167.463196 112.905197 21.348785 19.804703
0 220.851913 452.387177 45.327393 38.68457
0 531.20105 616.435974 37.869019 34.426392
0 204.746567 571.648865 28.067291 25.538086
0 304.901642 444.405701 77.374146 58.279846
0 155.042526 89.518677 310.085052 179.037354
0 554.662964 529.302002 33.738037 31.529175
0 575.433533 603.81134 48.786133 41.021973
0 210.39064 402.499115 55.975098 54.361816
0 313.298248 630.5224 27.394409 18.9552
0 268.146851 230.731247 18.782288 17.545166
0 476.67688 378.226471 37.651245 33.252075
0 296.065857 436.925079 48.520081 39.889526
0 165.554291 520.642822 91.645683 82.887665
0 305.014496 389.812378 97.78064 79.420288
0 558.463806 542.226196 43.314697 42.836914
0 203.873184 475.793549 75.186188 72.297546
0 309.893524 461.015686 109.544556 81.267761
