0 236.204559 215.672073 54.372055 48.810394
0 281.298248 499.317566 30.79303 27.822296
0 579.947083 422.206848 30.469849 27.632751
0 367.842773 444.661743 32.352234 29.67041
0 599.548584 539.321167 57.47876 47.589233
0 130.69722 349.910156 34.437805 32.104187
0 534.427856 511.248108 50.852905 44.211334
0 230.214218 273.171021 29.891663 26.804016
0 305.20932 14.74031 26.79248 24.29085
0 462.223633 12.11859 24.455261 21.804899
0 614.236938 246.918198 24.14856 22.467072
0 451.151581 571.871582 27.767395 24.164062
0 44.280373 630.958374 24.828108 18.083252
0 360.270935 513.184326 25.148071 23.127686
0 281.849457 535.104736 21.467224 20.78125
0 522.334106 70.631546 19.703857 18.363773
0 547.537109 202.116562 22.690552 21.245239
0 428.915192 446.123352 29.961365 27.605774
0 580.424988 353.811035 24.884033 20.549255
0 545.397522 35.272747 21.931152 20.174896
0 482.954315 402.91153 25.272888 24.430725
0 384.416992 291.691345 137.588562 114.238403
0 572.830994 446.951813 22.275635 19.50769
0 370.262512 569.553223 32.739075 29.45752
0 565.669006 534.768677 22.130371 20.536499
0 308.907776 484.747772 21.625671 19.491638
0 399.720917 437.167145 28.962769 27.530945
0 578.963013 104.148758 21.019409 19.935364
0 102.620125 6.313587 21.562317 11.37727
0 505.720032 451.939789 22.009125 18.498657
0 449.637665 371.898254 25.446594 24.361755
0 340.877258 413.952759 21.597168 17.94281
0 567.67218 606.93927 21.178467 16.829834
0 526.211182 139.75502 18.969971 18.656952
0 595.300903 310.026611 83.795776 77.462585
0 372.858582 375.792908 28.041992 24.889343
0 318.075226 354.328979 27.358154 25.008484
0 554.690613 259.031525 22.574097 21.077698
0 502.581421 608.621887 26.144653 26.013916
0 319.807648 562.310181 20.089905 18.152588
0 591.429382 63.72316 18.155884 18.275406
0 623.743408 93.736755 17.18103 17.761688
0 331.688171 377.101532 30.635864 25.364929
0 407.815857 16.967773 18.449402 17.462814
0 567.692139 273.970642 18.81665 18.50061
