0 543.898376 374.25 56.918335 53.563354
0 514.472351 596.605042 27.117584 25.741943
0 89.352425 498.27002 34.420029 33.339478
0 603.178101 207.2883 28.263672 27.085236
0 18.638657 126.501526 37.277313 34.573616
0 224.380936 77.272163 41.36731 39.351273
0 297.052826 113.005653 31.542725 29.21431
0 46.477669 511.085266 29.432005 25.052094
0 264.722992 57.535782 23.991714 22.390594
0 138.306076 164.78096 24.13443 23.24176
0 266.846405 269.907349 25.627762 22.327942
0 191.014771 328.621857 25.134094 21.830994
0 194.668457 51.43293 20.511353 19.024887
0 101.135612 595.593628 30.316696 23.702271
0 488.532806 161.455688 21.038696 18.965607
0 14.214111 158.545609 24.604229 23.039246
0 96.718155 551.259277 22.84996 20.727051
0 273.669647 515.28717 24.14325 20.469635
0 555.636963 12.147661 21.519531 18.324097
0 9.210991 66.348419 17.969063 24.023407
0 410.864746 6.723204 21.704651 11.832125
0 308.384644 523.125916 23.959412 19.796875
0 350.565643 170.928055 37.744568 33.71402
0 132.412811 564.750977 22.090027 19.102905
0 343.37915 244.619354 36.433105 30.899918
0 241.103073 538.253235 20.758667 18.270996
0 33.872482 374.225586 21.881041 19.653992
0 329.585999 115.637993 35.61853 34.785812
0 58.500641 4.523943 27.424667 9.047887
0 205.686142 173.89357 23.02243 22.249481
0 193.141708 11.133073 29.801727 20.213808
0 422.911987 135.407288 22.23468 20.518646
0 355.371368 143.111877 37.852844 34.641968
