0 490.050659 155.653732 31.939636 30.854034
0 627.522522 203.713409 24.954956 30.547333
0 538.766602 69.149551 22.134399 20.228413
0 463.026245 36.894386 30.226868 27.764809
0 391.516876 155.087021 26.259338 24.65564
0 402.799957 317.663422 23.40979 21.8573
0 433.616211 313.600555 37.83905 33.828796
0 552.551086 398.849518 25.394897 23.548523
0 9.175509 202.331009 18.351019 21.973083
0 584.620178 71.907043 23.75647 22.93507
0 558.947693 282.764954 27.757935 26.598938
0 209.939835 434.979279 24.733032 22.889771
0 362.689911 198.64241 35.888611 31.495911
0 631.644043 155.188217 15.806152 31.039093
0 286.456146 99.377007 33.745972 32.05629
0 150.038803 195.548691 31.354828 28.271149
0 524.743652 309.490631 33.741333 32.157776
0 510.802307 270.794891 18.952972 18.265686
0 490.56665 418.505951 40.411011 36.277283
0 552.971741 375.567596 21.818726 21.71698
0 573.785095 397.520752 21.772705 19.499817
0 371.87973 421.320007 18.995789 16.924194
0 411.236847 184.18248 22.605347 20.52594
0 313.152039 573.826233 21.332397 20.403076
0 633.690796 100.227837 12.618347 17.494537
0 261.667572 366.932465 18.479797 17.988403
0 630.796631 371.579895 18.406738 27.076294
0 384.267792 131.030884 21.955261 20.188133
0 332.387665 69.456764 29.569946 27.455227
0 371.147461 597.982361 29.470764 25.54834
0 492.611511 565.846863 27.787415 25.904785
0 431.421539 289.064545 23.202637 19.838196
0 551.696655 306.640015 22.005371 20.73468
0 500.776337 65.650688 15.918579 15.653992
0 224.991241 51.842319 20.432709 18.88961
0 35.438225 55.980865 33.209427 27.538631
0 428.958008 205.044037 17.103882 16.968018
0 472.917664 595.782288 45.137573 41.9729
0 427.159454 632.476562 28.966553 15.046936
0 443.167603 29.723383 16.700439 15.894741
0 534.465149 373.425537 24.590332 21.074829
0 289.442841 228.030228 53.573303 44.052673
0 558.515686 184.118317 112.491943 107.551666
0 314.983734 508.538422 18.310425 16.447327
0 215.597885 69.066101 24.862152 21.763138
0 480.270691 595.2724 27.990356 28.223389
0 244.955933 221.817169 28.557495 24.065125
0 315.618561 265.934113 53.022034 46.029709
0 244.42186 565.496094 21.967987 19.844604
0 548.151245 327.606689 16.914673 16.092041
