0 108.727821 437.745728 48.024734 45.230835
0 421.431488 274.18988 26.063049 23.911865
0 372.38623 534.135559 24.020569 22.89856
0 469.188263 271.604004 24.457153 22.58905
0 575.87262 109.081932 21.421997 22.046188
0 145.758667 552.897766 38.394348 35.929932
0 217.171112 62.155533 260.03302 120.892517
0 66.070366 372.370728 32.270294 28.527222
0 63.822811 552.713623 127.645622 174.572754
0 29.175098 124.726776 57.433311 52.655609
0 625.898438 550.13562 25.632812 24.252197
0 399.669434 260.820923 29.317078 28.544617
0 68.517578 381.97699 43.851913 40.332092
0 446.635284 450.705872 32.259766 28.858032
0 390.250214 291.210083 48.68219 43.863159
