0 393.432312 472.778229 155.179199 132.828064
0 267.839783 57.814262 42.041946 37.21452
0 359.940704 100.240257 38.424988 37.656372
0 83.284569 179.90538 52.766888 47.172577
0 181.048615 37.33617 39.826477 36.458298
0 609.121948 91.681801 44.13269 38.182358
0 278.571808 233.435242 37.926147 35.406708
0 569.780212 316.853424 32.656006 30.273376
0 395.174774 284.014832 30.719299 26.885681
0 179.936096 431.581268 42.638184 37.350891
0 419.558807 252.042511 26.504211 24.525818
0 309.374512 155.501694 25.828247 24.278687
0 535.231506 109.744667 25.186646 23.199326
0 171.334015 80.643196 27.590271 24.527359
0 532.636841 292.836243 25.965698 23.75061
0 173.557205 194.182037 24.572266 22.868164
0 197.925018 387.697052 27.980835 25.361938
0 331.76474 271.797089 27.35376 22.503845
0 136.177322 625.207764 28.737 26.120117
0 459.792267 127.05809 49.870911 45.458107
0 373.22345 387.912415 42.165955 41.133484
0 297.556458 380.592529 46.664551 43.277893
0 423.080139 383.260468 53.464111 48.324219
0 597.269226 354.318909 25.262939 22.760071
0 458.588074 561.476379 21.078064 20.410645
0 508.938049 340.772858 25.994781 23.51001
0 418.086426 347.775574 46.448181 42.580139
0 133.470596 514.948975 132.127258 111.749756
0 582.758423 450.19696 22.125244 20.682251
0 554.175415 20.228645 21.430298 19.913754
0 356.089355 276.749969 21.212402 19.007324
0 37.988228 366.45517 75.976456 123.799744
0 304.80426 107.877563 22.390564 22.936493
0 274.084869 418.438599 32.444885 30.181152
0 360.704834 234.766785 19.512573 18.281097
0 617.419678 440.639526 26.489868 24.931458
0 463.456116 183.135132 19.926392 18.176697
0 507.444519 140.498611 19.343964 17.522125
0 240.237732 545.96875 73.595459 68.349579
0 304.241364 619.949707 21.393372 20.123047
0 354.688721 164.245499 22.209839 19.337891
0 30.099411 202.396713 28.451225 27.035278
0 630.256348 449.179626 19.18042 22.670959
0 548.776245 129.253555 16.605103 15.304329
0 172.603165 465.025085 62.314697 54.900635
0 37.126202 380.590942 18.366419 15.940674
0 242.884857 334.543884 17.995605 16.827515
0 142.184448 374.627319 34.281181 28.166687
0 384.377472 242.394745 18.830933 16.31073
0 65.0261 209.682953 17.793701 16.689484
0 12.187475 111.387695 24.37495 41.484917
0 315.646271 343.382996 59.714478 51.010559
0 512.686707 251.873871 17.804932 15.767258
0 176.036545 376.07373 29.400757 28.195129
0 261.263519 498.055634 30.483322 27.087646
0 230.534363 451.709229 19.649536 17.787476
0 168.044754 531.260864 55.071625 51.73996
0 39.909779 382.620422 58.571892 61.143738
0 621.042236 245.80365 37.915588 126.942001
0 252.814056 399.815338 32.05867 30.891235
0 283.118591 476.651123 30.932556 27.676331
0 497.113312 255.397903 17.193848 16.801178
0 455.742188 181.209869 30.618469 20.94516
