0 366.682892 313.948914 27.924316 25.43512
0 341.880798 513.715942 26.738892 25.127899
0 190.631256 147.972931 29.896637 27.441376
0 49.222519 580.192078 38.71402 37.038818
0 438.036438 50.331451 28.634033 25.362793
0 322.097809 597.420471 23.695984 22.335693
0 593.330627 306.651642 28.497925 26.691223
0 72.302025 72.438179 28.243469 27.293224
0 142.455933 8.38039 41.561005 16.76078
0 11.806673 319.763428 18.705608 19.460754
0 578.846741 513.456543 20.327271 19.121796
0 214.496292 157.582977 22.88208 22.118896
0 373.508942 153.691147 31.16626 27.619385
0 598.965454 285.856384 27.826416 24.084839
0 244.939545 235.356873 21.308136 18.18927
0 19.250477 377.431946 15.723621 14.029175
0 504.459717 502.078979 21.014618 20.992035
0 234.490402 98.650276 19.573364 17.438293
0 402.960938 287.826813 19.099243 19.089111
0 193.097809 173.721848 21.259308 20.619629
0 452.679443 8.923386 20.586243 17.644794
0 35.109062 231.833862 16.908897 15.917145
0 263.000793 484.226837 59.759338 54.520996
0 289.49411 272.136658 16.85553 17.465271
0 66.372948 95.867332 19.694672 17.896042
0 237.019196 114.075279 16.72757 14.790955
0 181.95607 117.820984 21.708679 20.060028
0 90.681389 289.53186 18.581009 16.451172
0 153.472549 72.696167 20.344635 17.611393
0 611.521484 451.38913 18.271362 16.162659
0 310.230103 102.341522 20.516541 16.413712
0 503.808319 619.248779 43.299744 39.557861
0 625.895996 8.293346 28.208069 16.586693
0 88.238213 430.311371 19.235443 18.552368
0 226.763245 208.875977 21.126831 18.988098
0 53.492954 16.111736 18.959229 17.431759
0 266.83606 250.909683 19.229858 17.108124
