0 229.894775 267.423401 39.013 35.39325
0 127.589432 618.559937 98.27066 42.880066
0 404.715179 232.978195 32.212463 26.557526
0 186.909317 495.725952 25.54657 23.035767
0 317.008179 429.004944 25.680664 20.967957
0 583.814392 263.642517 66.183472 58.073608
0 258.833099 158.544769 24.565674 20.229767
0 36.841095 34.952774 26.686445 24.447792
0 11.588948 614.785645 23.177896 23.838867
0 180.729477 560.348267 29.202148 25.303223
0 201.268082 621.475403 67.799652 37.049194
0 234.648621 198.474457 22.640686 20.212616
0 216.339188 168.805969 19.50705 18.846191
0 143.456406 412.239075 67.277924 60.049438
