0 282.38092 344.082611 47.802551 39.771973
0 257.633423 41.449928 30.298584 28.973885
0 388.912445 396.082336 33.188293 30.792908
0 177.214508 434.920227 43.251892 37.416077
0 507.510803 21.018963 26.102448 24.355692
0 208.523758 359.086517 26.873535 25.331665
0 217.371353 336.18045 24.570038 23.336304
0 543.09137 444.221069 22.156128 22.056274
0 524.99054 266.873779 23.492065 22.656631
0 249.659637 85.413147 23.401474 21.454926
0 604.932495 373.087341 25.146973 24.796204
0 273.216644 84.869484 21.207581 21.281998
0 626.151062 374.618805 24.397095 24.979492
0 446.381348 538.996399 36.3349 32.858398
0 616.827576 472.014404 22.632568 21.161255
0 282.947205 113.581703 21.694092 19.567062
0 203.547409 405.329285 29.214478 25.033264
0 511.044739 369.316895 18.917023 18.098206
0 187.820389 303.917267 22.752441 21.027161
0 50.184254 565.063721 19.667336 17.175659
0 21.313725 439.747131 42.627449 84.663452
0 468.613647 418.849274 19.511414 18.194458
0 538.668335 616.045776 22.944092 19.648438
0 69.489044 334.76593 23.461533 22.170044
0 215.426971 392.624023 27.084351 24.164856
0 24.720751 113.75618 49.441502 52.319122
0 592.733459 630.90155 22.200806 15.980469
0 485.620514 597.444519 35.678589 32.922485
0 137.089523 545.576477 24.894737 21.766357
