0 81.058647 374.367584 83.269592 85.665283
0 171.615433 625.7276 34.427704 26.282593
0 125.637589 419.116119 48.967491 45.916931
0 177.683075 357.552429 146.845886 127.453247
0 106.070427 240.90181 33.349106 30.636078
0 44.946861 421.157471 36.211197 33.198669
0 549.620361 611.065247 22.399048 22.059326
0 391.689209 602.426636 37.066711 35.68811
0 52.549816 263.498291 20.047211 19.159866
0 563.191467 519.013489 20.295654 18.52771
0 508.618866 26.298084 54.571228 49.283836
0 370.332001 37.061249 31.781006 27.404831
0 606.332642 315.089569 20.731567 18.892883
0 577.408569 60.115898 73.802246 68.852066
0 267.428986 55.66021 35.41011 29.719986
0 37.780499 289.927429 42.963234 38.548157
0 409.709442 451.432983 23.905334 23.418823
0 534.000854 563.234314 25.49707 24.210449
0 408.675842 399.656433 22.560974 18.609985
0 501.133606 401.655121 38.802979 37.769958
0 570.525024 15.880501 26.869751 23.751999
0 50.655922 289.536133 74.396576 57.838013
0 417.769562 420.739929 23.539368 22.553711
0 543.006714 297.605652 34.530273 34.64325
0 131.378937 213.781265 37.084969 33.205719
0 125.095398 455.532196 28.534172 25.610107
0 220.586243 107.222893 27.752899 26.369171
0 36.004597 365.954071 16.881989 15.8479
0 232.963715 35.669506 38.670258 37.131432
0 516.388367 74.766747 26.210571 24.69014
0 573.444763 561.320984 36.960327 35.540039
