0 264.263824 306.814331 34.3526 34.372559
0 384.334259 520.18042 58.549866 58.514404
0 147.890686 71.419388 127.228279 113.683022
0 112.322777 458.829498 35.240768 35.10675
0 560.675842 550.674316 59.798218 55.674927
0 303.231964 485.137543 51.892334 48.02356
0 138.82225 242.329346 22.943787 22.203125
0 346.186615 261.632629 69.800354 62.669189
0 203.473694 349.830688 39.485474 37.244873
0 154.756592 626.786377 23.461853 22.158081
0 579.551819 600.540039 37.536011 33.988403
0 565.199524 423.373322 25.289673 22.655701
0 270.618744 170.012344 65.03093 60.025452
0 515.797485 458.892548 25.068939 23.955994
0 490.184601 589.436707 38.645874 32.124023
0 532.535461 47.789631 38.91626 37.89399
0 246.755341 625.670349 24.76857 23.474976
0 385.860291 399.82254 29.31488 26.75592
0 577.940186 240.607498 20.451782 18.979248
0 412.652313 219.555466 40.384155 35.734314
0 344.084717 475.828217 20.358826 19.625427
0 573.127502 356.89093 19.670288 18.942566
0 425.171448 344.702026 36.591553 34.381592
0 197.115631 460.256409 137.952591 104.404785
0 372.954254 92.10611 24.567322 22.250702
0 597.891357 404.227631 36.70813 32.547302
0 139.727585 334.457489 18.932648 18.321472
0 333.277649 233.445343 31.667358 28.478058
0 518.121826 501.349579 19.856323 18.102112
0 630.371643 405.411255 19.256714 25.790222
0 13.962014 353.473511 27.924028 36.616211
0 162.624283 566.091125 22.849213 20.949951
0 401.580292 420.323883 30.220642 28.369873
0 451.53006 451.224487 20.548889 19.708435
0 630.782104 348.267822 18.43573 23.089722
0 304.613922 575.52887 20.743164 20.110107
0 580.192078 148.112579 21.436401 19.939392
0 343.670166 500.182861 37.101868 31.941559
0 408.463348 188.927246 29.189941 26.782104
0 60.837341 202.477295 34.334183 30.003723
0 50.104336 221.480682 26.320084 22.405243
0 511.583191 212.217026 23.50235 22.236176
0 438.941315 609.565247 30.689575 26.405762
0 174.984192 207.204788 69.497375 70.533783
0 171.166565 329.290344 28.588348 25.413208
0 189.661209 171.648743 25.486633 23.450867
0 542.574829 208.784439 18.523315 19.675964
0 160.895416 355.831024 23.871124 24.624695
0 607.426086 577.480591 19.696289 18.104004
0 30.853958 197.985962 29.992706 26.753357
0 420.779449 217.740616 25.809265 25.912598
0 54.145134 375.757294 16.521805 16.416138
0 241.149139 333.255432 35.249146 33.950134
0 391.212006 307.913422 57.495056 51.792419
0 9.000591 333.023682 17.818161 28.953308
0 207.590485 513.905396 31.971252 27.895996
0 301.259064 622.941223 20.981384 18.940063
0 548.826477 252.014587 31.681763 29.901367
0 179.932327 360.662994 15.938599 15.512085
0 117.671417 499.067078 26.712364 24.082092
