0 266.367554 363.881897 123.757812 100.696533
0 487.06723 134.79718 108.420105 99.489433
0 258.985779 621.404968 33.93074 32.121826
0 161.472382 316.336578 28.102509 25.753967
0 456.526337 575.78186 73.534119 65.45166
0 247.13858 143.575027 82.876297 73.611389
0 376.628448 187.633026 87.761719 82.490417
0 136.567932 475.907288 76.01165 69.488403
0 200.427094 46.467072 64.479614 57.453476
0 599.500427 170.064758 35.567383 34.122345
0 208.588776 624.053284 32.811768 28.052612
0 104.597107 423.498901 38.07695 39.057434
0 624.565491 118.233185 28.382812 24.151459
0 339.298889 34.730743 23.646973 22.544922
0 129.449112 267.550476 33.081573 30.561722
0 57.083435 354.520966 36.174057 33.082764
0 304.315216 499.966095 297.035217 267.979065
0 412.129211 614.607056 108.901001 49.643188
0 39.978592 215.784302 60.167496 55.917419
0 241.268051 198.764297 26.341187 24.44162
0 471.733734 282.639282 25.017822 24.586243
0 48.525867 101.678551 27.776924 25.529297
0 126.452606 6.506943 30.076958 13.013885
0 12.841316 558.727112 22.605705 21.333862
0 200.171997 230.546478 42.632843 38.002808
0 341.793762 172.95993 122.142212 97.906433
0 67.486237 130.485809 32.938843 30.069275
0 86.102783 221.534348 25.751358 22.839844
0 499.279358 628.36853 29.722992 21.786621
0 132.70578 447.627594 35.039429 31.380737
0 588.5 20.115643 47.275269 39.155067
0 403.793121 117.989395 52.665894 48.540733
0 58.407768 332.23877 29.033066 26.121033
0 614.836182 506.280426 50.327576 47.770447
0 150.676071 370.414459 38.060455 33.16095
0 605.961487 475.468292 28.317139 24.882507
0 350.695587 135.741379 65.91748 60.006378
0 146.051743 292.769897 34.607208 31.553894
0 91.227501 103.748413 39.004715 35.933548
0 395.617188 288.458069 24.51825 20.157043
0 555.684082 463.236298 27.483643 24.973145
0 57.418514 533.825623 32.754311 26.37561
0 550.444031 43.735481 71.642578 60.133286
0 437.069977 172.276962 34.796143 30.881744
0 440.386993 419.024872 29.333374 27.259094
0 561.120422 206.841614 26.896851 22.587982
0 69.078415 451.851776 87.715363 76.545166
0 345.221558 255.238556 34.239258 29.522842
0 170.589737 215.260529 27.379913 24.320435
0 399.570618 134.901672 38.097534 30.486938
0 565.639343 151.323517 43.655762 36.240417
0 210.40152 86.849144 32.078979 28.952393
0 453.328979 10.274627 18.641907 17.734697
0 570.695374 218.192184 17.932739 14.22464
0 433.492706 95.80191 24.600586 23.1586
0 315.643372 109.669235 33.630981 29.899612
0 138.774643 168.452133 148.489532 116.877258
0 531.547119 598.333557 22.258301 19.068115
0 443.658447 58.822441 91.541931 81.75087
0 569.229736 513.768127 27.091797 25.082916
0 87.662613 484.736053 24.285767 21.859558
0 38.243019 314.272491 27.507734 25.003967
0 629.192383 615.321228 20.210083 21.353638
0 35.051559 58.490559 24.464478 22.820747
0 239.405991 39.609348 20.868195 19.606621
0 337.459412 268.13031 24.977173 21.770203
0 178.028839 128.791534 52.723328 48.673363
0 35.550201 616.177124 22.852898 20.392944
0 20.64513 585.242859 41.29026 44.067017
0 379.565125 379.13623 29.432434 25.803589
