0 299.655762 267.631622 111.858398 93.51593
0 100.76033 385.499237 79.784515 66.533264
0 75.598999 600.50885 91.048828 71.431396
0 10.427315 459.475037 20.85463 24.028015
0 77.223007 183.260742 28.574631 23.611389
0 131.69191 449.003235 19.988586 18.346802
0 15.093339 107.531982 30.186678 48.519653
0 343.478882 85.99765 295.436035 171.915405
0 601.718811 396.846344 76.562378 80.79718
0 91.144806 570.985962 22.176743 19.373535
0 507.8349 537.980103 126.019043 102.134277
0 202.350952 159.256226 127.178696 103.704712
0 172.260437 256.52063 34.432037 32.569824
0 46.185555 207.59108 25.696869 22.525696
0 337.92395 321.290649 65.583984 55.141907
0 439.270752 582.768311 51.821289 40.655396
0 512.716431 624.759033 96.644928 30.481873
0 298.763947 532.712097 28.615112 24.179321
0 504.821289 295.251343 261.483276 226.28717
0 36.725365 154.221542 28.560701 24.805206
0 250.089493 147.013092 44.617645 42.945305
0 516.584717 170.486084 29.891693 28.758179
0 12.379807 367.413025 24.759613 39.022034
0 100.463799 235.040848 38.317261 31.192688
0 583.114563 49.998207 111.637085 99.996414
0 339.931824 629.130249 43.919495 21.724854
0 33.622112 237.61412 20.147255 17.534851
0 511.589355 484.910858 37.527802 34.13739
0 236.476791 302.961151 34.411987 31.401245
