0 399.288727 475.717621 109.004944 103.542908
0 64.315346 579.713379 43.255875 39.22876
0 339.921936 608.897095 31.341309 28.432983
0 339.457214 520.903076 47.78479 41.618286
0 498.705811 346.051117 34.013336 33.863403
0 579.320679 24.35873 56.188232 47.921021
0 622.056641 19.293438 34.677979 35.636101
0 279.115723 85.505341 112.924072 102.515015
0 412.014587 193.599686 21.910767 20.646576
0 41.103535 622.143677 43.398193 34.962402
0 558.67926 589.652649 21.211792 20.986694
0 14.263308 40.833775 20.588757 20.044243
0 6.813629 195.288559 12.467554 38.982819
0 6.341884 390.068176 12.324936 23.684692
0 318.379364 398.227234 71.096436 60.598511
0 109.370979 619.005005 23.237152 22.766724
0 357.131622 175.446213 22.256531 21.048981
0 608.003052 616.246582 63.993835 44.92334
0 220.65802 629.150879 19.422913 16.275024
0 572.056335 150.495758 22.71936 19.320099
