0 452.044312 448.232239 33.398926 31.15741
0 612.636292 427.028748 30.445435 28.541687
0 624.654297 331.140411 30.691406 32.012878
0 541.849243 415.17804 26.108032 22.903809
0 511.734589 301.191956 22.874207 21.831055
0 510.417664 94.22242 25.781464 24.359482
0 535.722351 349.469849 25.243042 22.66803
0 389.606659 36.493477 244.361206 64.976456
0 226.282852 591.081482 26.285156 22.790771
0 633.943237 246.156281 11.736694 27.176743
0 426.832184 252.725861 20.652893 17.52034
0 546.312439 93.187988 21.269165 18.691193
0 56.467831 579.148499 22.102455 19.472046
0 594.332886 467.446686 20.701416 18.214905
0 147.144669 30.503632 53.830292 50.715546
