0 176.808823 611.640808 34.862274 35.761475
0 483.284241 356.612885 52.705017 50.553894
0 537.002502 457.6922 34.173218 33.849731
0 607.513123 490.498413 28.600098 26.419495
0 198.597412 509.562317 29.605804 26.379272
0 180.207489 8.990873 24.274689 17.981747
0 9.314713 486.450684 16.963234 37.064636
0 263.429413 337.327393 22.423279 21.516296
0 51.899723 45.480175 22.110725 20.101265
0 167.832611 435.925903 19.699585 18.714233
0 266.315186 455.728699 19.638367 18.351501
0 582.038147 528.897827 19.85376 17.680786
0 163.239075 406.616058 22.768738 20.739563
0 79.910179 53.818459 20.335831 18.837677
0 477.677917 615.744568 21.204224 21.708496
0 77.002174 27.596981 32.76033 30.215561
0 179.13324 68.543762 22.936951 17.897427
0 113.065277 227.398407 18.121185 17.19458
0 248.829437 466.943909 82.047302 83.333435
0 21.530994 19.147005 21.378304 18.396492
0 353.260101 332.652893 16.756287 16.463379
0 437.359863 632.586548 28.531311 14.302979
0 457.18042 413.131531 18.007385 17.561462
0 228.853851 70.183472 20.993866 19.943268
0 216.824005 343.426208 19.718048 19.606628
0 334.432495 388.692535 19.478577 19.101318
0 484.144562 181.502106 17.287048 16.762177
0 525.242126 556.421692 18.456543 16.393799
0 461.973816 438.82962 17.286804 17.751709
0 149.239914 32.803642 33.334229 25.373154
0 369.461945 343.052155 19.296265 19.428894
0 409.228363 449.551849 20.448669 18.617188
