0 106.410721 586.456238 44.38385 39.515503
0 380.783417 375.370117 82.338806 80.366821
0 505.676697 227.724243 33.850372 32.685944
0 211.880447 150.955185 30.780823 27.436768
0 272.839996 114.693451 26.991943 26.135773
0 307.195068 78.261803 38.028381 36.532364
0 183.760254 467.491028 22.732697 22.628174
0 384.916992 155.218475 23.504761 22.949463
0 360.627838 144.224014 32.048828 29.539429
0 477.66156 258.186859 42.41272 39.746521
0 617.830627 147.063995 42.734741 40.24868
0 418.147766 190.436096 43.909729 40.237335
0 152.73204 30.620972 22.436493 21.219332
0 427.142578 257.71167 33.810669 31.24054
0 362.508392 633.615723 27.093994 12.768555
0 184.670883 629.122009 62.990295 20.057617
0 262.103607 6.145388 29.496216 12.290775
0 229.880249 28.011192 23.317505 20.90522
0 93.188477 396.726044 120.057556 109.024475
0 51.575966 94.319061 69.073105 70.536613
0 524.190857 604.130737 23.024292 22.722046
0 7.399746 402.476807 14.799492 20.532837
0 629.555786 539.13916 20.888428 51.466553
0 30.484928 534.390991 19.562353 18.083252
0 399.927124 121.292015 43.353027 36.668015
0 491.225494 299.29837 37.021362 40.326599
0 572.432068 622.252502 34.486084 32.854126
0 483.030365 174.131409 27.127136 24.655792
0 130.676788 519.859314 17.105316 16.169678
0 479.880402 45.564476 18.858826 17.732819
0 441.374542 589.703979 25.854126 24.006836
0 335.808685 78.575806 17.998108 18.879562
0 560.473633 363.970947 159.052765 326.854736
0 357.765991 73.22319 37.400391 37.088898
0 390.041107 129.42482 28.762634 25.389313
