0 604.999268 296.69455 47.047485 41.248108
0 597.89917 408.920227 84.20166 146.98468
0 611.846191 246.364609 26.856323 23.542999
0 47.974083 190.65596 37.735764 33.511627
0 21.768845 544.846619 34.076782 29.509888
0 530.990417 226.622437 36.1698 32.028717
0 121.792999 437.198853 24.301208 22.999084
0 233.439865 138.987 30.932617 26.441895
0 508.188995 579.160828 47.172913 40.163574
0 285.122528 594.473328 50.392517 43.566895
0 523.217712 249.956085 31.707184 25.540588
0 407.66571 427.532471 26.168274 23.77887
0 579.494568 217.435852 23.823242 20.38678
0 457.250214 249.881073 83.43988 68.141418
0 208.91452 610.812683 34.158447 32.404053
0 549.43866 87.765869 25.990112 22.968811
0 79.182388 395.218719 145.162262 133.671082
0 339.194031 311.085358 22.209106 20.249451
0 536.59845 109.687469 206.803101 213.375916
0 30.22522 90.419006 59.348297 78.927246
0 474.140991 315.477875 23.519958 21.787109
0 41.074257 600.037781 61.991501 52.251587
0 544.029236 424.14624 24.769897 22.597778
