0 144.190216 76.350441 61.58503 51.998764
0 56.922295 417.880707 58.314957 51.346069
0 186.365112 469.641968 187.851501 150.418945
0 38.346436 39.279533 68.716614 63.882217
0 489.108948 48.194557 53.576141 46.569016
0 374.779541 154.276108 62.987976 56.898468
0 308.760254 39.091858 26.815918 22.674133
0 534.371826 155.591385 91.2146 93.82235
0 56.742355 539.772095 104.910538 103.13205
0 586.491211 576.151611 107.017517 127.696838
0 583.339722 489.207092 21.381592 18.017151
0 123.336075 337.668121 157.890228 139.809143
0 56.946045 78.220604 35.339264 33.492264
0 56.608543 405.440521 92.337952 83.855713
0 246.309189 18.811768 51.072784 37.623535
0 341.742584 535.003113 147.698853 119.065796
0 400.987793 303.23291 131.205566 97.98999
0 403.144928 35.279655 145.692932 69.680222
