0 565.424622 471.446991 47.564209 44.231323
0 373.865448 453.453857 37.156006 36.758484
0 491.186249 629.8573 40.711914 18.490356
0 568.483948 138.741257 30.720337 27.382568
0 473.518707 525.580933 31.490784 27.983368
0 422.643311 11.387636 29.546997 22.775272
0 492.92157 263.705872 19.732849 19.422897
0 609.238464 520.356995 28.498169 27.958893
0 608.905518 336.688171 62.189026 116.110352
0 616.001282 527.518311 38.194702 35.146271
0 590.096191 439.675262 27.882324 27.030579
0 620.358887 583.57373 39.282166 45.121216
