0 342.763428 524.582458 69.032898 62.565643
0 135.359161 457.524261 32.122734 28.312561
0 457.933929 471.511292 19.217041 18.437866
0 195.514496 484.545654 26.000336 22.498779
0 288.285095 205.013992 73.393372 63.627655
0 58.719193 231.532471 61.501827 55.648483
0 204.384003 604.474243 102.134766 71.051575
0 344.299286 188.117065 43.965515 36.942749
0 569.199463 59.577503 59.249268 49.277138
0 467.194641 195.06842 72.159668 60.472778
0 209.530197 138.399399 77.391541 69.169983
0 76.827293 363.490112 63.380112 60.334106
0 114.494614 172.811752 111.899109 101.855347
0 253.399704 379.399261 27.16098 24.020264
0 415.951721 33.534077 68.75592 60.892174
0 472.583649 154.06517 46.279907 41.370148
0 398.129944 356.717041 166.143555 151.206482
0 286.691742 151.400009 89.947342 76.062225
0 602.192749 482.067474 40.971069 34.885315
0 472.809204 53.580902 61.628235 55.934174
0 587.58429 583.867859 93.208008 86.030151
0 305.842163 629.095093 46.573914 21.735596
0 42.63615 512.311279 82.848793 85.25354
0 365.605988 16.721802 24.051941 20.502247
0 421.899017 49.41037 47.269165 41.460388
0 324.884644 92.680092 70.115906 69.646683
0 115.23275 76.631882 38.913956 36.826511
0 219.531815 336.519043 42.666595 40.119141
0 384.91156 598.237183 29.017151 24.271362
0 566.708435 503.490479 51.470703 47.032745
0 585.368408 277.113068 51.315308 39.906006
0 27.956707 35.996277 18.765976 18.460955
0 282.036865 297.485352 32.243774 28.858582
0 329.977448 570.68573 59.171936 48.842651
0 511.807678 56.966751 29.656708 27.144955
0 504.025299 18.763096 42.306335 35.450928
0 494.412048 241.191971 41.812042 40.922455
0 277.634033 462.840149 52.836914 49.520996
0 131.131836 399.101746 83.018585 76.497986
0 390.274353 624.300842 32.026917 28.846069
0 240.826324 488.567139 19.357544 17.179321
0 619.62323 536.703186 39.266113 48.227295
0 258.28186 54.336014 68.97168 58.777176
