0 428.577576 563.046204 183.168732 153.907593
0 85.817032 150.661957 75.510132 73.222778
0 44.576656 482.903778 89.153313 98.288269
0 512.708008 360.523407 254.583984 273.976868
0 219.669952 288.83371 94.742249 91.325623
0 555.056152 607.334473 106.837189 65.330994
0 239.834152 413.414581 78.097748 78.157959
0 88.522652 36.427979 99.624557 72.855957
0 216.627762 57.668911 21.014801 18.982399
0 19.133535 343.489868 38.267071 54.445679
0 202.406677 368.355042 85.332031 80.361511
0 224.852127 451.047394 59.512604 50.899353
0 172.863251 156.460663 70.362793 65.479279
0 464.437744 105.181526 295.69458 210.363052
0 177.949692 238.483566 47.498718 42.31662
0 163.017059 419.895996 67.180054 61.024414
0 216.222916 533.584045 20.279358 19.693237
0 140.870499 595.7901 65.689606 57.072021
0 68.668022 227.129898 38.517349 36.182343
0 17.384747 146.605637 34.769493 41.55661
0 226.921539 516.529541 20.30719 17.85965
0 413.750763 173.325211 76.461365 73.693146
0 197.966141 337.444794 52.361786 48.387268
0 19.562374 97.311714 37.180092 48.703445
0 10.709749 194.659988 21.419498 45.89856
