0 65.867966 355.345001 27.81189 24.857178
0 548.536743 619.602844 27.896484 26.008423
0 94.528572 511.667908 80.031082 73.094116
0 187.304779 631.398438 22.180145 17.203064
0 45.938431 12.148258 41.5387 23.064243
0 334.212646 21.476461 66.629639 42.952923
0 436.782593 155.279495 26.268066 22.469421
0 355.627289 208.846375 25.170288 22.196045
0 242.376434 78.182991 28.491501 22.874695
0 530.645691 49.624485 75.38501 64.714943
0 617.473267 22.92804 21.038696 19.668724
0 609.476318 613.491699 60.922729 53.016602
0 35.624554 450.765015 44.391228 42.497131
0 196.698502 136.321747 22.961639 19.824471
