0 537.478943 43.574558 75.589233 69.03611
0 56.781868 517.181824 31.029755 28.671875
0 344.013794 332.539856 262.036133 217.384888
0 162.775589 92.630417 20.753265 18.792297
0 153.134171 492.672852 296.433624 266.967285
0 25.609463 187.300934 39.141731 36.098572
0 601.663574 81.644432 22.220337 19.57225
0 630.419312 630.402588 19.161316 19.092041
0 555.100159 88.739372 31.016357 28.517548
0 32.20998 180.707809 25.466095 26.50531
0 596.144287 635.222168 22.054077 9.555664
0 522.87323 331.906372 42.248871 36.882324
0 62.726849 206.430725 125.453697 162.714661
