0 91.991295 322.005981 41.280746 40.864868
0 21.88068 305.667542 43.76136 53.155884
0 470.766022 371.557861 28.258545 27.223389
0 85.960258 248.289032 48.247543 42.532547
0 369.905029 117.212143 19.108582 18.166916
0 12.385929 384.063385 24.771858 42.598145
0 101.002655 100.703995 20.379791 19.026001
0 56.90567 273.091156 28.46384 27.818665
0 619.896545 493.061188 21.502075 19.158569
0 588.730774 262.574341 16.196655 17.197281
0 134.343292 390.06488 21.812958 21.728394
0 144.805038 333.041687 19.695038 17.498291
0 40.988071 12.761919 45.642403 24.427967
0 61.371571 188.765793 73.942421 74.534851
0 148.321869 359.890228 17.850494 16.848511
0 590.059082 247.528 15.815186 15.862457
