0 415.634338 361.0849 105.875244 95.412476
0 435.596497 499.102051 226.983398 191.254272
0 615.854736 380.25943 32.596436 30.167969
0 560.955444 438.059387 91.407104 78.352966
0 546.458313 22.794487 20.185303 18.860458
0 34.42783 524.585938 23.208397 22.460571
0 167.947876 578.637329 183.999878 121.375366
0 56.266052 588.637939 38.840973 36.008301
0 547.841736 257.306793 22.413574 19.852112
0 51.553131 46.092747 23.071548 21.378937
0 550.330017 325.053619 19.53479 19.555542
0 229.305435 257.093018 20.172791 18.042587
0 65.820885 339.889709 22.472031 22.386658
0 381.30188 605.174683 26.254944 19.935547
0 69.9328 615.668335 83.177536 45.024048
0 492.63147 362.64975 48.168671 49.337097
0 626.238525 337.864594 25.834106 42.504822
0 493.922028 121.839806 55.359802 50.881546
0 588.060791 502.835236 78.62085 72.923157
0 145.372513 132.538086 55.944763 52.343994
0 620.546692 463.021301 37.970581 53.640137
0 60.290825 318.164215 23.356121 21.934082
0 51.051067 360.281067 20.393517 18.13678
0 23.899302 82.868423 19.799084 18.238586
