0 156.308365 427.813873 30.692535 27.751831
0 516.338867 506.643768 60.383789 57.721863
0 262.723541 435.721954 27.613113 25.831238
0 378.912018 304.195831 74.416504 70.144958
0 506.764465 229.983841 53.294037 47.793671
0 551.772705 87.1325 176.45462 174.264999
0 409.304413 535.746216 28.682251 24.149658
0 76.822395 284.782898 41.091812 37.245361
0 589.73761 239.76709 45.952759 39.820251
0 423.066498 442.949036 45.304688 38.199158
0 39.112915 45.266701 42.82605 36.094124
0 64.548546 326.57489 46.596436 40.775208
0 401.103577 223.035599 20.565247 20.604858
0 290.597748 134.604553 52.59668 51.028572
0 31.224392 487.971954 54.194908 45.675537
0 613.464661 292.87146 25.19458 22.588196
0 85.860497 104.195969 39.014267 34.169434
0 19.036854 139.582291 23.39653 21.515533
0 173.627502 251.236237 23.955994 20.969193
0 338.468628 423.305542 33.727234 32.987183
0 455.335205 199.772736 71.721985 57.00174
0 594.972412 631.158813 62.500244 16.897949
0 16.948833 100.016525 33.897667 34.303879
0 371.939911 385.122406 69.306885 64.459351
0 491.110138 632.672729 27.894836 14.65448
0 401.188141 475.202637 23.505615 22.364502
0 556.136475 219.39975 34.370117 31.858612
0 113.359879 15.522642 56.336334 31.045284
0 37.162678 349.168762 36.916573 36.304932
0 196.931 562.733765 37.190643 34.272095
0 26.015507 357.698059 48.333504 45.454407
0 289.658234 377.015442 102.917053 90.247131
0 13.914827 71.262337 27.829655 26.5242
0 347.927368 133.318939 90.590881 76.722046
0 422.202179 414.410034 36.153687 33.677063
0 140.920731 251.560486 46.065796 38.659409
0 341.750427 197.182083 36.555603 35.446442
0 163.760422 331.336426 37.468567 34.400879
0 427.437744 511.215424 24.330505 21.085876
0 41.259079 86.619812 24.777924 23.626328
0 108.174355 511.271362 20.064789 18.680878
0 73.906662 76.250504 42.582214 35.426846
0 26.206398 514.335144 24.208122 22.168945
0 146.38884 173.560013 87.166931 80.561981
0 525.64093 259.319855 35.149658 28.583618
0 176.192566 448.03653 141.243561 148.447693
0 576.148621 556.281799 34.463013 32.615234
0 557.848083 391.445587 35.837158 32.940125
0 195.483978 602.265564 77.674896 62.840332
0 93.512054 165.636063 22.653595 21.002319
0 29.54884 318.764069 23.039118 22.417908
0 281.391785 618.342163 30.149292 26.733521
0 121.26178 229.424561 25.136993 22.457764
0 574.284729 163.40918 77.514771 70.767151
0 344.371216 241.512878 77.494995 67.258667
0 438.159912 189.055298 43.555054 35.353424
0 88.313156 615.923523 51.360214 40.96875
0 587.06665 330.64917 26.863403 24.076233
0 216.140228 358.162598 39.416565 34.137512
0 599.357971 578.164551 35.799927 31.858032
0 558.428833 260.41925 26.980225 24.676331
0 160.36705 430.7323 50.887054 46.038513
0 169.856766 95.687164 31.296539 27.846283
0 15.259496 83.747246 30.518991 40.294006
