0 333.294281 536.825195 66.668579 64.733398
0 365.606567 210.898132 98.707764 77.522888
0 577.390259 427.199097 125.219543 162.558533
0 456.450562 60.111374 64.908264 53.126999
0 333.974884 124.197716 75.490417 63.382675
0 260.047791 540.206543 83.086777 71.590454
0 299.402557 261.77771 36.161072 33.186325
0 508.728302 24.65085 32.613953 26.013714
0 344.56839 42.128132 54.760681 46.7575
0 524.73407 510.778015 50.934448 43.92514
0 391.705719 349.286896 162.315857 142.919373
0 239.092926 23.64362 95.477829 47.287239
0 443.197449 22.522488 65.164734 45.044975
0 45.680725 478.466064 82.839539 78.380585
0 374.337402 432.550446 107.471191 91.022278
0 138.990677 302.994659 33.252594 29.661682
0 198.9879 552.277954 34.795837 31.875854
0 254.545288 305.226776 30.258347 27.552917
0 469.214783 488.142883 73.812683 61.352753
0 443.453094 408.24762 23.264709 21.245911
0 217.586166 257.516113 25.00412 23.019958
0 92.734711 489.723816 29.168259 28.590881
0 438.464935 107.074173 106.967163 83.227623
0 53.576019 529.190796 32.877651 30.140747
0 455.752472 509.428375 24.071472 22.154846
0 583.020569 166.893082 52.675171 45.849823
0 389.803162 153.404663 53.789978 48.722656
0 393.652405 612.673096 51.977905 47.601929
0 204.934982 71.566322 58.649384 53.143555
0 28.247829 629.805725 20.943899 17.557373
0 156.237961 544.416077 31.082245 28.508423
0 370.462433 18.680531 74.273987 37.361061
0 396.359711 74.626266 28.077271 25.682835
0 48.479187 363.490448 18.622429 18.607422
0 339.951477 50.869961 83.029785 71.60041
0 246.315002 241.905701 24.182297 22.302338
0 588.121643 567.273071 36.930176 33.327637
0 36.807163 156.021896 23.706985 18.847137
0 128.459488 44.948227 19.318237 17.847557
