0 395.194733 394.604004 108.402893 95.934998
0 279.71109 180.906189 135.802551 109.254852
0 211.744904 614.054504 64.299988 51.890991
0 471.262482 170.946381 71.378723 68.01239
0 120.025467 564.633728 35.110382 34.006958
0 550.814331 542.269165 58.645386 56.307617
0 287.710724 567.321106 68.885559 67.114868
0 161.774475 170.194199 62.824615 57.781769
0 117.87722 441.30011 77.638596 71.185486
0 348.627014 75.664749 53.896484 48.569305
0 622.514893 436.888397 34.970154 39.472717
0 160.141525 337.63443 27.727325 25.166138
0 475.988586 18.730442 50.420532 37.460884
0 232.910172 413.992828 32.945435 29.589111
0 379.385925 499.827972 42.383667 40.134216
0 489.481171 307.798889 40.941345 37.206665
0 194.542252 421.868042 38.440338 35.885925
0 181.841187 288.372009 29.619202 26.95636
0 479.886261 421.454498 33.629456 30.930664
0 360.250153 593.842651 50.432129 46.026611
0 239.44133 87.214989 30.301788 27.048096
0 77.537102 584.82074 34.822708 30.002319
0 308.92691 474.743774 31.09021 28.469727
0 336.554474 557.102417 39.814209 36.668213
0 537.833862 85.772186 24.684326 23.030304
0 110.376556 321.252625 49.146782 42.392883
0 31.320467 575.745117 26.592884 24.505615
0 540.641785 62.572723 33.319702 29.807003
0 392.55014 612.380798 28.927002 26.574829
0 568.831787 15.810747 50.009888 29.346802
0 57.315865 535.225159 23.103165 21.196655
0 371.170502 562.286987 24.99469 22.803223
0 38.57473 484.831207 38.815781 33.263733
0 67.49688 613.113037 27.465317 25.462158
0 143.11261 523.836975 31.109184 27.944855
0 330.441071 294.445892 54.177551 49.241882
0 386.018555 296.740051 35.648804 31.98645
0 485.583282 358.715057 31.29425 27.006592
0 215.955414 21.737221 54.555725 43.474442
0 607.346252 570.555786 22.941528 20.399048
0 397.941772 325.951111 43.135132 37.935547
0 452.271362 506.737183 23.621887 20.959717
0 357.204071 475.904541 25.247925 24.125
0 9.613996 512.985046 19.227991 23.73233
0 515.657166 191.259476 28.312988 25.355835
0 238.655746 272.03363 41.277069 39.024429
0 612.364746 612.957581 24.591553 21.228882
0 172.592789 527.383667 24.016724 21.774292
0 170.100052 262.750458 27.369202 25.460098
0 405.336761 42.606567 32.701233 29.93705
0 452.129761 625.231934 65.843079 29.119873
0 375.569946 458.858368 29.191772 27.338379
0 174.163849 16.870735 23.445068 23.005577
0 236.950348 308.363037 31.894501 30.506042
0 17.615829 6.999623 35.231659 13.342665
0 495.979126 370.951477 29.790222 25.367126
0 44.597412 505.989197 42.203049 33.758911
0 202.441101 124.431091 73.272583 74.075066
0 28.09668 353.8927 56.193359 188.498657
0 573.010742 300.182037 133.106445 213.613403
0 167.905594 610.015442 26.979889 24.242798
0 196.211624 519.562805 68.802734 64.780518
0 193.189285 535.428955 41.159149 36.702515
0 587.869629 218.206726 20.810913 18.771454
0 518.949463 572.050476 39.226318 36.449219
0 163.681992 473.42981 39.186493 32.7276
0 131.319885 483.595764 25.025185 20.616577
0 545.820984 580.431519 18.451782 16.796875
0 466.008423 584.081543 48.063538 44.207275
0 522.180359 433.136963 41.345093 38.859131
0 308.883911 428.332123 24.217285 21.500183
0 533.860413 487.553558 21.86084 19.160156
0 465.691406 83.166656 21.349487 19.789764
0 179.25267 526.51123 39.499359 34.213745
0 420.180511 300.980225 28.013245 24.83728
0 427.844513 459.91626 71.302612 66.048401
0 285.950531 243.513885 51.460693 43.553223
0 318.121368 590.99646 27.000061 23.084595
0 391.255737 310.853577 40.604736 44.250427
0 222.937744 511.627747 19.199951 18.68338
0 636.002747 579.714233 6.9021 20.008179
0 260.142029 612.084351 38.066711 34.999146
0 620.570312 113.873909 38.859375 41.576767
0 41.587002 176.252762 28.219635 23.058716
0 402.552002 574.610474 23.142639 21.089478
0 70.962761 598.463379 32.725555 37.875488
0 447.523468 232.219772 22.809875 19.440277
0 445.280334 562.783569 21.986877 19.705811
0 5.227641 633.919739 10.455282 9.899048
0 272.302582 60.346291 42.514572 38.780212
0 8.34148 481.214233 16.337883 18.38269
0 192.776764 438.259888 37.71875 34.826233
0 241.076797 52.66523 32.671356 33.047623
