0 273.650452 203.489304 99.054794 89.588287
0 110.300774 294.566315 66.602493 60.50708
0 280.930176 508.778015 53.500626 51.809418
0 49.345966 353.110504 98.691933 112.524719
0 311.158478 533.322632 78.406555 63.906281
0 574.246155 169.164276 38.306885 32.117554
0 59.469536 500.755798 31.733643 30.216583
0 422.708984 70.032822 61.309814 54.820908
0 180.604324 343.490173 50.972992 44.277405
0 207.020386 69.455383 48.098083 39.883057
0 339.666077 24.652971 39.443481 38.317661
0 518.691589 127.40406 46.51123 42.152512
0 153.902084 440.383606 25.33075 22.996277
0 203.494339 312.699738 37.954742 37.347778
0 462.196869 594.830933 41.774414 36.097534
0 308.405701 598.926392 33.053589 28.141113
0 370.392212 606.203674 35.348694 30.29834
0 450.174835 482.200684 27.939148 25.835632
0 187.960938 506.101837 46.928619 43.094055
0 330.481842 369.48996 25.351257 22.028748
0 219.412338 487.313446 31.95932 30.401978
0 238.449097 631.767029 49.621658 14.34314
0 384.699249 630.361023 24.781433 18.732666
0 151.733414 265.413818 38.231537 35.717285
0 337.803101 601.722778 27.743286 23.514038
0 181.678009 553.262878 30.234619 26.556396
0 206.88237 434.574402 23.316071 22.518982
0 468.726685 176.760757 29.952148 27.117432
0 307.323578 368.376587 20.012695 17.735229
0 225.288757 359.215363 42.776581 37.355347
0 237.592331 362.345978 23.912323 22.378174
0 436.631989 37.634354 61.82782 50.940453
0 322.661194 123.395721 56.839844 51.610779
0 304.741821 45.889313 19.753784 17.548119
0 181.939606 564.083069 35.724548 36.895386
0 104.690025 451.074097 35.68515 31.688416
0 448.114075 14.899061 58.360535 29.798122
0 193.288712 382.151642 42.751831 40.171204
0 157.525299 294.168243 30.032593 28.560059
0 146.219131 45.572788 30.757538 30.768494
0 110.533737 341.405853 34.383972 34.9198
0 347.928223 351.957886 25.961609 20.178833
0 333.42923 351.338898 24.077454 20.014709
0 99.082626 184.89328 41.852768 34.581238
0 140.944336 333.720337 30.566895 27.207275
0 409.751282 353.963776 49.154114 43.050049
0 482.899536 540.294006 75.19812 64.44812
0 326.504669 322.015442 45.579956 39.150024
0 12.673523 546.976685 25.347046 40.135376
0 410.235931 161.845795 73.293579 63.289673
0 196.657089 178.852554 34.704834 32.149506
0 110.609016 633.841919 22.290604 12.316101
0 478.028809 89.022949 71.479248 63.905941
0 65.039047 607.057861 28.537643 27.185669
