0 151.881042 197.261292 102.698601 85.197632
0 156.352753 350.468964 138.220398 128.127502
0 263.504547 566.670532 42.194199 38.340332
0 565.072388 383.9935 140.401337 129.865906
0 69.628693 294.192627 76.448624 68.904785
0 152.977173 110.484848 111.903717 93.588234
0 452.25769 101.241493 26.889587 23.914902
0 176.038849 95.552467 44.092651 36.574966
0 478.033356 343.318268 35.932739 31.101685
0 148.624023 527.494751 32.416138 29.391113
0 539.488403 477.516174 27.756592 25.215759
0 329.591095 144.433243 86.431213 74.389313
0 560.207397 244.400818 140.800049 156.138535
0 26.600357 220.242065 53.200714 52.101318
0 227.958359 499.865051 24.255585 21.671204
0 581.31604 201.088287 23.558838 21.572601
0 599.610168 26.957514 25.980957 21.011845
0 454.090271 491.074402 19.746765 16.929993
0 165.869888 261.890625 42.096405 34.926941
0 325.671356 450.666016 25.044983 19.201599
0 169.593399 102.948547 64.36026 59.362091
0 9.273184 340.142273 17.644699 28.66748
0 247.745499 355.861084 39.094391 40.512695
0 127.820824 266.362305 32.054489 29.405884
