0 108.170746 88.037643 30.576462 27.303268
0 81.652893 340.730713 27.50061 25.428772
0 189.078659 304.256744 29.30545 29.454651
0 608.227112 462.316528 20.427734 20.197327
0 264.394043 203.387817 24.47522 24.663116
0 11.66689 387.085907 23.33378 26.150208
0 146.320145 363.360138 27.333801 26.139771
0 268.741547 98.9795 28.702896 26.960526
0 214.480576 289.911804 24.74884 22.673523
0 90.521667 18.51482 20.612961 19.861664
0 328.616089 593.189636 37.110779 34.790894
0 606.692993 517.558472 36.139648 32.669312
0 98.035233 431.171692 94.450844 94.424194
0 81.559151 128.997009 33.124435 30.091087
0 456.013245 517.170288 20.10675 19.495605
0 177.894928 143.864868 20.454041 19.397766
0 195.588089 566.631714 220.115936 146.736633
0 268.843445 142.566956 31.746078 27.496948
0 113.340813 361.555969 21.563797 21.013123
0 59.806526 558.412476 20.554272 19.111084
0 60.03875 103.092514 24.842518 21.081512
0 121.73481 114.072495 21.660263 19.471161
0 395.963257 566.880737 19.134766 17.869751
0 628.881836 483.382263 22.236267 24.545105
0 42.685051 240.703079 85.078506 203.904449
0 180.066406 611.876404 30.897064 29.482544
0 305.051819 538.186096 25.110596 23.699829
0 618.792053 499.429626 22.094971 19.221069
0 616.798157 43.815525 44.309692 40.782188
0 211.998306 29.14399 24.234222 21.642067
0 603.130066 634.729004 20.189941 10.542053
0 171.814896 5.784632 20.413544 11.569263
0 208.575714 407.835815 158.741745 128.721741
0 47.002266 466.777374 23.521919 21.753601
0 42.953033 542.583557 18.850952 16.630493
0 578.103455 534.022095 21.127686 18.045654
0 266.467743 472.381805 22.377274 21.84668
0 30.776482 373.033417 59.057053 61.581787
0 57.059151 620.096985 39.225983 33.609253
0 330.36618 584.705933 28.014587 22.999268
0 636.578247 96.68589 6.413696 17.194275
