0 116.63884 169.179352 107.772888 97.311157
0 39.840233 365.24881 41.331024 36.722595
0 385.939758 56.27483 61.183777 58.78196
0 243.018188 118.027908 40.48674 37.077881
0 614.11853 595.758484 49.886597 84.831299
0 426.312927 629.992554 32.024536 20.014832
0 322.770111 26.459568 67.391663 52.919136
0 454.412262 213.759308 23.800781 21.715454
0 297.826935 69.814262 88.320312 79.14505
0 185.698715 160.790421 38.660553 37.668121
0 251.295868 81.802261 51.695358 47.720871
0 632.810791 451.656769 14.266846 41.520752
0 558.615356 102.336082 42.131348 37.361069
0 216.107605 96.932671 27.051147 25.111343
0 245.483582 238.681519 76.877823 70.418457
0 314.880188 571.567749 26.150208 26.250366
0 98.081665 397.519501 22.018158 20.9599
0 202.63472 214.962494 29.327576 25.963013
0 613.88324 368.799896 26.098877 27.634338
0 68.70414 408.37616 24.478535 21.522217
0 192.204422 66.491043 21.268707 20.004879
