0 212.125732 577.030884 162.193176 125.938171
0 412.682983 54.707844 23.613892 22.20153
0 591.161011 315.415527 97.677917 215.283691
0 465.949707 265.146973 32.904175 29.815979
0 66.647896 629.938232 26.199646 20.123535
0 81.851364 75.445389 77.8228 59.854862
0 524.649475 441.117859 21.126343 17.774963
0 153.166901 616.385315 21.82077 18.675415
0 122.48941 213.990311 237.525146 284.535065
0 237.488678 459.967865 32.036011 30.11676
0 45.653976 460.406952 40.562134 35.409241
0 361.544464 48.956341 213.417526 93.893578
0 44.091522 620.280151 22.356125 20.642578
0 17.402246 495.141418 34.804493 61.955841
0 71.945206 294.559967 51.155884 44.040466
0 373.96817 316.088196 39.797485 35.086121
0 330.261475 282.488983 30.698181 28.112854
0 69.024979 41.743805 138.049957 83.48761
0 16.212959 349.014465 32.425919 90.993408
