0 604.094299 56.001198 63.950317 48.583115
0 11.177039 281.177551 22.354078 29.800903
0 20.444525 197.150757 40.88905 50.488281
0 39.615913 10.702263 42.001923 21.404526
0 79.67836 453.282257 36.946518 34.854248
0 126.305344 410.947845 49.088142 47.082764
0 51.073021 339.987732 27.699986 25.181824
0 12.075636 256.029083 24.151272 30.352783
0 36.404903 394.570343 55.301979 49.172668
0 322.863403 315.916901 42.068848 36.388306
0 251.233429 95.502747 23.465225 22.180923
0 336.123962 451.936859 39.331848 34.780457
0 352.854004 148.60994 45.32135 42.382774
0 418.467133 42.17617 21.65271 21.939714
0 262.666809 518.634644 117.220154 105.467987
0 114.171112 106.060432 30.173119 26.652573
0 78.13591 9.301878 25.921722 18.603756
0 413.651489 185.85141 39.884888 37.409668
0 407.434174 397.75647 216.249329 175.027405
0 558.743896 17.274446 31.007812 26.14835
0 94.532173 498.967743 26.391785 25.342285
0 299.708649 170.52919 35.8125 37.051178
0 114.940041 121.740829 23.646164 21.94117
0 489.858337 205.58873 71.70224 60.858368
0 352.468353 98.955101 19.639771 19.480164
0 83.838882 133.784164 50.407013 50.363586
0 120.347755 276.296082 27.637375 26.760437
0 294.473022 237.216766 73.944458 65.266312
0 273.779663 147.414642 37.773972 30.781647
0 149.062042 256.502716 35.864502 29.69043
0 39.812752 483.926788 38.828125 39.232239
0 60.724575 154.232971 40.004799 36.675568
0 560.323853 77.434952 20.698242 20.896103
0 234.015533 263.14505 30.207397 30.530701
0 161.715012 524.750977 25.29184 23.637939
0 162.839691 432.131226 32.024628 26.177551
0 469.521576 19.221806 33.369995 29.533442
0 138.807632 124.352341 31.018227 28.230171
0 481.08548 94.308998 29.078613 26.891525
0 11.798079 208.085297 22.355602 43.862396
0 101.068626 380.898621 21.871353 20.946106
0 34.363129 183.446808 33.12796 30.725983
0 361.190521 127.621803 20.784607 18.543411
0 110.455338 216.419373 19.0681 18.937592
0 377.194122 183.852966 40.1922 35.877625
0 291.889191 424.799774 33.91217 31.29895
