0 601.764221 324.10022 33.370117 32.008118
0 103.32019 19.850395 91.926666 39.70079
0 128.80748 439.029724 33.474762 30.302063
0 258.652161 622.535034 58.728104 34.929871
0 509.302368 620.19696 26.3638 24.967407
0 24.624008 255.232452 26.43054 24.772949
0 97.179588 437.064331 24.225937 21.829529
0 390.751953 183.403305 43.25531 41.928009
0 381.459564 227.673523 25.858276 24.639465
0 177.213623 489.783905 27.589935 25.770569
0 434.225464 234.588379 24.832275 24.344666
0 227.390015 539.086182 28.929138 27.596924
0 168.45314 98.630859 63.655945 54.998642
0 368.11438 616.243042 56.131653 47.513855
0 627.004272 19.176231 25.991516 37.900879
0 39.134117 626.446594 29.418037 23.933472
0 311.861938 283.162048 19.545593 21.140015
0 53.834984 174.595596 22.583725 21.080719
0 591.927368 629.31604 50.853394 21.36792
0 385.616394 209.486725 34.507629 34.071411
0 494.565887 107.332443 25.881165 24.572464
0 387.224976 197.275818 40.100464 39.431
0 105.959656 633.234802 25.115036 13.201172
0 333.399628 488.876617 55.243896 52.518494
0 501.641846 44.415184 23.218658 23.547806
0 131.659332 472.895233 20.783051 18.711426
0 247.061813 102.147842 26.707916 24.510544
0 83.18438 81.313622 109.004684 84.066086
0 118.137138 460.601837 18.450745 16.610229
