0 293.258118 438.303925 165.124451 127.211914
0 556.348145 484.022278 48.568237 38.669739
0 140.624893 495.333649 77.083527 68.05719
0 392.196808 268.835571 41.276489 35.609268
0 81.221062 602.978699 162.442123 72.34314
0 308.629517 524.60376 67.21521 59.820801
0 219.261978 328.007477 25.35498 23.287903
0 13.25585 521.220154 26.5117 26.319977
0 121.918854 550.322815 73.353935 64.880493
0 503.763489 405.234863 53.219116 46.237549
0 343.777222 610.471619 26.582397 23.468018
0 589.110229 174.255493 68.491821 60.925751
0 240.094269 549.722839 34.317856 31.507324
0 516.598145 516.609009 246.803711 246.782043
0 223.348373 155.356354 38.058807 34.787964
0 41.04731 50.661079 76.478226 90.864883
0 219.094711 224.274658 86.025909 79.084351
0 477.063965 209.919647 22.956055 22.044128
0 148.647049 401.875092 21.032806 17.732056
0 393.159454 608.544678 22.063721 19.948975
0 15.022407 561.811096 30.044813 55.415649
