0 285.214691 387.624725 43.864746 41.188843
0 532.925537 523.187744 214.148926 232.826538
0 284.044586 306.690704 126.086304 104.170898
0 282.523956 423.913055 39.305481 35.3526
0 195.576233 202.400177 40.472595 39.092957
0 253.52655 569.990356 32.68779 27.954224
0 270.599609 228.158813 47.435776 42.452057
0 172.001785 139.390762 36.115631 33.425201
0 314.057831 597.193298 25.910156 23.625977
0 80.772781 198.332855 20.987274 19.803101
0 57.121819 474.362427 52.844742 42.777954
0 20.589699 212.739227 31.558134 29.09317
0 615.725159 206.872238 26.06189 22.111877
0 277.421539 358.454987 31.507751 28.833679
0 202.58992 45.828236 67.002777 52.324837
0 413.54126 443.296417 89.663147 78.637207
0 322.575775 265.476166 61.573303 54.687149
0 149.507446 202.295944 63.472939 54.47937
0 323.661377 548.109192 37.583984 30.055176
0 313.599762 482.51413 21.157593 18.984802
0 271.356476 155.041214 18.992676 16.927032
0 350.042206 560.572937 19.365173 17.614502
0 182.564423 584.096741 20.638947 18.189087
0 524.132385 220.490295 44.415039 42.370605
0 376.600464 316.920135 22.100525 19.341431
0 209.661972 31.896223 21.123383 19.833126
0 106.237839 258.893036 35.138519 30.763107
0 240.457382 184.391937 21.554901 18.271271
0 14.851135 141.865921 28.341911 40.608208
0 215.563339 583.704224 20.758545 18.333008
0 28.232445 311.209198 44.638077 42.16217
0 389.735077 531.906494 77.912964 64.846283
0 363.663513 470.474915 30.862549 26.554932
0 299.737823 73.603699 25.965027 21.510807
0 73.546417 617.542542 52.746933 44.914917
0 433.017426 379.824951 43.093018 34.283997
0 333.462402 455.832123 20.999939 18.331665
0 197.315262 473.952942 20.856476 17.185364
0 247.980042 206.691254 24.541763 24.427338
0 582.507019 268.05191 49.313354 43.673416
0 22.958376 615.746887 45.916752 47.374146
0 622.512085 281.143799 31.584717 30.108032
0 186.484177 526.043152 99.961395 78.046997
0 175.548248 202.749695 82.728455 43.538239
0 358.256561 108.660301 18.387329 14.894028
0 400.679657 156.934433 36.225037 34.853607
0 13.609228 476.972107 27.218456 47.381958
0 516.292175 131.002533 52.22229 45.022606
0 112.095497 215.568253 18.197708 16.926239
0 446.044556 418.89978 20.601074 18.814514
0 9.155872 237.243866 17.965042 29.484314
