0 387.741119 259.685974 142.367737 124.062759
0 186.758606 236.129913 90.425171 77.984741
0 215.717072 564.634583 54.946716 50.389526
0 228.156128 185.640366 57.61821 59.104767
0 167.336197 146.444824 46.563416 40.441559
0 55.10527 410.568359 110.210541 114.36084
0 84.185028 275.60257 52.849152 48.241821
0 479.463165 309.209808 33.950745 33.443237
0 552.00647 419.45282 30.71167 29.469055
0 118.262344 274.751892 26.061096 24.729065
0 314.121124 192.028595 27.780212 26.215149
0 608.969971 234.894287 62.059998 78.860046
0 627.84082 276.724304 23.094849 23.28125
0 474.628998 600.428345 28.110779 25.160034
0 302.287262 290.029144 25.825684 24.344788
0 366.0896 82.946892 22.489563 20.593979
0 448.736176 516.814087 72.493408 67.943237
0 508.092651 383.210449 20.202606 19.522766
0 155.230515 83.309868 21.075348 20.326004
0 155.079193 591.860535 18.502014 18.067871
0 35.259274 133.175308 66.451851 109.523132
0 308.581604 150.780304 59.08905 51.438789
0 494.439117 263.146698 66.813538 57.971207
0 572.853455 179.717529 22.775635 20.457184
0 430.781464 604.986938 191.321472 70.026062
0 558.513123 446.79364 48.353394 42.452698
0 9.958075 45.005375 18.396286 19.000473
0 422.199829 478.803772 38.106934 30.825317
0 67.196526 20.985191 24.072983 20.622623
0 63.043617 90.992523 30.447006 28.34288
0 609.758301 587.975708 29.094238 28.428589
0 446.668976 136.435181 23.108398 21.451378
0 519.117615 267.248169 20.359589 19.874023
0 573.339661 417.658936 16.922485 16.156738
0 607.151184 106.02153 38.185059 34.27594
0 292.233002 475.181854 55.125305 52.845703
0 381.707336 593.661987 79.737305 73.304321
0 155.604797 119.791153 20.663849 18.475159
0 566.248413 586.047974 66.756348 61.941772
0 192.282394 62.487648 24.10376 22.72327
0 234.051544 226.281525 24.174194 24.818573
0 536.597046 260.815155 22.282959 20.996216
0 154.433945 20.319927 20.29007 18.289047
0 409.83371 179.107422 35.584839 32.639435
0 172.857788 602.476685 18.41687 16.617065
0 548.884827 587.828918 18.642944 15.52771
0 630.074585 605.386597 19.85083 35.960693
0 144.089233 189.491348 20.188232 19.562469
0 512.452759 160.785812 25.601288 24.522919
0 180.763199 14.227163 32.216949 26.162502
0 373.908966 158.960144 20.041199 18.597198
0 335.830231 461.969482 152.740662 117.969391
0 103.792603 19.80352 78.763847 39.60704
