0 270.931671 492.753906 88.366211 76.004669
0 367.039459 475.357147 75.516418 65.457886
0 530.739319 410.160431 218.521362 201.557068
0 241.024994 104.947205 46.320145 40.463867
0 236.3134 311.254059 35.178009 32.385315
0 245.481598 425.988708 34.168411 31.84198
0 196.963074 354.557709 44.571564 38.197266
0 319.4953 305.191589 41.2854 37.796448
0 331.724426 66.887268 70.985352 60.848038
0 21.776957 559.754761 33.785336 29.144287
0 521.238953 517.012451 69.866791 64.115814
0 493.310547 250.566681 26.125305 22.506821
0 501.356689 111.387772 258.433472 222.775543
0 330.283661 10.749495 31.272034 21.498989
0 274.297516 49.328636 29.270569 27.350021
0 376.793671 258.483612 22.76001 20.626465
0 236.419525 613.34198 49.066467 43.161499
0 268.078827 26.573076 45.101013 38.034016
0 583.075439 91.752365 26.292236 24.41507
0 405.578247 414.836639 25.225586 21.312134
0 592.502075 194.591202 44.772827 39.851685
0 361.748962 73.975677 31.107971 29.532135
0 431.480927 332.037659 27.26825 22.963806
0 183.06041 254.485107 23.340576 22.768387
0 157.678986 391.525787 27.43045 23.019836
0 82.153275 531.526917 28.006393 27.672119
0 519.821045 50.760822 27.569702 24.404884
0 550.762512 265.767975 28.02063 26.759094
0 304.599457 26.450294 23.619263 21.452253
0 365.783142 615.430725 26.605957 22.207397
0 233.619263 559.864563 21.655212 20.04248
0 234.578369 625.848877 46.668991 28.302185
0 295.634949 164.81041 22.466797 21.238129
0 569.063354 263.450806 64.887451 62.659988
0 141.249649 143.146881 23.336639 21.31897
0 587.137024 371.233154 22.95874 21.985962
0 280.734436 21.763828 26.281555 24.232994
0 33.719376 107.349792 36.07634 37.965057
0 444.00296 315.957275 25.656372 20.013611
