0 90.330231 236.650635 54.488403 53.331802
0 397.118378 258.424927 157.751099 155.8526
0 529.736267 506.289703 30.670044 29.275452
0 613.058655 184.000488 37.028687 35.945343
0 45.459618 277.885925 51.177856 45.055481
0 312.006409 354.824432 38.461426 38.249939
0 628.807739 67.805115 22.384583 26.162537
0 168.239532 145.563751 26.936768 25.476624
0 496.78418 366.96524 78.806549 75.59967
0 78.338104 128.900146 154.951843 130.124329
0 90.680977 480.262177 170.921494 169.713684
0 370.210968 615.194641 19.897766 19.415649
0 331.664978 281.638824 24.475708 22.978149
0 564.775574 484.937347 30.436035 26.69574
0 529.496582 249.409576 115.598877 98.851028
0 555.790588 170.311462 32.313599 30.142578
0 490.296967 584.52771 20.629089 19.887695
0 496.082581 113.029205 164.302765 162.445435
0 164.063705 307.691864 24.605286 21.618469
0 204.277832 357.160278 41.180847 36.28717
0 326.108887 474.979889 30.486633 27.281372
0 528.820557 179.661362 31.672729 28.756683
0 170.844025 80.484978 31.997528 30.745972
0 241.000259 362.812744 26.256134 25.498901
0 192.519409 54.753761 20.158417 19.420727
0 71.883041 530.384521 20.207764 17.47583
0 525.544739 534.727356 18.432373 17.630859
0 164.453888 386.588989 66.46402 61.500916
0 125.619461 390.701599 20.691048 18.905212
0 245.701126 606.480713 19.333069 20.109619
0 356.727783 502.805206 22.332275 21.636658
0 384.189209 424.59317 36.044006 33.276245
0 100.314507 532.866394 20.413376 18.296387
0 340.07373 84.929382 192.753891 161.820038
0 437.513611 594.081482 15.30426 14.619507
0 265.773407 517.990906 20.724915 18.469482
0 498.570251 32.982628 129.593872 65.965256
0 602.880981 520.989746 17.269409 13.935425
0 136.550964 36.817711 155.729248 72.658478
0 135.346313 165.08075 48.333351 43.977936
0 297.764038 409.586731 50.722107 45.404968
0 564.684753 60.988708 23.272461 21.012875
0 26.863514 362.643524 41.541603 41.16217
0 55.895386 578.960632 19.601364 19.142822
0 222.837769 413.532013 19.939819 18.697449
0 603.952698 544.588989 70.653809 190.822083
0 353.656738 451.634521 45.449707 39.187683
0 43.242462 314.852539 68.910629 68.472717
0 347.200867 390.86676 66.407776 60.477844
