0 347.205841 105.496506 64.679565 61.54718
0 306.603485 264.55603 82.438538 76.434265
0 363.576324 615.06012 32.211304 30.024536
0 486.545135 363.432404 34.162903 31.500793
0 495.197937 35.380722 126.424561 69.79715
0 583.195435 226.188751 41.139648 39.800507
0 495.313141 392.797943 34.923889 31.986877
0 144.177429 227.234406 26.89386 25.369843
0 88.663452 331.245209 56.665573 54.862244
0 166.31369 311.580383 27.394226 26.373718
0 559.211975 454.534943 20.418945 19.299438
0 153.893906 274.243683 55.246124 52.163635
0 83.908684 592.970459 167.817368 94.059143
0 213.970154 373.93988 23.473022 22.666382
0 93.665741 135.216522 56.911758 49.453545
0 536.218384 601.397522 36.956909 35.560913
0 532.71637 551.992737 36.703125 34.688354
0 599.166626 252.360107 43.601318 40.924088
0 429.094849 233.41153 28.578369 25.413757
0 351.312927 421.549744 51.787415 49.862793
0 493.866699 424.306183 35.211487 32.069336
0 620.210999 309.631897 36.770874 95.448242
0 44.203033 54.027248 55.670654 50.50573
0 208.222092 167.315811 30.920074 28.552887
0 606.987061 497.377716 18.698853 17.700745
0 234.352753 437.410004 21.67392 20.743103
0 591.36377 486.652374 18.253296 17.610352
0 484.424255 470.894714 18.571716 18.617371
0 562.787659 151.692963 19.065918 17.960388
0 610.529541 267.244141 31.561279 29.676758
0 131.182953 250.283646 20.033943 21.529205
0 345.550659 541.890015 36.373962 33.668579
0 214.350342 431.541901 26.227478 25.150635
0 411.952148 632.066833 18.444946 15.391235
0 413.331512 199.29039 20.796753 18.892365
0 513.714172 322.407593 18.284332 17.143433
0 518.628662 160.695358 41.398651 35.798004
0 46.280258 92.709114 62.450832 58.924301
0 259.370667 631.179932 45.534668 16.443359
0 250.174927 364.258209 43.95697 37.15033
0 502.656921 155.564362 46.87854 39.255219
0 273.193848 226.060486 21.664856 17.957825
0 9.709734 522.594971 19.033382 35.00354
0 529.045837 67.329292 17.418945 15.463413
0 632.559509 86.707794 14.585693 18.847748
0 57.320339 283.326538 75.558403 68.805786
0 270.804565 53.46426 18.453735 17.019829
0 15.326681 505.346741 30.653362 61.863892
0 229.991272 629.113525 20.405243 17.393066
0 563.157959 172.671921 47.30188 42.474335
0 159.811554 252.179962 41.270966 33.52124
0 325.568176 324.142181 37.638245 37.181274
0 622.082825 226.60231 35.834351 73.522369
0 525.354065 158.057968 23.210083 23.2164
0 188.79248 86.27227 38.694519 35.167709
0 437.102814 378.296173 18.943848 17.819763
0 541.031067 202.798309 69.285034 60.162781
0 582.106506 597.050659 19.615356 17.646851
0 132.176224 103.848305 40.723663 38.344482
0 492.342743 149.328995 36.225647 32.927734
0 234.500259 240.018326 30.230865 30.905457
0 213.925812 176.496078 34.636841 32.029144
