0 139.458084 439.868011 55.364311 52.38623
0 288.233521 224.839325 32.19635 29.402588
0 103.093147 524.05896 34.802902 33.173218
0 59.057899 33.245808 35.191025 33.720299
0 102.697723 264.427582 32.607971 31.062424
0 185.957581 176.697159 28.378113 24.959686
0 373.701935 56.919518 24.76886 22.71405
0 277.902649 455.359955 33.236877 30.485229
0 209.456711 503.071991 32.043243 27.751892
0 24.550056 579.861267 27.269409 25.500122
0 351.546417 51.074261 24.505981 22.756668
0 100.362762 588.210693 26.596436 22.912964
0 340.750183 402.007904 26.60968 24.963684
0 359.371399 522.761902 21.950623 20.675781
0 248.136627 617.370361 43.877945 39.251465
0 164.889481 541.612122 34.381561 30.591187
0 159.005066 632.935791 27.434814 14.128418
0 331.890991 6.105 26.125305 12.210001
0 181.935135 35.436142 26.432007 23.075424
0 285.193207 102.302605 21.232239 19.158951
0 310.935028 556.830383 20.923523 21.273804
0 65.888336 131.281357 22.488266 19.435791
0 214.285019 38.176342 22.869507 21.514267
0 276.288605 545.184875 51.824539 48.284058
0 61.016571 350.582214 22.756973 20.932251
0 241.698639 539.901978 21.611023 20.867676
0 214.533142 100.75074 21.002106 21.429016
0 197.013367 193.307343 21.548828 17.709106
0 364.311279 53.261978 40.660278 23.908939
0 177.525558 281.218048 20.858246 17.471008
0 294.044678 580.410095 26.022217 23.483765
