0 82.050064 79.934616 128.017853 114.151825
0 580.805603 66.458656 118.388794 117.325287
0 287.210846 49.733875 85.916763 78.751717
0 464.57135 97.341652 51.080688 49.367722
0 626.527039 386.56369 26.945923 31.991211
0 130.097015 605.343689 29.987236 26.887085
0 214.952759 97.14595 30.03299 28.232971
0 411.147766 630.476868 24.433655 19.046265
0 542.965881 280.942505 25.016235 23.276001
0 390.831421 16.032944 73.529663 32.065887
0 613.284241 215.577362 53.364136 74.567108
0 128.250916 323.970947 256.501831 279.590881
0 503.943054 72.045212 40.908844 35.613956
0 273.785828 583.440369 39.881027 37.021851
0 347.007324 194.257339 25.149475 22.24353
0 340.28717 22.148338 46.841553 39.491425
0 216.408798 512.940918 23.370514 21.178986
0 256.748077 507.95874 20.236816 17.874512
0 101.257553 166.041504 83.417198 70.063873
0 225.940338 7.869991 24.760986 14.471436
0 46.455101 143.93837 62.880142 57.286522
0 505.742065 192.479385 20.693573 18.414337
0 629.407043 139.946564 19.838501 21.507202
0 496.79541 555.971863 79.584381 68.53186
0 113.951981 566.464478 19.315369 18.486694
0 580.753784 284.257599 19.729004 17.762939
0 358.668091 243.214508 111.713867 107.242493
0 561.098267 136.459808 44.728638 37.213867
0 97.848526 624.1474 56.04538 30.286621
0 55.082901 592.209473 105.010529 89.584717
0 185.297684 233.476913 95.043365 100.720428
0 244.047974 267.169006 18.168396 16.87207
0 326.315277 548.505798 32.156616 29.401733
0 8.680094 5.455468 15.844307 10.764132
0 510.809357 124.608826 71.726501 68.592773
0 330.103577 481.700317 45.882629 42.001343
