0 263.055267 528.132202 189.868713 185.144409
0 194.598602 261.208313 145.747604 134.231995
0 59.386307 436.324219 33.944492 32.458252
0 135.835297 573.104492 44.68985 39.243408
0 74.924713 279.712494 63.969009 54.410339
0 64.623756 507.682007 74.813293 72.921143
0 88.523544 21.327263 44.327316 39.267059
0 497.556244 437.472321 31.243713 29.712524
0 87.324669 579.78595 42.829819 35.938599
0 168.721497 563.055115 32.072632 29.862915
0 480.109955 594.090027 33.673218 31.312378
0 289.105072 381.5047 111.710876 104.779541
0 449.565155 619.624207 28.656555 28.171143
0 354.561401 274.209106 23.038208 21.87915
0 128.0784 298.962769 24.830742 22.598755
0 23.54715 562.612488 24.895479 23.74353
0 44.616478 357.126007 35.162491 30.980591
0 111.172119 397.261871 25.503769 25.801514
0 185.723801 443.091309 73.898651 68.374695
0 517.525269 120.49501 32.462738 30.523834
0 61.008503 607.529724 117.968559 64.940552
0 162.554398 620.29071 21.731079 20.70105
0 482.685028 231.973602 19.850037 19.043518
0 128.403503 9.242763 55.425346 18.485525
0 584.380249 296.844421 111.239502 105.199585
0 124.167465 454.160919 60.84388 54.854797
0 10.669979 394.263672 19.065113 18.729797
0 124.587517 189.176956 33.062881 30.508698
0 140.372009 324.065735 39.96209 36.44043
0 103.202553 463.26825 28.541885 25.843811
0 34.823357 97.365166 21.049011 19.73259
0 297.642517 632.670044 29.078369 13.247803
0 334.646057 319.657501 22.798706 21.844971
0 10.216352 369.249878 20.432705 23.474854
0 241.57373 438.895569 40.898453 34.27948
0 216.674316 165.334091 63.065735 54.589355
0 47.30912 381.593536 25.779793 22.773132
0 209.602646 8.739475 20.596405 17.193092
0 372.910919 6.05758 23.172546 12.115161
0 344.321167 9.139006 36.259399 18.191723
0 65.875801 406.295471 23.618282 23.800964
0 269.424072 130.780457 33.228638 32.280151
0 188.81488 381.862488 59.465607 55.161194
0 91.600174 371.66095 44.677887 39.379883
0 534.044617 76.74585 17.427124 16.037766
0 19.839043 521.713257 39.510414 39.078522
