0 470.161133 514.251221 33.875061 30.328522
0 260.19989 485.118408 34.436462 28.468994
0 491.00528 430.364777 36.878113 32.139709
0 361.299103 422.591187 22.689819 22.108521
0 291.071991 537.844421 26.236938 23.82605
0 224.760941 473.554565 32.49646 28.839966
0 633.11084 335.35141 13.778381 18.662415
0 483.625153 366.543884 20.982178 18.78418
0 166.737625 274.428528 57.677277 51.904587
0 567.538635 303.181061 58.200562 56.935974
0 219.936905 181.000565 16.574738 17.312531
0 240.131714 126.833557 17.893097 16.918144
0 568.805664 189.621765 19.807129 18.610657
0 267.525391 6.761233 31.926468 13.199945
0 622.852661 289.927917 34.294678 35.496826
0 501.088348 219.645996 29.594666 25.342072
