0 587.50061 440.698792 53.259277 46.780884
0 271.328217 135.318909 33.458923 30.106384
0 82.542152 11.929838 32.18399 23.859676
0 586.330505 8.508275 39.345581 17.01655
0 288.475159 87.457832 26.62561 23.838745
0 620.029968 313.360321 36.160767 31.17334
0 408.390167 626.076965 39.137024 27.22876
0 256.262634 167.206924 27.754837 25.594452
0 253.819153 317.890991 24.360367 23.434082
0 56.170692 203.579636 30.415619 26.526306
0 304.931 180.43338 24.758362 24.690582
0 289.908295 629.125122 23.034729 19.728027
0 245.184509 551.51593 22.779297 21.164429
0 408.245941 207.514008 31.27417 26.891602
0 212.154312 161.977036 29.993408 26.683655
0 59.522045 102.079369 17.334129 16.686523
0 546.279419 173.58429 22.965942 20.448273
0 209.794754 199.856201 21.937347 19.541901
0 429.250977 31.403702 23.116821 21.260668
0 340.352875 280.923309 58.67688 55.456253
0 605.412964 567.908813 37.175781 29.711182
0 221.736359 329.858032 18.480774 18.285522
0 562.55011 430.367767 22.30188 19.346985
0 238.937729 149.555634 21.173126 19.12674
0 169.579117 448.874268 18.137939 17.69635
0 81.662498 601.80957 23.451187 20.545288
0 513.098755 410.656921 34.72287 33.805115
0 608.374939 79.653244 20.474609 17.691071
0 570.922607 529.389771 62.318726 55.705597
0 492.624634 607.151855 19.460815 15.766479
0 249.426208 416.36087 110.727295 91.148071
0 248.898682 192.210083 24.936417 20.780273
