0 154.590973 531.704468 23.120483 23.016724
0 515.167603 134.754974 34.867035 31.073914
0 365.252625 214.696152 27.857666 23.906128
0 12.774685 13.365023 25.54937 26.730045
0 450.416718 309.714874 20.316284 19.179443
0 499.21402 310.144684 24.995056 21.881042
0 386.563049 537.412781 144.613953 108.173126
0 578.700562 326.994476 31.802368 28.369568
0 42.147705 143.683243 84.29541 143.480499
0 551.759094 75.993004 24.416748 22.826187
0 268.631927 12.259913 23.642334 19.216177
0 572.371643 133.858047 21.168091 18.40461
0 189.954651 225.406418 21.859253 20.120636
0 296.12616 54.621811 72.583618 57.854061
0 431.272186 395.482758 17.418579 16.734253
0 162.475555 32.899868 18.06424 17.50676
0 190.327011 603.145325 44.402496 43.320679
0 200.218597 368.817841 22.901764 21.812439
