0 311.051697 145.141174 73.338562 60.044029
0 29.253742 82.74691 29.257278 26.009888
0 76.315239 119.213684 47.524918 39.53875
0 586.723511 75.199013 57.135986 46.629639
0 505.518127 37.194908 32.962311 26.106003
0 557.298401 325.6008 29.28186 25.340637
0 397.037384 402.690948 28.113403 25.657898
0 122.389145 67.567818 25.089561 23.541523
0 425.214844 419.142548 40.581299 34.839294
0 371.479675 371.262695 24.380371 21.929199
0 399.328217 138.95723 24.684143 24.45636
0 408.25766 343.135986 41.010742 34.332275
0 296.296631 600.767883 24.346375 23.278198
0 310.638062 240.40239 117.84259 110.820892
0 433.635834 113.947906 23.530945 22.073807
0 533.286377 272.659912 31.395508 27.911377
0 448.9776 25.606174 121.737427 51.212349
0 451.820129 50.276276 141.492432 100.552551
0 603.663696 369.09671 72.672668 149.124146
0 402.232513 95.960838 23.020508 19.186096
0 114.829758 596.700378 229.659515 84.779419
0 83.366203 392.209839 163.969223 215.865967
0 518.693848 301.382629 22.48291 20.676575
0 494.143188 110.418922 90.878571 84.298691
0 189.17981 410.596222 20.406433 19.704041
0 181.833832 118.077667 261.176575 204.289154
0 546.964539 207.32785 21.560547 17.417267
0 5.273893 185.269287 10.547787 25.673553
