0 170.94603 544.565491 213.189484 190.869019
0 458.839355 252.279785 168.893097 148.484879
0 365.291504 391.102356 58.285461 59.161011
0 104.284813 463.869812 52.159744 50.749268
0 157.535812 285.587433 78.225647 83.078735
0 68.306961 119.553841 65.873779 61.523422
0 486.485199 438.407898 23.168945 22.12915
0 92.388092 27.717209 105.09903 55.029198
0 468.5784 396.867554 26.268127 23.910583
0 326.722809 437.588989 25.301697 23.520264
0 553.772705 421.873718 20.652954 20.097595
0 372.218109 52.48225 38.083252 31.433266
0 355.570404 263.127502 64.636963 55.841476
0 359.800629 308.143555 45.810303 40.362854
0 212.930618 105.260963 51.936859 44.784225
0 298.86087 332.092468 19.8396 17.787415
0 384.413696 334.904724 19.398071 19.479187
0 25.929939 53.823589 50.865814 50.608757
0 504.221039 631.70105 37.522766 15.014404
0 34.508793 266.556122 19.210104 18.005371
0 15.750713 137.359421 31.501427 50.204803
0 538.184082 122.297424 28.689453 26.973152
0 38.92672 362.761444 19.367767 17.189331
0 398.984467 618.333008 35.408203 32.299072
0 417.096985 315.557617 24.957642 18.905762
0 333.016418 182.164032 62.45813 56.632751
0 555.760498 148.708206 20.102295 19.000916
0 25.90486 11.082798 51.21629 21.364544
0 541.0849 363.205292 17.908936 16.934753
0 417.714874 631.229187 16.068665 14.640747
0 378.529633 354.367065 26.885437 23.406189
0 276.409668 246.818573 72.767212 62.327042
0 583.009277 588.810669 113.981384 102.378601
0 510.527161 142.157761 24.025635 21.063324
0 253.158844 382.594513 17.003983 16.199158
0 277.607635 340.704346 18.430664 17.020264
0 247.106689 193.028046 43.159348 40.640808
0 14.756011 378.561249 29.512022 54.475037
0 450.949188 375.231659 21.958618 19.824829
