0 396.910065 155.69516 47.168945 41.773651
0 568.719666 368.269592 44.436279 42.78656
0 393.097748 334.383179 25.485962 24.687744
0 278.498138 325.527527 27.411316 27.152039
0 464.164368 221.285065 26.876099 24.580353
0 470.503143 296.455048 27.68988 24.484375
0 49.173668 520.106018 25.728355 23.312866
0 253.660583 416.597168 25.706741 24.581177
0 551.669983 94.649124 23.467773 22.482513
0 281.261047 385.140015 25.528748 24.556091
0 131.865051 484.196014 22.090179 20.648804
0 293.745728 210.333115 29.601257 26.73822
0 126.179352 274.089844 68.70578 62.263062
0 333.305573 61.825577 27.549133 26.830502
0 629.550232 110.96756 19.13562 85.927551
0 414.261139 581.896362 19.391846 18.480469
0 23.982624 355.286011 30.387049 27.435303
0 282.554352 134.596985 19.492676 19.994537
0 365.639465 543.446472 19.048035 18.127686
0 8.937207 611.57605 17.874414 31.012573
0 586.572205 583.990417 61.039551 52.955811
0 582.401917 199.457809 20.026245 18.558228
0 376.218689 416.334381 26.666382 25.095215
0 366.264374 262.64035 23.577332 20.218155
0 582.937439 580.569031 31.260498 29.737183
