0 152.60144 109.446846 31.27063 27.048996
0 391.103912 66.188126 33.273071 29.25647
0 54.963894 622.404785 49.854637 35.19043
0 490.511688 536.721375 26.684021 25.56604
0 300.880798 243.207642 26.149963 23.412903
0 53.508209 73.947586 25.380249 20.20364
0 627.936401 272.974884 23.025757 23.730042
0 244.084137 435.311584 26.375366 22.506409
0 242.750061 56.153709 136.534607 106.535355
0 44.621017 36.996033 26.019852 24.557892
0 397.142487 76.55761 30.340515 27.118011
0 152.781647 286.915039 19.526154 18.63092
0 423.165619 115.768051 30.64978 26.480385
0 183.066803 95.373817 25.658875 21.948792
0 130.807587 498.139587 216.90802 186.695923
0 80.688377 404.288055 31.137238 31.160522
0 12.979195 170.861969 23.281479 21.743744
