0 315.175507 403.463287 28.420776 26.861084
0 437.453125 157.093964 40.018066 35.837677
0 464.147217 182.663086 41.281921 37.981628
0 406.803375 130.695465 32.911682 29.688263
0 226.713989 555.335266 42.113983 39.81311
0 609.176453 184.543976 58.916016 56.946381
0 296.346924 470.815521 55.265747 54.513123
0 237.18364 626.734131 48.00589 26.531799
0 193.235931 617.064453 54.443726 45.871033
0 175.69751 156.067856 20.565216 18.938171
0 526.383728 489.884827 48.717072 40.737366
0 605.843567 253.421722 25.368652 22.405518
0 588.345703 14.33644 45.706421 28.67288
0 232.509995 481.432922 139.485687 112.366821
0 350.578827 481.12442 32.991821 29.4021
0 463.321075 264.827545 51.1745 44.80542
0 593.459167 523.84021 48.901489 45.47998
0 609.252747 440.918671 34.597168 30.876953
0 484.539185 317.219513 60.684937 58.22345
0 580.772766 259.74353 34.243774 30.889481
0 422.21405 180.754242 47.442627 39.526672
0 239.652313 289.527618 38.956924 35.557251
0 509.441101 461.368408 44.401978 42.796509
0 124.174301 618.223816 64.862587 43.277588
0 564.995789 239.765182 32.370117 29.279572
0 279.730774 526.18158 36.669373 36.137787
0 399.036316 154.809906 35.833557 32.305145
0 463.669342 587.342712 57.571106 53.041992
0 483.095032 519.172424 93.71582 86.235962
0 293.424835 195.133362 138.235916 121.658997
0 369.403809 451.798187 39.71637 39.234985
0 58.537422 367.991516 52.470245 45.438538
0 239.006378 119.457657 76.727493 69.644775
0 486.790466 217.234726 66.031738 59.309357
0 528.382202 269.424316 67.086334 61.19458
0 101.992607 22.723179 59.889694 43.396935
0 463.045349 394.500061 53.275085 53.544617
0 362.940826 26.586452 64.993164 48.016853
0 267.494232 303.773926 29.566696 26.631958
0 359.738464 69.079956 74.747131 66.682404
0 72.00296 202.009033 135.977844 134.336182
0 487.962219 66.857071 32.935364 30.618988
