0 122.607399 113.556564 31.787979 31.335228
0 72.770676 83.974556 24.501919 22.111603
0 120.692444 52.139729 22.509209 20.52459
0 624.50354 628.529541 30.047852 22.940857
0 71.483421 68.345192 25.17757 20.376316
0 46.333439 51.845932 22.701042 19.224182
0 570.599854 197.631485 26.727539 21.935822
0 632.596619 544.137512 14.806763 24.557495
0 64.204773 198.255981 20.52034 18.996338
0 27.987385 630.824951 37.53228 18.350037
0 292.868195 313.278595 21.629761 18.348511
0 25.228874 588.954224 47.475632 98.136475
