0 279.177734 410.727936 52.849915 50.630859
0 60.229385 174.28157 67.660004 64.576233
0 265.408691 116.959183 26.772217 25.571358
0 71.169846 106.954826 63.397018 54.974045
0 159.764587 167.972382 29.605957 27.566956
0 192.601913 99.73468 25.486145 24.134033
0 408.546997 492.42511 34.08905 31.032104
0 258.26712 296.152802 24.99292 21.64325
0 54.96949 452.459167 25.387802 23.919983
0 329.998291 79.192551 27.443665 23.600296
0 395.919861 435.136414 25.266907 23.474365
0 9.489173 331.637299 18.978346 24.891296
0 81.355865 557.305603 22.006683 21.543213
0 160.496185 195.426956 29.2435 27.937836
0 7.066242 46.583675 14.069405 27.861786
0 275.119629 531.741028 22.676514 19.805664
0 63.447151 247.588821 22.646088 21.035492
0 290.247406 377.50708 21.828064 18.777771
0 511.181946 167.549179 21.774292 21.879089
0 120.741051 164.205551 21.068039 21.528717
0 84.062958 615.293579 22.118469 20.721191
0 39.342781 227.654388 19.550798 17.585449
0 407.303253 517.796204 28.487671 26.595428
0 393.287079 170.530991 17.322021 16.364624
0 351.546021 473.99411 26.592712 24.294189
0 556.413147 504.063965 18.273193 19.235687
0 344.425446 15.442654 36.440735 26.530624
0 362.494385 491.454742 21.340332 20.248352
0 174.708344 229.183533 47.442963 42.811523
0 457.899689 104.865204 22.277832 21.935379
