0 187.402176 573.57196 37.420471 34.467163
0 405.906311 482.273956 27.07196 25.112549
0 347.888062 124.22081 30.174377 26.906364
0 550.039551 514.625244 26.030151 24.835602
0 623.735352 510.820404 30.918945 28.03949
0 618.765015 225.06987 29.109619 28.125641
0 287.171204 33.53381 88.802597 67.067619
0 388.279602 454.602173 32.935181 29.791321
0 311.152924 437.745392 37.728516 34.864319
0 178.05629 542.547241 23.515717 23.196167
0 147.032959 408.591217 46.925659 45.534241
0 358.052582 276.286224 38.699097 37.603821
0 461.476471 437.66925 49.520935 41.859253
0 87.979172 588.893188 66.098206 57.035034
0 291.167877 492.912781 30.197388 27.110168
0 616.527649 34.708702 20.231445 19.671659
0 375.556824 60.814247 26.494263 24.629604
0 404.450958 394.614624 27.989075 25.007385
0 504.458313 58.275238 23.334717 22.049667
0 406.661469 303.88089 31.627441 29.009521
0 349.174286 597.494141 23.67688 21.865723
0 333.323425 529.551331 20.468994 20.463379
0 145.646896 10.252617 27.247192 20.505234
0 562.666382 59.184174 21.144897 19.971378
0 142.992813 154.985016 22.929932 22.006439
0 553.095093 99.988663 28.497681 24.912872
0 59.954609 7.604186 22.102776 15.208372
0 52.635242 93.181107 38.049385 34.244904
0 173.140396 463.496063 35.905609 30.303101
0 136.252045 334.213776 44.590485 42.550781
0 77.783371 511.175476 44.043278 38.584991
0 122.971863 357.024414 36.855255 32.652283
0 514.054871 512.841736 20.108276 19.995819
0 583.517029 188.45845 26.313721 24.279755
0 520.826599 235.693695 18.327118 17.053101
0 241.910034 552.609985 26.912842 25.274902
0 66.509644 555.874512 47.134048 44.224976
0 517.48053 349.857147 19.997833 17.618896
0 45.387367 221.625244 21.779541 19.547943
0 247.525131 82.903076 20.052521 20.091751
0 150.300385 97.134575 23.632843 20.407593
0 427.694122 6.965985 25.691711 13.931971
0 321.342499 349.420166 51.305603 42.977661
0 178.555542 302.203979 40.746002 36.267944
0 209.979843 538.729919 43.459076 41.016724
0 157.129333 278.294922 45.777893 38.013123
0 387.856171 116.422028 20.289795 19.938019
0 550.000366 175.845505 51.949097 45.46582
0 10.741537 546.106323 20.726276 59.827515
0 281.507965 169.065857 51.585083 47.541626
0 583.470154 58.335388 41.812378 35.96315
0 244.368744 168.605484 38.046021 34.033508
0 614.271118 70.110748 22.155762 20.097317
0 292.285736 389.294861 27.731445 23.893555
0 176.739548 428.769043 25.568756 24.405457
0 501.236298 370.017303 21.121216 19.200928
0 411.651978 265.681702 19.728638 17.602112
0 426.286987 47.26683 17.804688 16.891525
0 606.841919 94.554253 52.623169 45.674698
0 380.584503 350.088898 19.556885 18.26062
0 294.031433 478.780212 25.100403 20.422791
0 594.035278 212.690292 25.327271 21.878937
0 230.102783 87.855942 17.428101 16.736633
0 202.2444 446.605103 35.860168 33.169983
0 109.547928 68.297684 62.780212 56.738586
0 357.236053 543.902039 31.124878 27.9646
0 161.058426 630.655151 42.876526 16.569458
0 594.12323 272.132111 17.75769 16.990234
0 117.224678 477.690887 17.477951 16.838257
0 361.957825 480.330811 40.959717 35.714355
0 38.166382 600.621826 40.559784 39.79834
0 73.152252 286.20166 20.919312 19.397705
0 360.659332 455.81427 20.144836 19.878296
0 221.748932 435.412231 23.259949 23.549377
0 288.758728 630.631836 37.757019 17.300415
0 61.167561 626.132568 39.271675 27.673706
0 457.397278 278.842316 20.294373 18.453369
0 9.197971 467.146484 17.223557 19.866089
0 108.578903 193.490204 21.035553 19.420319
0 414.125641 507.173065 59.297363 52.103455
0 277.577423 276.843536 141.446945 123.627365
0 106.300949 564.064453 37.01033 31.65686
0 33.244476 612.835632 28.109297 24.917969
0 240.786713 85.881584 27.457092 21.333755
0 164.684082 25.507969 31.863312 27.396187
0 257.931396 582.679871 36.637222 35.82019
0 20.991638 422.332397 22.467941 19.578552
0 623.146851 131.007935 33.70636 47.149269
0 506.28949 523.044312 154.41275 142.720123
