0 333.134918 512.683655 189.242981 158.645142
0 523.475952 512.719421 53.129517 45.746002
0 527.472107 331.90271 24.74353 22.948975
0 220.915817 361.810608 28.922699 27.114319
0 444.757782 390.811401 34.998718 33.286194
0 255.797531 12.754261 29.645599 25.508522
0 391.416473 77.496414 34.061951 27.814224
0 23.640862 581.627014 25.019218 22.525513
0 315.910095 315.340546 29.405151 27.437439
0 226.931122 104.79837 90.832947 82.60672
0 618.567383 604.371826 33.154663 34.172485
0 259.336334 625.68866 34.742737 26.021973
0 339.352539 125.01474 121.22113 103.507874
0 471.077179 287.236145 70.789062 63.736755
0 266.271454 429.769348 29.088867 25.155884
0 600.21283 29.714783 20.189575 19.187134
0 195.594498 624.008118 94.472565 31.65271
0 456.745422 212.691727 21.829102 21.064301
0 584.882446 618.767517 66.778687 42.464966
0 64.361893 616.844666 22.678757 22.682617
0 317.977661 33.254814 18.913574 17.976433
0 237.52063 190.722794 93.39563 76.767365
0 524.595154 419.234741 53.469849 49.481689
0 378.560364 115.677689 45.931641 43.273438
0 561.911194 522.165039 24.405762 23.369598
0 502.596802 397.036499 18.339417 19.460083
0 22.696653 423.655273 22.013134 19.178101
