0 487.478119 64.358009 104.322693 83.315491
0 126.564995 366.849518 48.573654 38.694946
0 33.606049 26.029814 33.181458 27.53574
0 392.049927 341.742371 292.22522 227.412827
0 13.746393 309.559265 25.146297 24.690857
0 263.983978 183.239594 43.899109 38.975922
0 495.49118 492.56073 158.091614 122.205566
0 199.627365 230.961746 26.304749 22.747925
0 349.079865 56.514141 24.90271 22.622063
0 631.654663 118.419388 16.690735 47.32505
0 505.552368 26.429283 28.615997 26.000862
0 438.539154 542.58728 42.107727 38.573608
0 288.152405 8.582362 24.825134 17.164724
0 138.228027 287.314484 25.37664 18.324951
0 253.793152 40.639816 23.466873 19.173368
0 622.984436 319.332703 20.888916 18.268494
0 632.343262 616.412659 15.313416 35.677246
0 587.943726 608.702637 79.617432 57.509888
0 454.988159 27.658792 38.770386 28.79887
