0 511.295898 156.544617 62.302582 51.16925
0 588.678101 553.588562 102.643799 90.977264
0 587.775085 370.136688 104.1604 101.539185
0 428.899261 501.190704 84.473633 76.528381
0 569.504211 477.739777 79.008667 72.509949
0 533.923889 208.272232 31.383179 27.375854
0 203.881683 464.402863 35.203247 34.006226
0 459.016846 25.271938 74.060486 50.543877
0 608.877808 50.679459 31.062256 30.393738
0 608.265137 149.740555 47.779785 42.854401
0 426.379364 304.495239 93.31958 78.794556
0 595.06897 10.379755 27.616211 20.75951
0 304.856079 575.301758 36.499268 32.585938
0 429.401886 337.125671 25.870361 23.218933
0 345.849548 455.292267 29.513916 28.899475
0 410.267212 415.890991 44.655151 40.106079
0 429.164398 183.824982 303.195984 304.913025
0 91.481224 37.544777 20.842285 19.352318
0 628.759644 168.972076 20.081787 22.648987
0 113.588661 286.29068 19.019913 17.784973
0 11.597525 38.47789 20.891239 18.886208
0 9.624983 196.003174 18.647369 29.239197
0 393.564178 615.904663 25.028442 22.721069
0 369.842865 626.362854 29.509949 24.532471
0 393.558746 574.451843 150.72821 131.096313
0 9.924639 244.081131 19.849277 74.216705
0 479.514313 374.693329 23.40448 24.398254
0 537.253174 634.646973 22.311279 10.706055
