0 325.112274 362.701355 60.122192 50.873657
0 320.244995 530.542908 33.543091 29.829346
0 84.512268 332.040802 49.455704 49.058289
0 471.978149 623.584229 39.002808 32.696777
0 261.990448 522.515381 31.507004 26.566406
0 239.354401 607.948669 221.831909 63.604004
0 561.654602 309.217102 62.472656 52.356018
0 14.425732 557.458679 28.851463 31.783569
0 610.549561 386.330383 26.934448 23.436707
0 409.701691 589.016235 22.097778 18.394287
0 489.250519 333.830933 33.595642 31.024353
0 579.22644 399.249084 25.171631 22.227478
0 90.449997 575.226868 24.285141 22.967529
0 32.96907 65.257812 24.267241 22.184662
0 81.405182 104.839043 22.87413 20.571869
0 239.780411 433.601013 22.443817 19.464966
0 165.65242 504.373901 29.761414 26.452545
0 400.60675 543.748291 19.248535 18.66272
0 111.084213 567.932922 27.810135 26.632324
0 193.012299 338.7258 19.593231 18.262756
0 158.345383 125.999985 304.409637 251.999969
0 297.790985 224.859207 106.334671 87.135101
0 635.099548 274.594849 8.283691 27.236694
0 293.74408 580.847839 32.46344 29.306885
0 582.637512 551.833984 19.414551 19.037964
