0 549.157532 301.909729 104.346558 103.033508
0 355.745605 166.727448 166.372986 182.513672
0 140.683075 455.765656 68.916168 64.288025
0 306.209595 455.924042 54.648376 52.841309
0 356.490601 621.690979 24.455627 23.673828
0 585.998901 561.873169 35.063354 30.990479
0 276.596863 537.885559 57.53389 51.55249
0 146.231766 384.417053 22.892487 21.333374
0 474.93042 406.69043 19.515198 19.095825
0 383.805298 487.794464 18.542358 17.574585
0 82.545822 19.130028 20.826935 19.474285
0 263.001648 75.950882 145.351181 122.569153
0 142.643661 332.837952 17.043671 16.758057
0 161.360718 357.412567 20.203064 18.577942
0 206.098373 176.133759 52.490814 45.282318
0 366.570618 322.499542 45.985779 39.762573
0 488.272064 277.153534 33.867676 31.566406
0 421.93985 272.883575 16.32782 15.642578
0 229.508057 55.68576 54.840149 48.763004
0 414.966766 398.701935 20.904236 20.053772
0 291.976318 64.949097 92.766953 85.091217
0 534.478577 533.863586 16.487915 14.828125
0 623.221741 179.779343 33.556519 80.769775
0 459.456818 403.081299 43.915039 34.771851
0 475.156769 245.251312 56.330139 52.672165
