0 555.621521 307.166443 45.147949 41.221069
0 202.511444 512.399658 40.043671 39.639618
0 440.59259 22.953587 43.752563 38.198456
0 52.718254 631.747864 24.724701 16.504272
0 205.693588 260.150299 35.24295 33.445923
0 45.084812 607.539062 36.567574 34.150513
0 501.789642 511.999481 40.334412 38.681946
0 442.192932 553.072449 20.346069 19.734619
0 541.525696 589.069763 116.87265 96.060303
0 161.606384 596.016724 28.357117 25.390015
0 67.092201 482.620483 43.152298 36.415588
0 117.649506 96.480553 235.299011 192.961105
0 105.644341 536.553711 49.731247 44.786499
0 532.338806 408.051117 66.132172 60.840271
0 174.463516 531.011414 20.650879 21.659302
0 474.292511 372.845612 27.452209 27.595947
0 70.005821 428.46759 32.546772 31.379395
0 112.468277 501.203949 27.016205 26.291077
0 134.250565 603.978882 20.127625 20.367676
