0 210.790833 100.246994 150.253601 121.955223
0 461.867676 144.652756 41.096619 34.742493
0 84.995621 549.335938 32.516022 29.889771
0 343.42749 509.565826 51.133179 46.805603
0 195.249374 347.923462 86.200317 82.724854
0 520.503357 490.970886 59.647583 56.835052
0 69.281792 86.163773 138.356613 162.493439
0 77.166901 247.765289 53.59993 48.858322
0 359.660553 555.333191 51.561157 46.800781
0 497.156982 323.890961 30.608307 28.05481
0 393.84314 535.573242 41.312744 38.963623
0 417.791382 453.6362 35.366638 33.685974
0 226.113953 604.630005 133.750854 70.739929
0 513.439575 625.602173 50.511353 28.795715
0 438.135437 420.026215 53.545166 46.586487
0 14.96292 281.205048 29.92584 48.279846
0 489.904785 278.963043 25.659058 21.309509
0 477.159271 393.555573 37.00116 31.549377
0 577.502319 332.140656 41.66626 38.025818
0 429.619202 600.240845 36.156555 34.830688
0 398.57077 250.922867 33.763428 30.292206
0 300.153717 152.003723 26.445251 22.955078
0 594.446411 523.151123 42.900024 36.470612
0 569.868347 548.334473 21.032593 20.597168
0 569.921997 608.206299 38.328369 33.731079
0 433.57724 360.018921 35.634521 31.126709
0 8.518412 217.098267 16.695831 39.02066
0 336.735962 289.528992 29.420898 27.213806
0 516.374573 122.222504 28.824463 26.036568
0 296.151154 270.994171 22.954651 20.511963
0 632.226257 272.742859 15.547485 23.225098
0 514.367432 86.641144 21.260742 17.901428
0 609.063843 365.141663 58.513184 53.825989
0 201.195847 247.870056 74.32428 65.385803
0 304.316925 588.905518 66.77301 58.533813
0 449.549835 313.246185 34.629517 30.658142
0 273.750885 413.398834 29.750305 25.703857
0 480.922974 587.379639 64.532349 55.564819
0 604.297913 403.015717 37.901978 32.872803
0 488.263489 156.661865 26.074951 23.276581
0 215.223663 213.877914 51.091766 43.778748
0 534.855164 554.37915 81.245758 76.942261
0 463.117004 604.920166 36.920471 34.715088
0 441.982819 560.95343 49.161011 44.036133
0 133.911682 492.861603 241.483704 223.586731
0 135.051376 427.08371 188.457886 129.710205
0 565.316162 395.078949 39.782715 35.705933
0 621.876526 519.196533 24.775879 23.117462
0 312.488464 386.747681 19.175354 17.899353
0 161.285812 216.097198 20.578217 18.825256
0 395.186127 586.939819 33.04718 27.351196
0 436.291626 386.067474 47.219299 39.338623
0 403.079346 358.136597 23.868896 20.945801
0 606.583069 618.055908 66.833862 41.800781
0 375.13913 236.269165 23.770813 22.140686
0 210.353943 16.50841 31.594818 26.613216
0 280.804993 547.609375 119.255432 91.998627
0 538.062317 350.899323 83.229279 74.630127
0 110.012405 305.260864 165.235748 121.083389
0 481.001801 565.622986 30.65802 26.348877
0 377.682434 170.583191 33.765991 29.075317
0 132.570694 239.692444 53.626076 48.104233
0 120.190628 244.259338 31.979851 30.803879
0 222.206268 23.938162 21.055786 18.911221
0 59.16581 422.668762 29.825977 26.010315
