0 316.733612 78.59021 124.121765 102.922607
0 440.384583 565.67981 57.109253 51.993164
0 578.443298 551.975952 110.729614 105.32077
0 356.536804 439.982941 62.505371 62.386353
0 167.503708 157.209351 53.998322 51.261902
0 219.73587 626.647339 48.965088 26.705261
0 398.277252 225.304459 54.003174 48.151703
0 301.48111 304.130432 48.361206 43.547974
0 195.074646 268.865723 63.017792 57.903824
0 432.870483 481.594727 95.614075 76.466583
0 564.658142 162.087982 37.778564 34.679565
0 101.443413 326.2164 86.343338 77.113098
0 321.845398 238.062195 55.298645 49.682068
0 352.878326 496.774292 56.348328 55.63855
0 19.965759 501.400818 39.931519 41.759308
0 51.099365 356.447754 31.31134 27.514893
0 600.70636 144.840485 58.309692 48.771568
0 592.017761 219.777374 42.893677 39.269257
0 20.489418 409.195587 31.280838 26.448914
0 535.536011 245.41687 27.465942 23.358032
0 459.749512 284.274231 20.497925 19.204651
0 210.58374 302.743164 23.003418 21.767639
0 415.254425 31.455359 25.009583 23.572483
0 551.489197 88.716003 44.246582 41.098831
0 569.813049 398.029816 22.764771 20.803528
0 474.52655 85.005997 32.646851 28.321014
0 485.530457 138.411377 26.365112 22.625771
0 18.682917 67.681892 22.920437 19.723007
0 474.629547 168.11171 19.942627 18.976929
0 615.266968 275.614075 26.376465 23.159912
0 564.678101 381.358917 20.450073 18.541077
0 476.567078 118.685493 33.661743 29.797287
0 468.895264 11.640745 36.741333 22.521759
0 610.654297 412.250427 33.400391 33.834534
0 235.811844 383.483154 27.979218 24.290466
0 271.845673 608.137207 38.180847 35.438965
0 77.184967 300.460388 83.981537 68.756897
0 385.867767 509.25531 24.585266 23.800537
0 263.616272 398.620026 40.553467 34.215027
0 459.16806 484.495667 45.039307 40.927979
0 340.735565 562.375977 34.005737 30.406372
0 9.908779 347.039062 18.865986 24.417297
0 9.320625 50.810837 18.641251 22.967514
0 191.134857 76.42662 45.360443 36.336826
0 204.585068 38.00156 26.354095 21.843481
0 391.589172 407.529785 33.335022 31.029297
0 209.574234 496.143005 294.386139 232.116547
0 316.256531 419.637329 32.15033 30.479248
0 28.963501 332.067535 47.683655 41.595764
0 633.178833 513.495667 13.642334 52.941803
0 309.091461 263.866516 35.732239 30.911377
0 21.381813 274.998322 17.729439 17.425842
0 115.410095 616.883362 21.202713 18.698608
0 473.734497 610.861145 31.573975 29.892456
0 597.105164 172.738113 26.71875 25.299957
0 73.874039 625.872803 21.432114 18.026123
0 458.803345 608.177673 54.849609 45.078491
0 557.2005 44.160034 165.598999 88.320068
0 496.069153 454.453369 60.766022 52.717773
0 567.421936 389.089447 22.858643 27.369141
0 165.457535 632.891296 33.804565 14.217407
0 73.900299 71.15036 20.74884 18.06863
0 147.123611 290.870911 40.06002 38.691833
