0 339.02063 406.657837 37.672302 33.46991
0 97.372375 430.101501 91.990051 89.453491
0 427.303955 137.6586 31.083801 28.7677
0 24.20089 231.294861 48.401779 62.782288
0 345.377289 48.827267 52.987854 46.406883
0 442.923767 182.813126 21.319275 20.727173
0 120.581032 273.281158 23.427048 23.173157
0 459.266632 558.176208 30.095276 26.928345
0 615.675293 120.147369 31.207031 29.592438
0 142.165741 246.073181 48.906502 43.926392
0 559.837341 528.904358 58.340088 53.375946
0 422.427673 585.25769 22.652649 22.249634
0 111.350494 299.847412 40.031067 35.853149
0 567.038513 43.133656 26.157959 25.206291
0 516.778381 280.056732 24.849365 21.258484
0 613.866821 247.743301 21.096558 20.26944
0 570.450745 608.481506 18.577026 18.239746
0 417.39212 606.978577 21.990662 21.494141
0 18.075989 310.143188 36.151978 44.196777
0 540.951721 174.426666 30.437378 27.116364
0 519.09375 423.395905 50.027344 42.935059
0 12.05979 567.573059 24.119579 121.984528
0 26.145521 152.501938 52.291042 63.437035
0 89.098663 122.314545 20.312683 19.647186
0 177.700424 227.136505 19.915253 17.162842
0 602.318298 519.243896 19.572998 17.563324
0 587.618103 390.34491 82.447998 81.112183
0 589.258911 325.985046 28.800171 24.894897
0 554.134277 489.084198 20.055542 17.698425
0 315.775116 57.775352 19.913696 17.876099
