0 102.837143 590.863281 171.93869 98.141235
0 122.011749 472.58609 67.899834 62.495178
0 520.737976 436.796722 80.627197 67.434937
0 428.029449 587.604553 175.060974 103.860107
0 182.920914 224.757004 222.102325 189.986847
0 588.778259 73.648643 31.664185 26.164047
0 49.381035 50.031086 98.76207 100.019218
0 534.418396 598.56897 70.496979 69.763672
0 93.303589 74.147507 36.171768 31.193447
0 493.786743 283.499908 47.343475 37.542603
0 77.900787 318.469971 31.604496 26.533875
0 65.628616 490.930908 69.957977 53.210938
0 353.288116 412.334656 100.933044 97.661255
0 107.770401 415.268951 29.799667 24.594604
0 75.592422 438.403107 25.370667 22.641357
0 517.420776 338.959839 44.96106 37.693054
0 358.459534 115.559555 347.534424 231.11911
0 134.674011 21.810959 86.34079 43.621918
0 292.411346 574.104614 76.737381 74.148438
0 360.551208 497.227234 59.383362 53.174286
0 547.886475 127.24157 35.503662 32.979111
0 596.445862 620.259094 56.480835 39.22876
0 212.7173 541.555298 37.4888 31.674316
0 52.88689 197.752533 54.853127 49.189026
0 597.646667 500.485687 51.161987 48.153992
0 118.817078 42.679474 42.729858 39.367996
0 187.727097 36.200623 54.447845 49.697754
0 257.743408 532.938965 32.964005 28.715576
0 6.737867 282.922302 13.395868 32.734558
0 275.542725 413.677856 23.656311 19.672241
0 265.985291 456.114471 88.849319 78.855103
0 219.073151 403.395081 70.316345 59.305786
0 284.662964 510.205505 45.703247 36.890656
0 572.057495 175.295135 23.20166 20.460175
0 282.399597 333.190826 54.508057 41.06665
0 12.01511 208.994034 23.804115 26.827484
0 194.750214 565.902466 50.675964 43.072144
0 150.822937 171.292297 134.315002 107.083405
0 522.682312 409.969452 31.166016 26.852051
0 322.172668 459.641083 21.241577 17.709656
0 603.339966 562.494446 73.320007 82.080444
0 531.77356 220.403046 72.051666 52.732727
0 28.856865 557.533508 47.333328 38.06189
0 312.722656 313.19342 26.616516 25.592712
0 434.608185 473.379822 116.884949 104.571869
0 315.943665 531.995972 54.825378 42.580566
0 282.063721 386.685364 62.220764 49.516602
0 144.072464 520.996338 32.002686 27.873077
0 60.836674 147.832184 51.823097 46.520203
0 221.00322 488.153381 48.695984 38.160828
0 401.313599 148.589111 21.178284 20.502838
0 124.009888 79.310417 20.774536 20.230804
0 404.229706 224.566223 56.236633 45.893768
0 387.738342 298.020508 58.382446 55.579102
0 597.558044 577.807068 52.104492 46.734253
0 466.096863 490.239014 55.84314 46.994385
0 626.413757 250.01857 25.543701 34.333282
0 178.559479 499.669891 36.881409 29.729431
0 371.285919 548.499146 49.872253 47.030762
0 419.916321 519.914856 23.962219 21.615723
