0 517.993042 110.791077 28.168854 25.927841
0 373.884888 14.663218 31.150513 27.243893
0 515.12146 349.243134 34.1604 30.77301
0 265.126862 208.1185 37.424988 36.838135
0 347.517944 283.788971 31.702087 28.447571
0 361.778656 444.419983 25.356567 24.514832
0 473.083221 480.715302 21.97583 21.408813
0 135.60025 63.061974 22.162178 21.840969
0 579.429565 324.941345 22.125122 20.39624
0 300.585114 593.655945 20.708679 19.470337
0 80.194832 5.40149 26.01062 10.80298
0 187.072784 131.876419 27.396729 26.265221
0 435.200562 491.473969 22.747009 18.333435
0 284.050751 16.328804 36.172363 31.112583
0 80.601982 263.788147 21.31279 19.774902
0 632.843994 353.709137 14.312073 29.220398
0 9.950106 17.333658 17.684303 16.908451
0 118.787392 191.133621 25.924728 21.731506
0 482.633942 49.942429 27.50293 26.693947
0 586.866516 410.398102 24.781616 20.554626
0 179.719513 165.940674 20.900513 16.846741
