0 81.59938 169.01651 29.235046 27.232635
0 627.34491 311.16571 25.306641 29.371643
0 116.033615 418.97403 20.025192 17.907898
0 107.919258 93.614944 29.777664 26.60141
0 17.720453 634.661499 22.277828 10.677002
0 174.760956 628.374146 29.09848 22.906982
0 626.727783 459.393738 26.544434 37.044678
0 194.738525 496.456696 35.88504 31.124695
0 91.373962 278.638519 18.862869 17.664185
0 334.362335 179.479172 46.799988 44.235016
0 309.911438 330.896942 32.551575 27.876831
0 196.839737 122.279419 158.111542 143.869568
