0 507.879395 300.168701 240.503143 236.510391
0 152.899261 110.19117 24.060028 23.384933
0 627.219116 226.03064 25.561707 30.329193
0 274.15509 236.282867 20.66333 19.170074
0 189.017654 186.737503 27.800201 25.861298
0 212.663544 40.252079 23.121765 21.247871
0 88.582222 123.32811 24.214096 23.556145
0 541.035828 49.405972 20.042725 19.053841
0 269.501801 85.757324 21.857056 20.475449
0 160.829987 137.283691 22.381714 21.319946
0 499.422394 282.073456 18.469543 17.468628
0 387.061829 503.407593 18.786072 17.290375
0 83.739388 38.405434 17.984772 16.274185
0 354.174377 139.688324 18.602844 16.760437
0 386.907715 469.114441 16.518677 15.731689
0 181.704132 166.506775 22.057343 20.835541
0 65.146812 249.086395 40.469269 35.561768
0 301.344604 199.061142 16.508423 15.965363
0 183.864761 144.367767 21.590454 17.85144
0 475.846619 376.560577 15.797668 14.833618
0 88.887604 60.239647 16.111877 14.432575
