0 458.521729 454.305054 22.028564 18.973633
0 106.357574 141.427994 25.988464 24.739471
0 208.275543 240.393127 294.603943 266.38855
0 22.484341 294.054535 25.008148 22.75116
0 232.045135 195.677078 29.44751 27.01944
0 48.360565 376.47998 42.275009 34.96283
0 10.282356 418.194336 20.564713 22.675842
0 593.497986 210.906677 86.698975 74.041321
0 151.907745 44.281166 30.636902 26.545372
0 143.54332 73.654205 185.307007 145.506683
0 160.46991 67.034088 21.024109 19.37941
0 227.567749 195.734482 49.875916 43.606354
