0 350.345367 294.763885 42.096375 40.024048
0 141.758835 286.157349 28.203125 25.778137
0 484.804871 578.119507 29.013062 28.068481
0 52.461121 449.678955 26.991821 24.347717
0 93.406998 355.094177 25.793396 24.059631
0 215.014008 231.777206 26.593445 25.140045
0 201.179428 369.495972 30.938446 29.758972
0 169.670303 320.051392 25.648438 24.583557
0 537.864197 32.102295 59.178223 53.43013
0 9.573736 274.374084 19.114758 31.312988
0 371.779419 540.22467 23.819092 21.502686
0 288.61853 87.959938 23.563477 21.659119
0 420.418152 225.581253 24.481812 21.209167
0 164.548874 348.518005 21.622437 18.785767
0 585.898376 367.973389 18.652222 18.123718
0 624.550171 217.999786 23.590698 21.617615
0 486.101044 232.107269 21.346802 21.093292
0 103.367073 403.53833 30.912033 28.840332
