0 260.613312 549.923645 53.077332 46.0979
0 116.719101 593.611145 32.746925 29.396851
0 346.941284 559.222107 38.095886 32.633545
0 510.880859 21.599621 36.733429 30.757919
0 16.66132 234.42749 33.322639 32.268677
0 422.657867 302.782257 77.598145 72.498535
0 215.740433 400.70816 35.491241 31.884094
0 203.438553 287.166992 135.883331 125.35405
0 165.183212 21.558834 27.213776 24.699671
0 257.93454 115.425491 23.423538 22.403778
0 79.790367 219.313904 36.946701 33.04184
0 592.839966 610.871216 23.057861 23.193237
0 119.427902 341.852112 61.616333 57.216125
0 233.385498 603.257446 34.809906 30.438477
0 618.922363 200.845627 35.635132 31.61438
0 47.281387 505.405945 93.278778 89.304688
0 615.551758 249.563004 48.896545 97.451019
0 222.282074 54.303879 28.311035 23.388119
0 102.829971 288.753479 23.726685 20.964966
0 308.574921 208.151306 329.259583 295.213806
0 207.261246 612.571655 20.910034 20.930298
0 155.49617 591.945923 47.584564 39.648438
0 87.262451 278.224182 21.75264 20.057495
0 571.404602 305.948273 19.497681 17.580811
0 485.868958 389.554291 50.588562 50.887085
0 255.91983 145.695877 182.072922 196.610016
0 107.504791 301.092316 20.499664 19.74176
0 309.822754 532.734985 20.521484 18.922119
0 550.524414 114.136078 178.951111 206.153107
0 86.12178 611.064758 56.968994 45.236206
0 626.758301 81.254944 24.83374 116.60804
0 110.932602 117.558456 23.709671 21.81884
0 31.482906 332.966858 25.972374 22.027649
0 58.99958 554.615784 117.999161 123.520996
0 331.617828 335.183716 109.47052 110.397217
0 352.625885 181.126816 19.495911 18.095367
0 417.11908 385.211334 23.730774 21.544495
