0 262.553284 57.775948 47.960037 41.870331
0 553.299377 422.906281 24.637085 21.259583
0 262.891357 510.80661 24.386047 23.476746
0 377.355408 333.537598 21.016724 21.653503
0 458.099396 481.923523 26.145935 24.652954
0 370.919159 493.846252 21.210632 18.929321
0 326.877258 122.932869 28.665222 24.771072
0 51.737122 242.202591 21.123947 19.882202
0 335.918579 196.709198 16.150391 17.280212
0 215.183304 344.25827 22.625885 20.782104
0 244.040131 127.558319 27.299179 23.73455
0 283.554138 32.129211 30.847595 26.07354
0 210.888138 212.857544 20.443512 18.65918
0 350.429749 49.565014 14.774353 15.103462
0 146.64888 376.938568 19.730377 18.158203
