0 589.160583 306.078461 70.723389 63.032104
0 374.419037 376.21637 35.906555 33.810303
0 173.599945 154.021576 293.882751 283.955261
0 19.292103 340.778351 30.160141 28.606018
0 526.796387 138.921082 25.855835 25.157562
0 516.413025 623.44043 26.243927 24.462891
0 546.778198 234.332153 45.547852 40.987
0 588.638428 445.860565 32.058105 32.651245
0 571.809387 586.393188 26.735229 25.310059
0 568.720154 352.986633 48.171875 46.244568
0 596.441772 554.697266 28.069336 23.839355
0 470.806244 287.462372 19.538513 18.779541
0 419.437836 441.132721 118.944153 95.010681
0 481.629303 403.318298 72.424377 64.321167
0 522.465088 600.052246 20.476196 19.214722
0 537.056274 419.952209 39.993164 34.142761
0 529.713074 577.594604 19.849854 19.665894
0 633.880737 566.303284 12.238464 24.230469
0 597.535583 630.93219 22.174194 16.171631
0 577.451721 543.034302 21.041992 18.760864
0 621.273621 433.939819 18.696777 17.212097
0 523.959717 360.187561 43.316528 38.446899
0 543.073792 603.467651 21.25708 19.991333
0 587.83783 460.267487 26.707153 22.80542
0 413.411621 574.386353 22.780457 19.165161
0 392.138031 458.649902 26.928711 24.789185
0 442.250916 451.717041 75.623047 65.986938
0 493.773651 608.763794 40.782776 34.359619
0 477.743256 320.435791 31.569946 29.263306
0 567.619507 416.025604 20.383789 17.494934
0 405.923737 410.28595 60.950256 51.852356
0 622.5625 449.103058 16.329102 15.825623
0 24.180435 15.200922 48.36087 28.110798
0 571.721008 508.942444 53.88269 45.268829
0 225.467331 373.695618 20.988892 19.842834
0 267.901764 323.40152 124.750839 90.650085
0 517.978699 438.25293 20.078857 18.070984
