0 463.543335 91.110046 24.138489 23.470428
0 249.349823 217.059662 58.012756 52.129211
0 173.97377 315.592255 18.728271 16.863586
0 132.841553 359.136169 77.776825 66.376709
0 164.037994 256.113098 56.80954 53.978622
0 499.467224 211.35434 72.079712 62.910919
0 202.892426 101.389214 41.597748 37.326294
0 584.889709 308.928345 94.086792 90.234619
0 29.365395 129.692657 34.840469 32.965141
0 99.429916 65.304329 43.45343 40.570435
0 422.952362 205.723251 61.56781 57.460724
0 134.245102 462.907867 26.182587 22.502563
0 330.589142 170.669327 47.549988 37.797424
0 18.393953 92.410934 36.787907 40.639679
0 331.530945 116.745621 96.59137 81.613159
0 250.699219 114.669327 74.57933 67.288918
0 160.74202 230.419968 22.50116 19.482056
0 299.888062 261.097626 43.84314 31.363403
0 250.844666 198.508209 36.785461 25.340942
