0 603.588074 19.681408 28.424927 26.317223
0 62.9925 544.826294 125.985001 148.557739
0 427.186401 206.848816 337.650116 347.184204
0 221.527573 582.530151 34.717834 31.965942
0 624.747559 630.419067 21.255249 19.161804
0 234.357285 141.570755 25.117706 22.349243
0 100.164108 337.523743 160.817383 137.143982
0 534.882202 444.998779 31.29187 29.932251
0 189.37764 25.875092 181.69754 51.750183
0 531.315247 504.125671 37.479614 34.755829
0 379.120178 464.507446 36.446106 34.551819
0 368.843353 23.743343 38.968506 35.146057
0 402.471039 440.563507 35.990784 33.420105
0 438.542908 566.443726 69.181152 60.657593
0 464.662231 540.30011 20.293884 19.133789
0 515.04718 405.946045 45.847931 45.185547
0 153.199127 516.194458 20.550232 20.195587
0 240.0233 613.265808 30.165405 28.693115
0 389.831451 410.704437 32.518738 28.893616
0 8.494681 469.697418 16.989363 20.489319
0 594.953125 61.324585 25.751343 22.745167
0 598.565369 587.497314 79.926392 102.972778
0 46.802357 58.66502 54.598656 46.075172
0 456.170776 512.296387 25.49408 21.484528
0 21.620453 109.309189 40.865448 38.127724
0 410.898041 490.67157 32.028076 29.310181
0 438.035278 267.311371 18.012939 17.36261
0 565.472717 444.169312 32.441406 31.89856
0 180.974258 452.294647 23.893829 21.933167
0 352.388519 605.750427 20.572083 18.615601
0 590.399536 532.197083 17.297241 17.844727
0 298.096191 426.482391 34.989685 32.366455
0 8.557339 194.597488 17.114677 23.555817
0 276.559265 530.151367 82.642319 79.804688
0 549.238342 554.650696 21.498047 19.227051
0 17.728935 450.510101 29.967039 29.062195
0 178.21637 282.218506 29.569611 27.457153
0 266.617279 491.839752 23.101624 21.497253
0 63.665619 261.046448 46.904362 44.509033
0 160.89296 455.143982 20.666656 19.296936
0 613.520691 461.277405 28.785034 25.472961
0 459.13855 384.030273 27.64563 23.291138
0 613.695923 359.326782 51.842285 55.041016
0 76.615875 6.698913 22.369064 13.397826
0 436.638519 524.510437 20.696899 19.562134
