0 179.357864 39.888336 119.69693 77.271683
0 103.289848 351.280243 29.604996 25.359802
0 372.030273 626.21814 41.305847 27.563721
0 49.721252 508.090179 35.95015 33.030945
0 485.963715 437.718781 33.014038 26.79657
0 401.500946 234.262634 28.439819 25.135223
0 33.511818 266.738251 33.750946 32.620316
0 463.047577 195.73764 25.633179 23.933197
0 79.641708 299.003204 55.687943 50.324829
0 533.361023 362.568268 39.974365 36.023926
0 553.690247 462.70166 20.991821 20.858826
0 490.227386 335.134003 27.191101 24.219177
0 312.828705 628.805542 54.678955 21.351318
0 545.949097 416.249695 26.095337 23.395447
0 340.167877 192.282867 27.25531 24.480743
0 452.065308 488.688446 42.431091 37.32489
0 193.084381 514.002747 38.781616 36.21106
0 48.092133 374.853882 65.786072 60.421875
0 617.909546 246.762146 22.08667 21.015747
0 226.257843 494.612488 37.177063 32.868347
0 552.473694 487.426453 20.560303 20.243713
0 414.071167 192.877411 25.130432 21.678436
0 6.247515 116.927902 12.495029 36.534447
0 604.289062 592.601807 54.164917 48.85083
0 570.720764 17.232973 23.554565 22.013821
0 329.785034 62.468803 23.797607 21.670654
0 426.198151 369.16568 114.002136 93.349548
0 544.795227 242.717163 22.584961 20.641785
0 187.101624 250.257202 52.112122 48.569107
0 464.343353 279.549988 24.408325 21.138062
0 545.887939 498.565674 188.224121 204.070435
0 466.95932 136.317642 89.251465 73.179535
0 617.103333 295.669434 45.520264 53.293518
0 324.064148 573.767578 45.840088 37.172607
0 579.676086 403.262329 23.636475 24.032837
0 259.641571 264.478821 27.264786 23.570129
0 122.322502 118.140213 20.319534 21.849365
0 510.457642 477.493195 20.071014 18.067871
0 616.450073 68.79274 47.099915 73.457245
0 601.454529 402.954224 67.177002 60.428589
0 555.709717 48.583321 168.580536 97.166641
0 9.467318 399.391174 18.563435 45.011169
0 249.699249 194.642105 46.461258 40.488007
0 311.94043 558.537354 65.787964 57.114868
