0 497.793945 42.339645 25.912415 24.596481
0 360.059601 587.533325 118.97345 100.461304
0 271.480286 387.803925 21.106873 23.266296
0 499.350952 326.345734 51.512299 46.756409
0 602.955933 35.009548 46.550049 41.983955
0 551.604492 40.008492 70.247437 58.618053
0 448.330292 283.434204 44.022034 41.314575
0 184.831696 170.131378 35.798492 32.820129
0 30.028057 294.160339 40.315964 32.113037
0 330.493896 217.24588 28.609192 28.849121
0 229.061005 226.138107 27.117859 25.386047
0 300.987671 258.742798 19.927979 19.448425
0 84.54026 313.990051 29.771927 26.455566
0 229.788757 296.252472 19.423462 19.113831
0 23.514015 278.862579 20.349459 17.961853
0 421.843323 476.005066 106.791321 101.969238
0 522.125061 228.84227 43.132782 40.343994
0 25.534052 284.848267 32.234081 30.684631
0 421.765747 161.56012 18.440063 17.955292
0 629.652222 15.989504 20.695618 30.226505
0 268.093384 437.465485 34.818893 31.326904
0 164.924606 320.280548 30.03244 28.406311
0 326.871796 116.615662 18.470886 17.460281
0 347.842133 248.905396 38.442078 36.29567
0 593.287964 139.310608 20.703369 20.137573
0 489.188843 84.430618 24.36853 24.364288
0 114.566437 281.155365 42.175117 40.283569
