0 141.257339 418.855042 47.653107 35.709778
0 117.449524 190.030411 217.200653 171.491241
0 128.688995 547.615479 39.667976 36.864746
0 33.866104 468.692749 34.358513 30.190613
0 15.48151 404.262726 30.96302 32.169434
0 497.734253 425.43454 48.228485 45.063477
0 43.720852 348.841827 23.705475 21.704651
0 393.0448 229.115906 63.108093 55.553299
0 623.684814 439.531189 32.63031 38.862061
0 382.710938 524.119873 105.028198 88.015991
0 102.176849 572.368835 26.308304 24.30481
0 222.817093 619.446594 30.404327 28.665283
0 193.914154 330.762848 69.527039 63.010315
0 474.207855 334.295807 33.549866 29.1745
0 363.950623 297.478271 50.789978 48.054321
0 172.744537 49.621605 197.247986 92.711319
0 611.617737 392.934326 54.804932 54.791199
0 414.932953 337.115051 79.556091 67.446533
0 544.388916 409.339905 49.347168 41.510925
0 42.765491 29.861977 84.233147 59.723953
0 431.685791 280.572174 69.866882 59.074539
0 388.681885 394.977905 48.120117 41.955994
0 284.384369 345.895752 49.69043 40.59967
0 273.714325 410.291199 42.349548 38.609314
0 323.319611 404.289368 39.503479 33.241455
0 92.098999 602.065247 28.507401 24.349487
0 159.960526 377.272064 41.078888 36.064087
0 32.095009 377.27182 21.835442 18.846985
0 575.954529 360.357269 31.80249 28.41217
0 552.936523 373.833923 22.168091 20.269226
0 589.372864 576.457764 32.319946 30.138184
0 407.814301 38.365662 33.612183 27.68412
