0 131.18988 444.778137 121.293396 116.251648
0 131.683456 560.078369 34.424072 30.935181
0 47.008274 229.121979 25.252625 22.768524
0 241.357666 499.253815 20.238708 18.931213
0 541.009705 626.273315 41.069702 26.19397
0 502.512482 475.87561 274.975037 277.086212
0 240.211578 430.313965 94.409225 80.884094
0 179.060669 198.305954 22.896912 21.070068
0 122.402969 515.242676 33.753693 28.172363
0 47.77578 116.925278 24.321587 24.91568
0 149.400085 467.5242 79.231354 70.220215
0 147.943771 498.021667 29.924683 27.276917
0 8.252231 317.422699 14.660717 16.66925
0 440.018555 234.890747 31.645386 29.433502
