0 365.393219 295.474762 96.324097 94.240723
0 595.927856 306.762756 69.231201 67.635864
0 75.987434 402.222809 46.51387 38.704224
0 506.033752 67.880783 41.767944 39.910152
0 367.900696 122.052856 58.2995 51.563751
0 558.714478 422.668396 46.788818 41.916077
0 547.169556 198.329422 65.102417 70.238281
0 570.542908 493.775024 38.984863 35.256226
0 591.560913 471.121826 25.531616 25.083191
0 199.592575 477.203064 44.424408 40.396973
0 570.427551 384.971222 26.122437 25.552124
0 468.201691 477.486755 28.106689 25.21405
0 491.715637 460.631012 22.85907 21.498535
0 523.715454 399.502014 26.438354 25.130432
0 587.758423 363.897278 26.513306 23.370972
0 301.50351 23.235081 25.922607 25.164536
0 510.94574 538.97406 20.127838 21.135986
0 496.210938 152.952911 41.105927 40.930115
0 499.262329 440.546509 23.149048 22.011475
0 569.140198 68.60849 26.063965 25.945953
0 591.832214 428.082672 22.21228 21.889099
0 530.167053 508.579895 19.264038 17.337402
0 584.790771 251.963043 34.659058 35.128952
0 42.7257 7.18961 21.433258 13.612629
0 500.433777 326.655426 20.395264 19.100281
0 624.157654 389.859955 22.127197 22.602417
0 585.307556 17.816307 38.408447 34.641182
0 564.911926 634.029358 27.593018 11.10791
0 629.747498 628.766357 20.505005 22.467285
0 591.17865 391.550568 20.58374 21.022339
0 266.578247 126.855339 30.370834 29.422501
0 565.007324 335.593689 18.657227 17.434448
0 439.186249 485.460754 36.954346 39.204773
0 197.585114 89.617699 22.247467 19.705811
0 192.255112 115.4589 25.610352 24.915924
0 574.625977 632.173584 51.991455 15.530151
0 622.57489 353.223236 33.781006 58.559143
0 143.528503 102.605965 22.40799 22.416214
0 494.662384 576.275452 20.757202 22.474121
