0 421.99942 190.534439 144.866394 120.573303
0 162.397324 260.481995 41.515381 38.310425
0 460.415558 310.476349 42.519409 38.105774
0 259.120178 206.42305 29.456802 25.25174
0 416.462158 351.936462 52.69397 46.656311
0 568.704712 28.362219 32.984497 30.115406
0 384.283508 450.014526 25.091736 21.398865
0 413.033722 330.793457 37.240356 25.923889
0 30.945282 391.647125 26.457415 24.423828
0 119.191071 581.302856 24.269783 23.63208
0 413.145264 544.651733 24.938354 19.702515
0 175.625885 134.073776 25.184265 24.243164
0 558.568237 490.975342 162.863525 148.982941
0 631.664062 248.520218 16.671936 20.460602
