0 177.303787 77.857224 41.798584 38.717499
0 564.543701 335.677032 27.89978 24.944275
0 19.121216 166.765747 25.760376 23.302246
0 92.629372 428.801819 22.949554 20.072876
0 39.136444 454.82016 26.072182 26.561279
0 86.657547 352.910217 23.738556 20.993286
0 251.313019 90.582024 21.985641 21.884674
0 561.445251 503.360748 22.696167 20.69928
0 11.211113 81.598679 21.97562 21.736053
0 160.101059 234.798004 20.723358 19.473785
0 382.769409 571.05603 19.30603 19.206055
0 633.561707 203.925476 12.876587 22.059326
0 331.877625 52.122993 20.636597 18.173935
0 148.786011 268.324768 20.02774 17.464417
0 113.970421 137.14325 23.164062 20.235504
0 481.212433 470.242676 19.704163 18.062683
0 391.611084 601.265503 21.564331 20.90332
0 133.745834 183.241028 59.595337 51.821228
0 203.985443 48.154045 34.026001 31.699657
