0 112.221947 69.991417 60.410995 54.807312
0 187.427429 46.110668 162.880264 90.434914
0 182.48671 545.265381 47.051727 40.609375
0 372.375519 132.949478 168.202332 149.063751
0 591.670166 202.963943 23.703613 23.298889
0 341.98349 257.760681 75.952271 68.339478
0 260.734192 380.345703 42.035645 36.253662
0 390.551697 50.434006 26.744751 25.020752
0 78.297516 471.248535 53.071426 45.531738
0 40.060715 34.463772 35.772018 31.804527
0 58.226936 159.579132 28.134815 25.51239
0 373.331604 433.640747 41.770874 42.010986
0 104.730103 123.166061 31.677643 27.697906
0 272.627625 421.325348 29.889038 27.287231
0 26.726738 178.969086 25.83769 23.246582
0 257.124237 583.368164 35.843323 34.525269
0 460.9086 251.981171 27.833435 26.309143
0 151.259369 250.624634 64.103699 53.498108
0 348.296631 454.463257 36.119019 31.407227
0 545.712952 52.366821 20.359985 20.355667
0 332.616974 215.293777 24.646851 23.844147
0 127.726646 513.374512 40.094193 37.000366
0 517.591125 184.713547 21.677704 19.846924
0 70.201538 502.364319 22.720978 19.591705
0 586.901306 94.855461 23.959351 22.489395
0 171.705505 308.851898 40.572235 35.788025
0 238.110916 557.728821 21.628204 19.422974
0 172.442337 570.510498 23.685577 20.38208
0 506.509094 284.882294 23.753296 21.674438
0 598.898132 427.420227 24.330811 22.245911
0 316.032745 297.629761 23.819885 20.976562
0 475.81781 453.44751 55.388916 45.296387
0 491.728973 334.197266 36.727417 31.754822
0 53.94334 121.586334 29.60157 26.291962
0 52.703388 600.911194 24.462837 21.364136
0 397.207703 352.465759 37.385559 34.305481
0 377.128754 559.505554 45.223694 38.680176
0 287.897797 102.034683 21.684326 20.925049
0 138.155167 336.003052 19.978882 17.737061
0 34.012478 466.88385 25.291758 21.266663
0 38.317734 486.819611 38.917892 29.936646
0 386.968719 159.662369 20.75824 17.217224
0 19.882761 500.111511 21.870342 18.004761
0 516.115662 264.480835 21.953735 19.549759
0 381.075928 298.707581 33.415344 35.795898
0 148.953918 375.230103 21.980347 20.370911
0 498.998718 111.849503 27.164459 23.721252
0 94.392075 576.555237 16.2995 15.431396
0 315.230774 221.347748 29.424988 23.724304
0 439.807129 363.502258 31.339966 27.258667
0 211.404846 466.496582 26.635742 22.086243
0 364.466675 358.47699 29.871521 26.772156
0 36.542412 260.661987 20.130737 18.453186
0 573.284912 82.710381 18.76416 17.18866
0 325.63855 218.94342 40.995972 32.964325
0 450.706329 298.474091 18.441956 17.332764
0 571.172668 137.726913 42.2677 41.672173
0 260.348785 240.58107 25.743713 24.055084
0 9.433342 114.14727 17.175808 19.814514
