0 438.190125 203.918823 129.3573 117.689529
0 506.014587 565.815308 58.891266 57.596802
0 423.33667 329.463837 79.802063 75.738403
0 359.469971 510.684326 153.396973 143.177765
0 107.801186 52.510117 66.841354 57.407322
0 177.509552 590.725586 66.300629 66.467529
0 238.016373 238.635422 23.826263 22.108185
0 63.581593 503.757233 56.607811 51.477234
0 584.421143 270.941986 111.157654 145.833374
0 209.961899 410.979797 67.459137 64.549988
0 316.413513 198.843979 25.804382 23.296204
0 163.935699 219.595978 30.818542 27.705139
0 91.362503 350.412781 27.510818 23.979065
0 502.540131 16.084753 27.354919 24.711506
0 596.493591 38.540184 27.755615 25.252167
0 155.141235 302.188538 35.891724 34.200378
0 530.146851 383.016327 21.142456 20.896362
0 526.299744 495.356262 41.120697 39.623413
0 607.219543 10.472685 31.429932 20.94537
0 277.174164 630.130371 33.617188 19.739319
0 72.12532 276.584961 35.712494 33.775513
0 339.130829 370.960449 25.374023 22.984314
0 332.030365 231.197235 24.625916 22.340729
0 367.474152 21.2663 22.362976 21.161259
0 154.319778 136.014557 20.604614 19.375305
0 444.634247 515.679016 43.098816 42.619049
0 503.581726 117.728226 24.482269 22.522758
0 38.018555 99.27121 34.802734 30.247467
0 16.666672 218.987488 30.536674 28.062317
0 507.116028 311.115295 39.036591 34.913757
0 370.833832 186.809814 19.786804 18.098572
0 258.549164 411.796326 24.930969 23.590393
0 496.535553 51.59446 25.661926 23.290718
0 331.351562 522.693176 19.534668 16.418091
0 624.02124 361.968079 31.430054 79.985046
0 424.211884 573.35199 33.891846 30.501343
0 396.581482 7.756707 19.583862 15.513414
0 234.45639 595.608276 49.519791 44.43811
0 5.775494 399.28421 11.550988 36.828491
0 195.985306 326.882111 81.4617 74.216919
0 533.599792 621.129089 21.127686 19.051514
0 345.048859 251.582367 20.005371 19.179489
0 422.506653 50.58926 22.043091 19.548332
0 20.772896 515.875061 35.701164 31.976959
0 52.916294 235.404022 58.043663 54.188721
0 133.102264 235.135895 26.249146 24.480682
0 103.417206 131.126541 30.84227 26.817528
0 133.922119 216.506287 33.627686 29.839783
0 168.170258 348.255157 33.050201 30.726013
0 379.0737 71.537033 18.874207 18.132298
0 402.649109 608.741821 100.595093 62.516418
0 59.435875 578.5578 115.549667 112.376343
0 354.430878 135.369522 18.337463 17.766335
0 400.818268 51.225857 20.860352 17.228737
0 241.361816 206.088837 18.513916 17.19342
0 285.746338 435.567657 45.53833 44.258606
0 152.871048 115.237503 22.031952 19.242065
0 614.325562 155.726456 18.756104 17.906891
0 442.680511 550.504333 29.063721 26.744629
0 315.891266 177.278046 19.788391 17.826721
0 578.212646 555.638184 17.48999 15.675049
0 53.357891 626.140137 47.440681 27.055298
0 478.221313 29.783073 17.794067 17.41522
0 553.184387 374.047668 109.489349 101.010803
0 144.555573 448.615082 68.494141 62.842102
0 16.565205 461.060028 30.713081 34.898987
0 399.457672 197.793381 19.008057 17.348206
0 254.298218 308.463379 43.509155 37.696289
0 439.60672 7.672181 18.855103 15.344362
0 193.863373 360.639801 50.078583 41.367188
0 231.741974 269.107178 53.893311 46.048462
0 12.019871 247.150909 20.850426 20.515991
0 322.691956 152.3237 17.330139 15.982574
0 567.666992 61.348381 25.749512 22.572845
0 192.941971 436.256409 36.096771 31.811951
0 433.905853 481.678192 16.689453 15.242004
0 21.572002 460.098541 21.121988 21.106873
0 426.404877 469.808777 30.579468 24.323242
0 635.261414 557.79425 8.792358 18.546021
0 303.987823 58.877296 19.342468 17.860489
0 218.725235 457.189545 37.685425 34.665588
0 583.197205 416.49646 17.023315 15.508972
0 598.962097 25.387386 36.137329 41.986214
0 222.818298 205.297211 173.774902 139.116653
0 46.340652 251.107224 50.246735 41.468658
0 600.052185 116.815575 35.433472 31.216934
0 29.134361 334.095093 21.094223 19.359863
0 242.001892 628.897766 37.786057 21.938721
0 595.444153 592.257812 16.85498 16.712891
0 414.680664 266.953918 30.920715 29.510925
0 4.635499 276.263641 9.270997 29.452026
0 191.216919 368.812134 31.85849 27.847778
0 484.595398 353.470306 51.080322 46.516724
