0 613.108765 432.324554 45.060303 35.237
0 335.423096 596.633667 63.071228 51.875122
0 61.080727 222.262878 32.381165 26.500092
0 519.860596 306.363159 27.537323 25.464355
0 29.717453 133.10817 27.022102 22.850891
0 432.028931 374.806244 21.355286 20.15155
0 217.244446 609.625793 63.907745 51.388062
0 235.662216 471.313812 41.858673 38.523132
0 398.073608 37.343555 25.881226 24.595497
0 223.113892 584.257324 20.177673 19.127197
0 227.716782 507.121979 20.72818 17.40033
0 90.264427 85.258286 28.126266 24.912384
0 237.664185 14.084145 22.287659 20.851879
0 414.742188 233.771408 99.936462 84.716949
