0 277.389984 616.103638 28.166748 25.313599
0 49.555153 75.883865 33.003986 29.278934
0 553.719116 267.274536 36.379395 29.052002
0 580.517639 328.200531 25.531982 20.05542
0 593.905029 295.496735 38.076904 31.034363
0 58.182774 245.362762 25.116264 19.503204
0 82.034042 144.47879 25.107941 21.90448
0 16.46772 145.900711 25.317715 21.068451
0 520.968262 280.565094 22.19458 18.53894
0 396.456848 118.693497 22.465149 20.432014
0 563.729248 384.631104 23.742065 20.659363
0 154.390839 182.922668 22.117828 18.963287
0 15.493171 376.313202 26.990232 23.0495
0 628.632507 397.879852 22.734985 39.343262
0 573.190002 593.244751 70.42981 55.719971
0 558.03009 308.542999 33.143066 30.220459
0 607.67041 40.698181 64.65918 81.396362
0 79.739624 410.427002 21.031647 18.123535
