0 206.747025 372.354462 54.639526 46.611816
0 445.600983 116.29409 40.689575 37.130936
0 147.892853 263.079559 28.783691 27.663315
0 92.823715 76.964867 26.952789 25.431885
0 255.394073 447.787476 116.602432 106.761841
0 305.455688 337.431549 41.529175 37.9953
0 193.795441 613.026184 29.585693 27.632812
0 13.235634 147.941116 25.477123 24.820709
0 498.058105 366.596313 23.889648 21.13324
0 599.267517 256.38623 21.884766 18.873886
0 102.355545 9.306854 22.809372 18.613708
0 502.752808 173.532913 22.574982 21.719635
0 350.128143 323.917725 20.581055 19.465271
0 621.86084 420.790649 22.050171 19.674072
0 6.230295 101.756401 12.226831 25.966568
0 166.628189 274.351562 23.213745 20.004028
0 6.444907 262.720093 12.536802 24.730286
