0 263.075226 235.413605 48.750488 43.224991
0 504.533905 507.678101 30.424744 28.39621
0 285.670715 173.258636 27.502258 23.765198
0 346.899597 49.124954 38.777222 35.5574
0 482.269867 250.855408 25.851074 23.731201
0 456.931824 188.061768 25.352173 24.807678
0 480.038452 219.811813 23.559021 20.619293
0 324.358734 470.342957 22.797485 21.492065
0 362.609192 74.424042 49.564819 43.892151
0 597.110413 591.665283 25.801758 27.697021
0 355.816864 59.807335 48.807861 47.720383
0 370.06601 85.476624 44.728577 39.183228
0 4.887463 532.853394 9.224689 26.749512
