0 592.957886 493.434509 94.08429 81.449188
0 132.852402 400.363556 56.934113 47.512939
0 540.430969 375.638 61.654083 50.927979
0 207.461807 307.894867 40.941467 33.84552
0 523.602905 474.077789 37.77121 32.97699
0 414.206787 615.233582 41.394592 32.822266
0 80.475632 623.042419 28.243744 23.393188
0 392.762115 564.337646 36.551819 30.900269
0 179.834763 226.543274 23.836823 20.930817
0 345.760803 360.853973 27.611084 23.505554
0 90.165771 300.943481 123.931892 97.703674
0 618.795288 336.773346 38.924072 36.879639
0 521.536987 431.654785 30.145996 26.690979
0 210.986359 464.764923 26.686646 25.163513
0 420.348999 222.908508 58.260254 49.311798
0 252.758118 532.635071 39.997925 36.00415
0 420.138702 534.789673 26.346558 21.613525
0 433.77124 441.010162 26.484985 24.693909
0 45.633099 580.103516 83.324059 77.558472
0 58.768005 439.122772 108.894958 90.067017
0 375.480713 355.759003 27.40625 24.695984
0 482.264008 537.776917 33.433472 30.260498
0 352.161285 91.37117 47.821533 44.068573
0 412.963104 439.856964 22.789001 21.926575
0 446.716736 511.594543 33.081665 30.290009
0 590.479065 263.879303 32.631104 29.800339
0 104.493004 588.870911 27.010376 23.793457
0 371.325165 201.015305 32.130554 27.913544
0 489.487579 166.988785 56.236877 43.426392
