0 427.695526 73.423721 41.453613 39.775436
0 120.477692 269.4245 28.950592 25.149658
0 608.746094 316.455109 39.906494 38.538452
0 583.465454 600.849365 27.79248 24.862427
0 13.58984 216.360657 27.17968 33.555878
0 578.221008 405.353027 21.898682 20.4375
0 629.743774 453.020294 20.51239 26.457581
0 161.96167 602.040833 24.319702 22.214844
0 287.046875 237.455826 22.170166 21.684937
0 260.371307 438.939453 23.329956 20.911865
0 553.196594 134.169601 23.290405 21.816498
0 398.637054 216.544479 20.649963 18.976776
0 607.598267 420.584564 22.660889 20.934998
0 186.171082 5.395612 24.021088 10.321482
0 561.676453 183.817566 23.426758 21.394196
0 574.639526 352.892334 21.202026 19.561096
0 489.418091 314.022675 49.19751 41.123901
0 341.461578 506.325409 29.566162 28.6745
0 303.718079 601.640503 33.884766 33.515991
0 623.353027 186.555145 23.373779 21.699066
0 570.624146 632.461304 27.567139 13.942505
0 479.817505 603.496277 19.234253 18.532593
0 42.281555 11.673633 22.613792 19.960985
0 522.27417 581.544922 17.10083 20.159424
0 174.447708 103.953552 23.580811 21.889313
0 27.253859 267.024017 31.127026 30.800842
0 141.064026 479.81427 33.513733 33.421875
