0 67.483978 480.115479 106.093658 102.701874
0 424.454529 586.790649 55.425903 50.568726
0 376.289948 271.02243 29.302307 24.577942
0 196.811417 328.053467 45.404175 41.397095
0 509.298065 521.165894 28.04071 25.410065
0 447.730225 337.808502 24.943176 23.37262
0 114.591614 83.218132 23.340347 22.869461
0 317.972565 291.343231 19.088623 18.327515
0 178.861938 365.662354 35.327637 34.271606
0 509.322998 328.051514 23.710602 21.519226
0 431.803192 86.467392 23.3078 21.833862
0 97.213356 614.082275 20.689499 19.769165
0 516.8349 42.342213 25.153198 23.435114
0 567.185608 599.188232 32.454834 29.405762
0 473.484436 376.597473 24.150879 21.92926
0 62.8657 155.586212 26.933186 24.095734
0 464.395782 359.09317 20.509338 19.020447
0 383.741669 16.013714 22.61438 21.731895
0 564.109314 14.319176 20.574707 18.647598
0 474.177002 548.789734 19.534729 16.553101
0 107.489677 632.237061 26.077271 15.52594
0 243.06929 497.974243 23.086578 21.172363
0 228.091553 46.875195 17.856506 16.667023
0 382.381744 56.604294 18.959106 18.651627
0 331.650848 250.278168 19.732239 16.982895
0 133.198639 280.917908 20.349495 20.417847
