0 470.689636 546.677124 189.613617 186.645752
0 620.567993 524.100586 38.864075 37.066376
0 615.36792 241.762772 46.616943 43.824127
0 590.376648 87.418503 59.055908 52.713364
0 360.392914 21.432274 83.572144 39.792206
0 523.653198 48.753719 59.797852 56.417366
0 618.796448 377.012207 28.060913 24.838135
0 596.079651 557.704773 20.803955 19.477661
0 402.753113 628.907715 21.956543 19.232544
0 262.317139 618.447388 49.226303 40.609375
0 633.973755 363.046753 12.052551 21.920898
0 96.975952 603.526978 137.959778 72.945984
0 541.547424 127.322357 23.47876 21.435493
0 413.035309 161.315674 21.390015 19.539215
0 310.630646 53.898659 88.557251 77.399063
0 560.752197 628.866333 56.943604 21.440796
0 329.822845 69.624069 39.953064 34.996769
0 383.351898 314.270782 46.462952 42.722656
0 439.240448 129.617706 28.504272 25.197021
0 458.166412 135.795441 63.735779 53.410713
0 586.616638 34.066776 33.834229 31.585106
0 152.252502 274.121582 36.565216 31.200195
0 128.520142 224.154282 18.914948 17.702545
0 284.401093 313.338104 19.887024 18.709351
0 279.664734 540.860718 48.85643 45.837891
0 81.709114 30.367825 64.545456 56.81411
0 78.001907 531.6026 115.216675 106.141449
0 375.462097 70.76693 57.619141 52.405197
0 92.93428 555.084534 51.925858 42.12146
0 295.582642 25.408367 69.883728 50.816734
0 552.314636 303.042297 50.739868 48.40979
