0 340.75119 606.8302 34.630188 30.259644
0 250.75293 172.929718 27.424362 25.59082
0 152.136688 237.1008 98.313293 85.207565
0 551.883911 136.54071 24.940918 23.630219
0 471.25824 462.264954 22.091919 19.953552
0 515.620972 279.697083 58.9935 58.707108
0 136.040863 35.252487 35.452057 31.471346
0 12.965382 598.667175 20.021507 20.201294
0 153.345108 595.184326 68.832489 59.411865
0 363.692474 543.982361 44.980835 39.823242
0 379.786926 487.561523 20.482361 18.410522
0 219.882446 495.217926 41.363647 35.741272
0 521.515808 329.285767 34.769653 34.756653
0 25.509815 487.309845 47.74337 46.125793
0 364.378876 567.505554 47.247375 37.999512
0 455.387268 121.256447 50.450195 47.828781
0 423.747223 555.31604 66.369751 53.293335
0 583.105469 492.391296 113.789124 163.417633
0 190.803391 51.537983 22.844879 21.437378
0 320.527649 568.655273 41.016418 38.632812
0 372.164764 115.794304 28.711121 27.027451
0 204.620071 556.212036 52.409882 38.881836
0 68.975922 629.502075 34.763016 20.99585
0 283.869293 272.681061 51.500305 46.895432
0 50.129379 452.710114 35.800461 31.152832
0 213.288666 474.855957 70.389099 58.913879
0 454.495972 527.032471 39.029236 35.825775
0 242.267517 227.190979 71.729385 58.12352
0 380.326508 272.576324 46.619324 38.473022
0 78.123093 574.513672 53.94717 49.663452
0 142.223709 529.82074 82.029091 70.145996
0 279.206055 465.142883 60.251892 48.64502
0 148.409348 474.145264 40.144836 35.023376
0 36.33651 341.81839 29.273674 23.76416
0 360.651398 554.896973 71.61261 53.963379
0 189.281952 624.49054 79.213043 31.018921
