0 320.888611 533.947998 27.050781 26.47937
0 154.186279 308.713562 27.880676 26.502625
0 21.483082 259.336639 42.402191 40.735306
0 372.612671 601.507812 26.897217 25.428711
0 426.773682 179.602325 31.266479 28.777771
0 383.655212 379.062683 30.272888 28.596924
0 129.218964 235.841507 26.853119 27.108978
0 207.650497 385.413574 35.513 33.997314
0 487.748352 606.980713 26.4776 24.276489
0 488.213745 222.524216 34.646423 31.219177
0 522.815979 391.0896 37.294098 32.503113
0 531.271484 362.947601 26.889771 26.182861
0 276.699982 269.227325 23.632263 22.645508
0 434.881439 289.100037 26.016113 25.47821
0 632.009216 421.309906 15.981567 27.409241
0 186.547394 426.093384 25.042908 23.745972
0 611.501709 71.533508 24.712158 22.662785
0 333.339569 341.171783 22.575256 22.670288
0 572.878845 168.34671 21.355103 21.29892
0 514.568909 626.378235 23.561615 22.281128
0 506.845032 362.308899 34.269775 32.575806
0 520.403503 207.653885 30.677338 26.935791
0 411.175354 401.969208 31.704407 29.141907
0 213.744797 351.047211 33.283783 31.569519
0 453.459686 374.685608 23.208008 21.954529
0 505.201843 401.307373 26.492584 25.973145
0 288.002991 287.073853 21.126099 21.042664
0 298.130096 447.689758 44.583313 43.804688
0 322.22403 436.118866 20.38208 20.389893
0 628.634155 35.010765 22.73175 25.711189
0 447.41156 394.250061 27.785339 26.733643
0 394.686707 470.864624 23.881226 22.977539
0 491.919708 416.611664 20.247864 18.628296
0 227.759399 294.724274 29.580902 27.434021
0 324.72937 215.723755 26.231812 23.817291
0 375.645447 401.409241 22.541626 22.22345
0 610.8797 23.094042 23.254761 23.354595
0 558.370239 392.266754 27.085083 24.10614
0 235.689392 442.5383 25.074707 24.79126
0 310.895233 373.561371 21.089966 22.981262
0 61.65873 455.742462 28.665787 23.485229
0 350.614044 408.147797 23.820435 22.603821
0 197.293488 633.604736 29.366699 12.790466
0 245.418518 5.719598 22.698715 11.439196
0 562.831177 183.141861 20.193481 19.794647
0 511.015991 312.77774 19.332764 18.200562
0 329.491943 433.019348 26.227722 22.794678
0 482.766052 111.069122 23.792786 23.208893
0 297.902344 385.759003 19.244629 18.51355
0 277.991089 315.009766 30.072815 27.26532
0 520.909851 418.572601 20.517609 18.71521
0 114.966064 627.152222 32.66198 24.489624
0 217.469147 415.111023 26.310486 28.203064
0 79.08149 135.717789 22.418457 22.299133
0 313.522278 258.748718 20.374451 19.915665
0 262.894836 171.391235 21.473953 21.904083
0 336.754547 427.593628 21.892273 22.284729
0 251.542877 324.136932 33.302567 28.421143
0 176.014328 199.429428 21.76239 20.255127
0 73.721382 291.157959 21.961071 21.255127
0 398.691956 574.562195 23.002747 21.863525
0 114.260696 486.954895 18.800629 18.475586
0 542.875916 187.522095 20.250977 17.587402
0 262.002625 443.667572 24.356262 23.705505
0 298.30838 425.469116 27.926941 23.007996
0 566.402893 175.897491 24.20105 23.986145
0 38.598461 617.253967 20.341133 19.53894
0 51.654625 431.077881 19.854866 16.451721
0 306.154114 379.920135 26.084351 23.743835
