0 581.353638 329.148529 87.579712 85.342773
0 283.368164 86.346245 45.805908 41.281967
0 371.278961 395.276886 35.794983 35.587524
0 127.253677 36.456024 87.223 72.912048
0 399.223999 434.271973 85.8172 80.708801
0 101.782036 306.312134 30.852371 28.470703
0 392.766388 363.575806 36.983215 33.460571
0 135.296295 192.014481 28.066711 26.315704
0 379.944183 569.703247 85.847229 77.443359
0 264.100983 551.520203 28.532608 25.80896
0 408.934204 203.547531 24.978455 23.420624
0 175.026245 325.685181 27.749847 28.318909
0 324.181732 303.900848 30.802124 28.484863
0 13.538828 25.763077 26.669552 26.74341
0 329.122101 360.946228 32.302246 33.88855
0 251.106232 47.86657 37.245682 33.004715
0 499.441772 254.45575 31.238678 28.376099
0 398.164459 9.360682 27.387085 18.721363
0 435.733032 577.487305 32.590942 29.41394
0 261.176727 275.736572 38.286987 34.124451
0 68.420654 373.022552 52.299866 44.611938
0 67.594566 341.428345 32.098877 30.15509
0 33.603874 387.924591 20.937202 20.647949
0 600.815247 474.320221 43.001709 36.358215
0 76.567162 215.949142 25.080231 22.265045
0 213.678909 201.245804 21.962982 21.305511
0 613.099854 266.47229 27.457397 22.008606
0 134.15979 416.126221 74.08963 66.117676
0 571.684387 429.264862 132.287811 124.614746
0 106.131927 121.029938 53.742615 42.762482
0 462.98468 438.459137 47.582031 43.782349
0 406.651611 131.056427 26.011414 24.074799
0 398.236359 280.846313 38.170898 36.935974
0 246.325775 249.001724 34.695328 31.217194
0 464.794647 94.422745 22.222168 19.676102
0 95.684654 178.086304 25.110168 22.569946
0 453.50946 278.670898 21.512695 20.185364
0 289.081421 52.866302 26.648621 24.122257
0 211.735107 330.654816 30.355713 27.656921
0 63.806145 103.327339 25.877026 26.112366
0 370.424744 524.605103 36.798645 34.099152
0 77.807991 511.073364 155.615982 184.822357
0 304.968903 6.446512 24.269043 12.893024
0 457.177277 405.941437 31.52478 28.471924
0 53.09185 198.022522 19.234383 19.116089
0 407.518463 516.310303 22.9505 20.826416
0 615.51178 627.612549 24.79541 21.351685
0 153.671997 308.58902 23.441132 23.916016
0 494.985443 488.756165 51.234558 44.33252
0 287.328949 486.013519 23.508118 22.376099
0 450.550476 522.088562 46.93512 41.958374
0 113.047897 386.261902 24.178604 23.508667
0 267.295135 8.721251 49.218628 17.442501
0 73.999786 438.425812 30.097134 24.884338
0 197.64978 465.955444 60.597748 54.905945
0 78.316727 258.255829 18.027008 17.017578
