0 139.508575 440.217407 47.894753 42.270874
0 545.158447 437.757538 27.360718 24.44574
0 213.730408 237.982544 33.522827 28.484375
0 274.92868 104.204659 81.257874 72.562912
0 456.59671 165.967819 100.64801 78.674713
0 599.275696 457.239838 24.720825 24.553467
0 277.686127 633.116638 23.070435 13.766724
0 581.291016 149.021301 35.66687 32.033203
0 145.606018 41.27935 273.968445 74.740952
0 94.492279 579.793945 90.409294 76.353149
0 305.113312 347.664856 32.782959 30.019897
0 604.63092 133.538406 33.069946 26.660553
0 43.488861 389.431641 69.426315 63.28772
0 586.888123 481.217438 24.133057 21.876587
0 78.654358 537.539246 72.268265 61.801636
0 597.718384 355.74649 42.898193 37.059753
0 620.397217 310.791687 31.97583 29.625732
0 603.218933 277.401794 41.801636 36.749573
0 420.711304 263.577484 71.63269 63.18396
