0 241.213516 388.449188 62.205902 59.304138
0 123.562073 30.160744 34.291718 33.801346
0 627.613037 74.269341 24.773987 29.526226
0 375.466705 412.088135 28.750732 26.867554
0 454.310852 382.276978 28.685242 27.084534
0 619.083374 576.781738 41.833313 47.217651
0 417.631989 410.620758 29.875488 27.605652
0 562.235107 194.657272 18.755859 17.832947
0 500.523865 581.463501 21.799683 21.000488
0 419.35379 568.291565 106.231018 86.772461
0 64.532074 568.003418 21.422276 19.369873
0 539.512695 397.163849 36.367188 33.157654
0 72.744797 32.086922 21.57465 19.943817
0 399.155548 65.002998 22.505005 20.741726
0 417.272034 456.584198 36.429443 35.175903
0 417.584808 438.237793 34.980957 28.072571
0 479.755096 393.988464 27.58197 25.776855
0 376.417206 309.474731 32.268372 27.418884
0 93.034218 378.325867 30.835159 32.359436
0 305.395905 412.665222 75.866211 74.648804
0 394.290405 91.389771 24.707336 24.437256
0 239.135895 161.799179 18.686951 18.959015
0 434.068848 559.298218 15.789856 15.602783
0 551.708679 628.590027 33.092163 22.819946
0 415.907043 187.763535 119.221313 108.193939
0 47.058346 322.980286 30.083733 28.812927
0 135.52092 139.067657 17.900421 17.440704
