0 342.506989 45.506836 92.828796 83.611877
0 520.888733 207.386932 87.297333 94.681091
0 139.463318 121.815659 23.242004 22.783531
0 239.637756 221.303696 37.076126 35.942383
0 144.675644 317.138458 142.962921 140.874069
0 608.702942 124.813751 21.784302 21.573029
0 257.547729 134.899109 16.145996 15.75177
0 545.294617 268.86441 18.748291 18.063171
0 585.724609 295.572815 25.856812 23.160522
0 612.485229 47.772972 53.697632 87.898071
0 575.997253 56.67347 27.918579 30.008312
0 63.733536 551.582886 31.64098 29.404053
0 6.952514 77.947411 13.905028 18.179657
0 543.167114 29.783272 32.336426 31.147667
0 504.177795 300.082916 21.40921 22.194092
0 147.195328 404.299866 19.475433 20.418457
0 310.510895 396.883545 22.314941 19.953918
0 102.771423 374.152802 49.203232 46.837341
