0 419.122528 456.477692 104.518494 94.82196
0 551.20929 343.584961 27.668701 26.724182
0 327.986969 159.60408 82.275757 78.040184
0 307.160797 512.576477 34.94104 33.672729
0 80.666565 113.118439 161.33313 224.921814
0 84.358498 285.489746 26.72644 24.330261
0 286.644318 411.232544 24.842346 23.818665
0 382.723755 556.189941 32.335083 30.460327
0 478.878326 617.630188 28.56958 27.18042
0 519.223328 157.952087 196.309326 195.881165
0 315.099365 608.710754 27.727234 25.349487
0 473.360199 39.728817 65.052551 53.699287
0 556.0578 434.468628 23.407104 21.319275
0 631.459351 514.442505 17.081238 22.394653
0 467.630219 495.980408 28.032227 23.788757
0 577.524292 418.283691 25.80127 23.563721
0 632.340698 572.610535 15.318542 21.380005
0 494.947327 491.907288 26.798889 26.755432
0 576.729126 548.387878 27.676636 25.881714
0 632.522583 289.959167 14.954773 21.666016
0 476.559265 342.495972 124.891479 96.971436
0 169.233337 606.919617 24.970184 21.503784
0 585.500977 309.996857 108.997986 107.039551
0 557.610352 415.071472 21.955566 19.33075
0 587.602051 496.192108 20.867798 18.690247
0 602.643127 394.982727 22.323975 20.430786
0 459.751923 589.171753 20.743042 18.511353
0 602.880798 349.404327 21.619141 20.837463
0 472.487885 542.864624 22.663757 19.597412
0 293.890472 79.602203 50.852356 43.989349
0 354.398346 102.127884 46.64386 44.67099
0 374.013031 527.74707 21.64325 22.0
0 171.787903 16.145281 28.911224 25.79752
0 328.456177 34.781487 33.993408 31.079451
0 390.830505 214.79097 65.442749 65.046722
0 383.79483 573.909058 26.583984 23.963501
0 169.864609 521.927246 98.592773 89.350983
0 436.948761 86.309067 26.370178 23.842163
0 552.948853 473.929413 19.935669 18.408691
0 622.116394 447.389008 20.894775 19.775696
0 61.640091 378.33902 18.446274 16.951599
