0 337.243317 91.439857 57.159119 45.447128
0 297.10553 31.65139 106.365219 63.30278
0 386.654877 451.379517 34.710449 34.295105
0 573.268188 522.041443 32.296997 28.882935
0 556.233704 10.880348 30.108398 21.760696
0 123.021057 528.784119 44.191071 42.481812
0 200.407166 240.084091 22.522156 19.875824
0 448.535309 613.00592 24.065918 21.501587
0 514.758179 174.850189 27.389893 24.812592
0 226.017471 399.834015 38.942322 33.926575
0 139.896042 582.023499 30.29892 26.029053
0 265.920929 210.589783 50.194992 42.458191
0 467.203033 108.125214 26.426697 23.932739
0 580.380066 374.282959 119.045654 242.444336
0 151.709671 372.837433 25.481384 23.8078
0 73.443192 462.108765 42.262711 37.328857
0 507.844421 8.969923 26.120697 17.939846
0 266.152466 500.606689 119.595947 104.279663
0 186.116547 42.736168 52.033813 47.703232
0 274.714783 153.689713 60.642868 52.798584
0 439.083069 234.866806 153.624908 128.044952
0 578.059998 212.643066 120.961182 115.934265
0 205.242752 262.207916 33.016449 29.340088
0 327.396759 167.687103 47.805603 41.342987
0 50.104469 545.602722 88.566483 83.958405
0 433.215454 121.156265 138.851318 114.705292
0 339.435333 499.542969 20.188843 17.935791
0 635.132324 43.560207 9.735291 29.424423
0 189.26886 168.73172 49.329956 45.561707
0 547.602295 109.275574 42.891479 39.528778
0 360.881561 619.00116 38.049072 30.217651
0 197.204651 554.394897 35.970001 33.191284
0 6.745129 480.497742 13.490257 27.871582
0 432.002472 291.735443 46.772583 43.066528
0 263.439301 256.470856 22.227646 20.076248
0 353.803253 485.407867 21.753967 22.933411
0 242.534012 179.461288 21.630676 22.201477
0 314.175232 582.682556 27.281616 23.746826
0 107.894463 563.266418 44.682602 43.827148
0 154.119415 616.011108 40.024475 35.516113
0 339.614349 34.316826 30.851379 26.481142
0 420.323792 632.728638 26.824402 14.542786
0 565.59137 150.097961 44.192627 36.132385
0 318.219604 317.523529 35.636292 32.738586
0 329.857513 206.276642 69.802429 61.338409
0 335.201508 240.994858 49.973328 42.081879
