0 316.062775 70.277657 47.262817 41.530579
0 10.300158 319.147491 20.600315 24.88446
0 64.544823 206.218964 22.355392 20.659973
0 201.119705 92.983749 22.04599 22.720154
0 306.968079 103.283432 44.206909 38.943451
0 177.167755 623.230286 38.053223 31.220337
0 300.672699 136.058899 39.085022 35.749916
0 323.044403 44.497505 26.578125 22.664001
0 299.264709 161.005539 22.588074 21.612274
0 248.89566 455.527832 38.823227 33.507141
0 219.656403 70.990021 17.053375 16.009567
0 299.00238 147.636261 31.993713 37.8479
