0 161.870972 434.770081 67.472687 64.607788
0 415.344574 284.243927 34.904297 33.69519
0 193.777588 242.573776 37.520081 34.68808
0 451.381775 292.947144 30.396912 28.692749
0 30.468239 520.242554 60.936478 118.336792
0 411.249847 457.174133 19.251526 18.837524
0 75.595596 153.532776 24.573154 22.455963
0 203.522491 208.651276 29.550446 29.684174
0 512.213135 215.471146 21.797729 20.523804
0 455.06369 617.089539 47.139404 42.250122
0 170.848022 541.355652 321.547485 186.14856
0 629.884094 222.850266 20.231812 40.67923
0 11.879499 610.534851 23.546356 58.930298
0 267.183075 337.423828 57.979141 63.909851
0 236.274765 160.854874 22.234283 20.548492
0 521.5979 44.735344 38.633789 32.664291
0 594.23938 603.548035 91.521301 72.227051
0 578.305664 330.401428 20.109497 18.990845
