0 246.576859 275.692047 39.839508 35.847839
0 71.526138 496.524658 67.054565 62.302277
0 131.173035 262.419952 35.21109 33.082886
0 250.345978 241.222763 31.67395 25.719788
0 159.594254 300.067413 29.978668 28.426514
0 208.66745 579.134338 23.38678 23.046265
0 368.678467 341.105469 24.471985 23.146118
0 352.71991 526.799133 21.959778 20.876953
0 103.184311 347.497681 26.955978 26.224609
0 67.232224 289.854919 28.880432 26.163513
0 322.402069 413.681519 38.256653 35.746704
0 451.215515 108.30275 23.952454 21.265503
0 531.960388 374.031921 71.739166 64.176392
0 293.95224 510.849609 18.028381 17.004913
0 551.168396 526.114929 18.556885 17.24646
0 95.774925 378.492035 32.03688 29.751465
0 310.918579 318.623566 19.58783 18.644592
0 257.352753 33.811874 19.880676 17.981627
0 410.58255 508.706726 53.313782 47.144806
0 531.299377 530.009644 20.178467 16.054932
0 258.802826 334.89975 20.156509 18.986084
0 14.376004 614.127441 20.615187 18.43811
0 5.646443 22.879055 11.292887 20.956627
0 7.264136 48.675953 14.383268 21.119202
0 170.157104 483.598206 18.655792 18.392639
0 414.139374 588.491516 18.404419 17.171021
0 73.182472 407.405365 26.76379 25.459656
0 82.302353 437.542297 32.864517 31.085144
0 522.92688 415.322937 20.572266 18.504883
0 13.122991 394.335175 23.720026 26.245361
