0 228.888306 559.441284 149.204117 132.941406
0 126.664398 317.219635 35.476036 39.068665
0 154.639236 481.309937 70.045448 61.499756
0 478.415436 266.505737 34.011658 31.089035
0 596.722046 209.623474 86.555847 86.347351
0 256.102966 410.066864 49.863144 43.393921
0 295.930817 493.665283 52.479431 50.733521
0 421.273193 537.943848 44.715088 41.594116
0 463.598053 154.706268 37.320557 37.790497
0 18.363548 503.802917 36.727097 44.600922
0 211.364609 403.625397 55.907013 49.453735
0 570.61377 564.941833 136.679321 150.116364
0 368.733643 508.428955 24.70813 22.314789
0 143.978928 451.697754 27.618317 25.282837
0 157.249161 125.134933 22.225891 20.941162
0 404.026001 621.979736 52.850403 36.040588
0 177.754974 261.15918 21.933136 21.732727
0 325.688019 157.870804 36.905884 34.211884
0 88.607864 394.71167 28.610748 27.57373
0 117.91629 436.645081 41.013641 39.525513
0 56.668419 453.567322 25.951126 24.31427
0 450.01651 129.921997 22.141235 20.158112
0 568.837891 10.079913 22.079224 20.159826
0 327.2883 478.169037 24.544617 22.972839
0 116.695305 223.889618 72.709305 67.970718
0 22.349976 567.839661 24.243126 21.553345
0 155.141891 415.238159 47.471436 43.784607
0 185.8871 144.923737 20.923584 19.218781
0 73.906883 630.023193 58.177197 19.097168
0 433.376007 335.213226 24.586609 22.794434
0 294.693634 623.789551 21.772888 20.699829
0 488.80188 593.041077 23.975891 23.36499
0 162.561493 393.313629 45.466797 34.743835
0 320.848755 380.311371 82.716919 71.01239
0 248.456573 623.401611 22.233047 20.202881
0 263.439911 15.179345 34.378845 28.440199
0 93.638748 416.806427 23.476089 20.706299
0 242.912827 371.785889 63.29538 50.385864
0 374.107605 566.461121 25.643188 23.098877
0 395.901123 276.855225 27.636963 25.895447
0 188.633652 430.590607 33.610657 29.446045
0 386.682892 55.309418 25.480103 21.632877
0 17.812452 62.053288 35.624905 56.075096
0 337.53952 445.122772 66.945129 61.608521
0 329.199402 285.995575 30.088562 26.68042
0 536.494141 278.251801 164.609039 127.581848
0 55.138302 380.374329 30.206673 28.724365
0 262.022247 490.289429 24.770508 23.031189
0 596.187317 139.433044 48.230713 44.723633
0 33.343803 245.53894 33.818146 32.812454
