0 587.113159 195.49826 105.773743 114.996613
0 139.454102 517.353394 131.411377 124.436401
0 164.249207 426.235382 45.341858 40.828003
0 330.706146 47.88295 40.076843 39.147232
0 223.440765 28.532568 34.951813 36.59724
0 320.102386 364.53183 115.596558 98.681458
0 314.139648 277.08075 39.254578 37.264954
0 553.632996 535.443115 26.489014 25.273682
0 192.271759 290.501373 65.184082 65.901672
0 401.584229 614.494385 108.125793 50.187134
0 192.010284 91.103996 76.762665 76.531296
0 103.014526 232.143738 112.029144 95.385925
0 152.405365 167.61998 133.392029 110.757477
0 397.752594 317.553894 24.144287 22.610596
0 238.050079 223.445389 63.828903 57.727692
0 523.281433 292.249817 33.421417 31.915833
0 426.236206 161.166901 28.0354 26.403076
0 211.231033 53.787201 27.898468 24.906765
0 564.085938 628.916504 30.745605 21.464478
0 247.72084 454.977356 67.440826 67.091064
0 39.204266 80.635414 24.618599 25.234787
0 137.264786 323.365082 21.265038 20.805481
0 339.287842 355.390503 20.992676 20.650879
0 272.378479 115.246796 23.171936 21.85582
0 119.890198 124.034256 27.629456 25.031067
0 524.448364 127.300156 125.176666 97.095428
0 605.486694 338.367981 65.494507 117.789978
0 59.939262 591.770996 119.878525 96.457947
0 498.198273 632.929443 25.496643 14.141174
0 232.497147 179.812027 39.253387 38.380737
0 565.578613 312.473694 72.880981 76.056458
0 271.155731 472.740601 17.852356 18.79071
0 362.140533 246.457642 93.924744 83.278076
0 386.634033 523.006958 120.296692 111.89389
0 351.248444 71.9674 36.677124 29.662823
0 385.025574 73.79496 31.424683 26.038998
0 65.746422 531.085327 81.648758 77.54953
0 584.78894 549.026184 16.368408 14.645752
0 547.791382 86.043236 21.712158 19.16713
0 115.378372 14.512218 18.595703 16.498123
0 513.780151 254.421326 114.714966 101.717056
0 41.317764 178.980988 82.635529 88.670471
0 265.134857 407.264954 37.563232 32.877991
0 548.47522 517.706909 15.846313 13.522583
0 493.957336 501.142578 41.559082 39.426605
0 299.593079 6.542222 19.85144 12.508566
0 486.947937 427.787079 27.383484 23.906311
0 214.12088 384.069672 30.447876 28.334961
0 204.694641 134.572189 17.731781 17.819977
0 231.124374 195.713303 38.0224 31.41684
0 531.468933 333.930756 18.079834 17.980408
0 599.38855 107.552925 45.212769 36.983276
0 58.345238 112.867889 100.251114 87.734528
0 471.521942 626.43103 42.206604 27.138
0 15.470398 131.967438 30.940796 33.251862
0 274.528107 188.234512 19.749756 17.407532
