0 603.652649 213.243774 67.598755 56.981201
0 536.610474 117.417191 69.071075 64.1521
0 393.683228 114.447922 47.622498 44.246956
0 91.702942 453.609161 183.085083 183.746887
0 497.6828 302.61203 102.001221 87.351562
0 425.527161 295.06485 35.122437 29.362122
0 192.537628 233.264465 29.730652 27.107819
0 236.055603 558.469177 42.894226 33.058472
0 358.76416 102.754944 28.244202 25.781082
0 511.231201 176.682449 80.828888 69.280914
0 493.900055 69.248466 36.919861 30.7103
0 167.993164 284.994415 30.923981 25.868469
0 40.24419 225.081223 59.251305 53.045044
0 46.279564 142.26741 30.390419 26.249542
0 578.814941 386.623596 21.156128 20.128174
0 225.507538 587.241333 47.241699 37.325195
0 522.66449 68.424232 24.333893 22.203812
0 274.950836 281.227356 21.286255 17.975098
0 240.559937 350.929901 22.609741 21.366028
0 546.233582 464.735626 49.793945 42.924622
0 104.714607 263.809906 41.90538 33.652344
0 616.71106 558.296997 35.554443 34.684448
0 476.7005 548.401611 73.873016 67.018921
0 507.843079 615.215576 74.230225 49.568787
0 473.931976 229.137207 65.908813 59.184631
0 627.538818 412.392578 24.922302 55.312134
0 444.752014 192.668076 59.848389 52.291046
0 276.848267 334.486847 18.672607 16.609741
0 604.428223 336.375244 71.143555 85.289185
0 603.346191 89.016586 22.058716 18.79686
0 537.62384 84.230278 23.954956 20.303802
0 394.341248 598.757812 40.267517 32.675415
0 170.830948 605.119202 31.733093 28.761841
0 394.369354 626.900024 64.904053 26.19989
0 4.945211 306.592651 9.890423 27.69165
0 188.618622 40.381138 17.853058 16.197052
0 397.422241 222.132568 92.128601 62.332886
0 365.997711 575.940491 50.380859 43.014526
0 336.095245 469.204224 26.810059 22.944458
0 389.045471 140.582092 36.275757 26.897583
0 468.007538 538.050781 49.542603 44.852661
0 622.690125 31.296421 22.765259 20.872009
0 142.344604 557.796875 33.755402 28.631714
0 213.238251 479.954468 58.713226 52.068848
0 395.725403 169.844101 51.651611 43.640869
