0 21.436462 208.178177 39.904831 34.068512
0 348.48291 553.666565 32.987549 29.564209
0 103.019913 377.048187 35.052704 30.947083
0 341.898102 32.869629 30.036133 25.93358
0 503.494507 316.296814 28.298981 25.915894
0 431.656006 540.093262 35.825928 32.081543
0 376.299774 525.738586 27.852661 22.617188
0 334.818481 55.556793 24.43158 23.216843
0 162.192291 436.72876 22.588074 20.885376
0 32.45163 337.24472 24.401459 22.988586
0 82.314529 310.802643 25.042419 22.136658
0 269.802917 8.944191 26.577942 17.888382
0 481.525299 545.150574 26.667664 24.117798
0 576.563293 259.583649 20.834839 20.214417
0 569.89624 177.59906 91.87439 90.693817
0 365.626434 100.177933 28.641235 26.970078
0 20.014023 60.898167 33.059387 30.904503
0 432.69046 619.929443 86.272461 40.141052
0 49.861755 282.375 45.33762 38.849915
0 36.122208 600.329956 70.473251 79.340027
0 4.246309 318.963074 8.492618 21.148438
0 93.752449 402.33609 19.548294 18.452332
0 535.350708 369.45401 100.75351 90.716614
0 348.22641 423.530151 58.677002 49.201416
0 261.060608 140.665283 19.399857 17.857635
