0 620.585083 466.645844 38.829773 46.839111
0 68.699142 138.164719 30.706985 27.883598
0 526.181702 182.198624 28.684692 25.496124
0 299.961365 249.091141 43.001953 35.472931
0 39.181831 34.837578 45.349304 40.547302
0 449.966644 539.259827 28.117249 25.682373
0 16.738377 70.432892 30.122292 27.508053
0 363.464111 405.954193 121.201599 115.637878
0 123.887337 33.952351 40.181442 37.058685
0 35.156223 197.569519 27.804489 26.072021
0 569.15918 268.051086 22.821289 22.377625
0 185.050156 80.403946 32.41684 30.019501
0 599.879578 571.990356 24.803467 23.064331
0 59.95496 165.684067 31.00843 26.880371
0 65.829597 321.711884 24.492382 23.17395
0 461.111389 553.777039 25.276978 21.423584
0 63.404552 404.57196 24.765205 23.672302
0 294.411133 192.942505 73.946716 70.485931
0 409.803345 470.646576 36.510071 29.416687
0 500.409119 316.631622 25.447998 20.405396
0 45.188049 73.854797 31.201538 26.613831
0 91.099693 59.819611 34.239594 29.639225
0 485.014801 424.538757 22.734131 20.0755
0 117.600105 82.345322 28.735245 25.813431
0 486.104858 593.09845 20.739868 19.182495
0 243.927521 140.260834 64.101074 55.389404
0 140.894562 29.570564 146.621948 59.141129
0 32.612869 7.037597 23.383715 14.075193
0 590.778015 262.86731 19.46582 18.033035
0 104.289421 493.792969 21.74881 22.103516
0 68.540482 428.611694 23.547363 19.718323
0 437.534821 631.432251 18.973328 15.49707
0 220.671692 369.868561 18.567902 17.670715
0 565.939026 299.533295 25.159912 21.859192
0 168.730652 505.638672 19.804932 18.669647
0 225.713959 374.155029 26.620178 23.014465
0 631.194153 192.43721 17.611694 34.725342
0 205.55246 267.133484 20.340302 17.854919
0 233.362762 377.828522 24.679535 23.041504
0 40.509377 65.137032 36.947586 30.770874
0 465.554504 128.518143 35.970276 31.987823
0 627.870544 46.016037 24.258911 37.824966
0 126.181961 157.961349 18.419525 17.722351
