0 562.967407 242.643707 51.925537 49.179855
0 483.302338 45.215576 41.729065 39.203247
0 295.726837 477.855316 50.388123 47.938904
0 582.672485 469.716614 32.514282 28.022156
0 169.635559 300.594177 57.191559 57.056274
0 533.232361 473.327332 24.98877 24.059265
0 435.927399 246.555115 48.739441 47.338547
0 189.752075 467.035522 27.43454 26.672119
0 621.593933 47.734665 29.2052 26.655472
0 289.988556 403.901428 62.587585 59.184265
0 373.939209 228.36174 30.086426 28.521912
0 370.639648 532.132812 55.120056 50.397125
0 425.162811 206.373779 38.805542 36.653137
0 378.806183 172.678543 29.917664 27.218384
0 383.565033 354.428345 53.598633 49.063721
0 597.631104 71.493103 26.753418 24.280949
0 574.309387 130.897476 32.444946 30.201843
0 315.764343 559.080566 48.444946 43.069702
0 457.698364 565.534485 26.536072 25.552246
0 611.420593 95.077682 25.998047 24.388428
0 536.523804 58.924088 21.177612 20.321186
0 535.80304 332.291107 29.668335 29.44458
0 502.555237 115.028641 35.150848 30.046295
0 623.269714 71.373398 21.226196 21.211807
0 47.376865 600.439697 30.338898 29.472778
0 216.382599 463.991028 29.070984 26.325195
0 214.596786 548.991699 26.268951 25.321899
0 324.15033 360.608826 72.272461 62.908752
0 577.412842 266.740021 28.912354 26.268555
0 173.832367 353.172546 19.855682 17.99231
0 397.278168 513.678772 22.162903 21.234955
0 493.956451 116.762177 16.998169 18.098206
0 533.614563 124.965393 24.594971 23.67395
0 202.285583 45.821442 86.110168 80.979248
0 412.119904 271.010986 19.325745 18.280518
0 6.113469 590.593567 12.226938 30.325928
0 502.548767 623.499146 21.292358 19.739624
