0 610.806519 536.265198 58.386963 59.390015
0 354.704163 259.166779 29.257751 27.173889
0 129.154495 544.851257 41.948921 39.328369
0 211.720093 468.675598 28.098938 26.841187
0 135.828781 423.109467 27.301056 24.994019
0 64.574783 378.48703 25.587494 23.407043
0 399.808929 617.139343 26.658447 24.035156
0 40.809959 393.611023 26.283958 23.095093
0 419.191833 109.938225 20.24115 20.998764
0 113.96254 401.666809 26.275925 23.103516
0 56.910019 358.427002 25.089645 23.216736
0 502.880127 618.551819 105.25943 42.339966
0 33.221653 531.396179 32.674568 34.163574
0 35.925323 443.69632 23.785431 21.100037
0 135.136932 124.907867 22.733978 20.267204
0 265.289917 140.991074 40.548462 37.762184
0 335.937653 309.573975 38.685303 33.194458
0 157.939896 535.42804 22.238617 20.282471
0 359.664856 327.53244 23.968201 21.380127
0 264.220886 360.36615 22.445801 19.772583
0 330.120056 273.726379 20.260498 18.165833
0 88.763161 28.157116 23.649628 19.828964
0 132.146072 113.633736 25.983063 21.599792
0 173.889389 617.918945 66.851593 43.38501
0 20.634979 122.202789 32.93454 32.637299
0 123.731911 445.092438 21.560165 19.663025
0 373.831665 406.262207 25.947876 25.851624
0 162.291351 261.648895 22.198303 19.28363
0 207.376831 503.78363 21.8461 18.871094
0 577.141907 7.192391 21.880127 14.384783
0 512.702393 244.555069 21.44519 18.40918
0 380.625336 432.524261 37.318115 35.754395
0 34.590397 490.003082 41.32827 37.746399
0 15.053562 256.782745 23.468758 21.207214
0 519.736572 235.222702 20.922974 17.325806
0 282.005188 52.919594 36.510193 33.233997
