0 493.362854 613.127441 74.800568 53.745056
0 340.770538 327.624512 26.998718 26.013
0 264.837524 21.696636 47.896301 43.393272
0 463.628906 265.257233 46.438171 43.545395
0 538.397522 407.002747 174.331299 153.215881
0 431.545868 582.114685 25.493469 24.467407
0 448.509094 105.416084 21.781555 20.477722
0 100.160858 288.755249 21.725632 21.647949
0 184.74913 492.963013 25.179474 23.696045
0 43.676208 177.763412 87.352417 99.454071
0 400.02417 537.203918 20.664429 18.712036
0 228.78064 394.355042 31.210205 28.718201
0 323.119354 603.716553 18.642639 15.958496
0 516.190125 146.642136 68.345428 62.967659
0 568.628479 621.786743 81.059204 35.349365
0 220.71344 339.215149 31.417725 31.614319
