0 243.892822 587.946716 40.895035 41.088867
0 31.708889 270.957031 28.204901 25.683716
0 220.877609 150.991989 35.421478 34.210541
0 241.659653 327.498993 24.095825 22.407471
0 197.878174 47.531116 22.974396 21.611382
0 424.651733 537.837036 19.18158 18.557129
0 158.738037 627.376526 35.823456 23.082153
0 591.938599 402.156128 19.345947 19.079651
0 487.221252 175.468719 23.80072 22.364258
0 547.516785 104.785339 40.409058 42.912949
0 597.887817 184.185425 19.371826 18.720093
0 176.501892 393.92923 32.262085 28.184387
0 426.68811 479.583771 19.015869 17.449219
0 226.543488 165.946854 31.93869 22.814026
0 550.808167 214.332535 32.256836 28.95517
