0 294.317017 70.602936 35.182434 29.24382
0 296.166626 300.154907 23.593933 24.044067
0 71.080093 255.526855 26.650482 22.557816
0 64.539749 630.146118 27.797207 18.053711
0 299.406525 599.869019 17.641296 15.444458
0 557.341431 28.903955 30.138916 27.642223
0 283.404999 554.691223 24.707275 18.87146
0 341.224518 408.750153 32.908386 29.600586
0 304.94165 321.291656 33.876343 27.097534
0 609.444397 89.509888 25.16272 20.821136
0 360.290558 8.311018 27.7229 16.622036
0 328.868439 261.463959 25.686829 23.881287
0 132.14978 345.25589 57.896606 50.7854
0 606.975769 74.784103 21.741821 18.31601
0 567.646667 78.288834 18.266357 17.654602
0 264.458313 9.653061 51.209717 19.040676
0 381.527527 303.067749 51.927307 48.225098
