0 369.039764 600.276489 95.311401 79.447083
0 49.812317 407.986176 38.808685 39.278992
0 138.728088 231.637115 177.36908 182.245361
0 100.174133 240.80365 59.755898 58.50238
0 184.134888 448.325073 61.395447 60.225586
0 462.809875 63.895023 262.028076 124.277473
0 404.438904 161.63414 89.341187 82.760254
0 563.496521 542.847717 120.669067 126.905151
0 553.22821 358.377197 23.469482 22.943298
0 613.177063 631.581604 26.111328 16.836792
0 579.623169 229.484406 120.206909 259.196655
0 473.403809 630.215332 26.900269 19.569397
0 386.578339 433.418213 22.921631 20.954468
0 307.740601 16.899139 29.223083 23.100632
0 113.232117 235.270721 106.296143 95.306992
0 568.254578 444.256592 66.689453 70.933716
0 519.91272 623.110596 65.733765 33.40918
0 73.783142 8.568789 45.705139 17.137577
0 476.190186 385.723938 21.710754 21.335388
0 265.881592 183.559677 21.021667 20.612457
0 152.110779 434.403503 18.97345 19.252991
0 25.558132 7.988573 39.46566 15.977145
0 259.702271 352.546997 22.642334 19.418457
0 385.336945 531.128174 23.976685 23.207886
0 448.633972 545.543518 143.819336 141.758423
0 457.591309 536.567505 20.198486 19.513062
0 483.036133 227.184738 22.929138 21.23822
0 589.163513 445.686737 101.672974 110.136902
0 345.822906 86.499741 21.46344 19.206894
0 314.1651 198.966858 37.335266 32.517731
0 124.191895 56.922607 35.756554 30.871799
0 455.323547 208.725082 26.718201 25.057159
0 269.076691 612.796509 152.084229 53.655396
