0 375.101685 133.122238 31.306702 24.898979
0 548.063293 223.488449 34.893188 26.250061
0 295.649261 363.734619 37.227844 25.561157
0 41.727131 411.067902 46.167442 35.510437
0 383.194214 379.276367 27.498474 23.161377
0 407.812714 172.324005 33.296631 24.419556
0 45.756847 322.155609 91.513695 185.139404
0 118.71199 338.630798 48.778748 38.828918
0 538.809509 185.682541 24.466553 20.169189
0 546.596863 426.715027 33.965454 28.901489
0 456.776154 350.372589 27.435181 21.398254
0 607.840698 71.761299 62.770386 97.981918
0 193.442108 476.664154 44.110779 37.362732
0 122.448044 404.216827 29.745888 24.302429
0 36.498688 501.187561 37.840813 22.892334
0 452.383087 105.36496 23.230957 18.535721
0 391.927979 495.713867 65.564331 35.516113
0 80.157036 122.491776 23.543793 20.687401
0 36.297115 329.722595 19.389572 16.847473
0 38.87616 326.422302 69.932343 102.616211
0 124.573837 4.968773 22.273491 9.483862
0 257.571289 492.684998 80.35231 38.892609
0 464.665222 12.479809 35.089722 24.959618
0 446.314484 432.825073 94.661072 86.173462
0 209.325806 415.492035 43.058777 37.767212
0 153.916489 390.659821 24.460297 20.275879
